  0.00E+00  9.00000E+00  6.50000E-04  2.00000E-05  6.97842E-04  1.40583E-04
  0.00E+00  6.00000E+00  6.50000E-04  2.00000E-05  6.89911E-04  1.36095E-04
  0.00E+00  5.00000E+00  6.50000E-04  2.00000E-05  6.85918E-04  1.33825E-04
  0.00E+00  4.00000E+00  6.50000E-04  2.00000E-05  6.83927E-04  1.32693E-04
  0.00E+00  4.00000E+00  6.50000E-04  2.00000E-05  6.82930E-04  1.32129E-04
  0.00E+00  4.00000E+00  6.50000E-04  2.00000E-05  6.82431E-04  1.31847E-04
  0.00E+00  3.00000E+00  6.50000E-04  2.00000E-05  6.82182E-04  1.31707E-04
  0.00E+00  3.00000E+00  6.50000E-04  2.00000E-05  6.82057E-04  1.31637E-04
  0.00E+00  2.00000E+00  6.50000E-04  2.00000E-05  6.81994E-04  1.31602E-04
  0.00E+00  2.00000E+00  6.50000E-04  2.00000E-05  6.81963E-04  1.31584E-04
