   5.4830592601329808e-01  -4.6535284901988688e-04 
   5.4834442609718792e-01  -9.6925743834882800e-03 
   5.4844520532853247e-01  -1.8968925697750785e-02 
   5.4860289289244690e-01  -2.8294097600597763e-02 
   5.4881211797404617e-01  -3.7667780900819556e-02 
   5.4906750975844543e-01  -4.7089666407206514e-02 
   5.4936369743075975e-01  -5.6559444928549016e-02 
   5.4969531017610418e-01  -6.6076807273637378e-02 
   5.5005697717959379e-01  -7.5641444251261791e-02 
   5.5044843891126283e-01  -8.5249408294544096e-02 
   5.5088348476461202e-01  -9.4895892511811034e-02 
   5.5136399005319470e-01  -1.0459469350347413e-01 
   5.5189072423640628e-01  -1.1436074640481410e-01 
   5.5246951968722813e-01  -1.2420352487632999e-01 
   5.5312631735422224e-01  -1.3410600044409146e-01 
   5.5385153918692354e-01  -1.4408187359623731e-01 
   5.5462954086171601e-01  -1.5415083334788984e-01 
   5.5544602035557666e-01  -1.6433063363990805e-01 
   5.5631070744976041e-01  -1.7461228627919265e-01 
   5.5723864865508599e-01  -1.8499585180458980e-01 
   5.5824166151531873e-01  -1.9548799870310091e-01 
   5.5933214022879463e-01  -2.0609501072942887e-01 
   5.6054464110941360e-01  -2.1680647416050491e-01 
   5.6187768505398739e-01  -2.2763035053221600e-01 
   5.6330841117764896e-01  -2.3858784203884051e-01 
   5.6481395883804564e-01  -2.4970015075388569e-01 
   5.6639600194897766e-01  -2.6097544262607586e-01 
   5.6808067329125134e-01  -2.7240645502832572e-01 
   5.6988219779382687e-01  -2.8399104929809144e-01 
   5.7181480038566412e-01  -2.9572708677282938e-01 
   5.7390328200829521e-01  -3.0761616472738501e-01 
   5.7616801931501238e-01  -3.1966448365312750e-01 
   5.7860190367783482e-01  -3.3187316592832239e-01 
   5.8119739968867612e-01  -3.4424322518518213e-01 
   5.8396354763164027e-01  -3.5677961197361796e-01 
   5.8694653961938426e-01  -3.6949155811250195e-01 
   5.9014296423031642e-01  -3.8237143448251665e-01 
   5.9354529586285509e-01  -3.9541045412866255e-01 
   5.9715252853950707e-01  -4.0861251002623017e-01 
   6.0100845318561857e-01  -4.2202848470699161e-01 
   6.0513655588601067e-01  -4.3560495244105635e-01 
   6.0955378930470117e-01  -4.4927083285699565e-01 
   6.1428204520533269e-01  -4.6296864467619797e-01 
   6.1939482340898533e-01  -4.7679487293631478e-01 
   6.2490254407438928e-01  -4.9069766062838094e-01 
   6.3079328329998863e-01  -5.0456662965160859e-01 
   6.3705780195462680e-01  -5.1829774205383505e-01 
   6.4379603495258597e-01  -5.3203443451604249e-01 
   6.5104151418930734e-01  -5.4573368126966526e-01 
   6.5876379033187571e-01  -5.5919620980454343e-01 
   6.6693242334546088e-01  -5.7222276841068787e-01 
   6.7565831272987797e-01  -5.8494296303938087e-01 
   6.8500992293761231e-01  -5.9744137943442255e-01 
   6.9490016134859922e-01  -6.0946689715239488e-01 
   7.0524193534277124e-01  -6.2076839574987830e-01 
   7.1607905614078238e-01  -6.3143502962812825e-01 
   7.2755555433243035e-01  -6.4177838928027764e-01 
   7.3956033809483002e-01  -6.5141673185514126e-01 
   7.5197627869058514e-01  -6.5995227221483410e-01 
   7.6478432738823610e-01  -6.6735051763012310e-01 
   7.7817157639735091e-01  -6.7436579263027652e-01 
   7.9199627377655746e-01  -6.8056314997666290e-01 
   8.0608924354139322e-01  -6.8540713480247373e-01 
   8.2034173007520095e-01  -6.8863999382651242e-01 
   8.3494592229611830e-01  -6.9144221743642742e-01 
   8.4980034198480481e-01  -6.9372967371032412e-01 
   8.6474500110504360e-01  -6.9515532343744568e-01 
   8.7964194509108906e-01  -6.9539872040841932e-01 
   8.9462620352509115e-01  -6.9463140990422423e-01 
   9.0966390826484700e-01  -6.9316468547020949e-01 
   9.2463838471771376e-01  -6.9125002867783902e-01 
   9.3943636511566464e-01  -6.8911970517329613e-01 
   9.5412544960060242e-01  -6.8607055812644646e-01 
   9.6872037392575461e-01  -6.8194802995376957e-01 
   9.8314102015944571e-01  -6.7717768815487700e-01 
   9.9730727037000089e-01  -6.7218510022938061e-01 
   1.0112381858974369e+00  -6.6681881612513516e-01 
   1.0249768079940640e+00  -6.6079437304588307e-01 
   1.0384789885966468e+00  -6.5433781937506719e-01 
   1.0517005796419510e+00  -6.4767520349613017e-01 
   1.0646424869745164e+00  -6.4085527173232382e-01 
   1.0773505988917076e+00  -6.3369595084411601e-01 
   1.0897971193768046e+00  -6.2626374355803549e-01 
   1.1019526177313808e+00  -6.1863116409852303e-01 
   1.1138077104918001e+00  -6.1082091487262380e-01 
   1.1254058753761713e+00  -6.0274036522441288e-01 
   1.1367363162266253e+00  -5.9444992030746147e-01 
   1.1477831790789910e+00  -5.8602322417224828e-01 
   1.1585375662689150e+00  -5.7751022736018720e-01 
   1.1690307703607989e+00  -5.6883450617357001e-01 
   1.1792669053607674e+00  -5.6002863688343008e-01 
   1.1892435673754425e+00  -5.5114857863692368e-01 
   1.1989604065079515e+00  -5.4224449840230438e-01 
   1.2084409687009525e+00  -5.3328422372460071e-01 
   1.2176878114815004e+00  -5.2426285611433054e-01 
   1.2266948294480247e+00  -5.1519614902459354e-01 
   1.2354565721175939e+00  -5.0609940078354465e-01 
   1.2439959071672229e+00  -4.9696565527056985e-01 
   1.2523199949066075e+00  -4.8779142776185458e-01 
   1.2604195675009797e+00  -4.7858334329346941e-01 
   1.2682853578187083e+00  -4.6934802652146945e-01 
   1.2759319380805108e+00  -4.6008032588201037e-01 
   1.2833761816690064e+00  -4.5077822900168035e-01 
   1.2906130303922831e+00  -4.4145266019112545e-01 
   1.2976374260584289e+00  -4.3211454376099168e-01 
   1.3044567547752803e+00  -4.2276552568442111e-01 
   1.3110897547387694e+00  -4.1339740907708561e-01 
   1.3175327010513966e+00  -4.0401765955615893e-01 
   1.3237813328501653e+00  -3.9463413008133996e-01 
   1.3298405082232749e+00  -3.8525129148443121e-01 
   1.3357327203278473e+00  -3.7586357531568687e-01 
   1.3414520333950704e+00  -3.6647212609476076e-01 
   1.3469903812610702e+00  -3.5707874926479310e-01 
   1.3523465481468697e+00  -3.4768539003129084e-01 
   1.3575505627741020e+00  -3.3829281045948484e-01 
   1.3625935237250135e+00  -3.2889814632172099e-01 
   1.3674593450387469e+00  -3.1949818452219031e-01 
   1.3721338155203868e+00  -3.1008897503447164e-01 
   1.3766342138622245e+00  -3.0066252320311576e-01 
   1.3809774815307991e+00  -2.9122893005099992e-01 
   1.3851745681671104e+00  -2.8180280851845396e-01 
   1.3892370807296095e+00  -2.7239876763550042e-01 
   1.3931970229878781e+00  -2.6302440955187234e-01 
   1.3970414758353089e+00  -2.5366750143651173e-01 
   1.4007346624120871e+00  -2.4431237621757496e-01 
   1.4042408106347470e+00  -2.3494336761665585e-01 
   1.4075813852165209e+00  -2.2555699653367658e-01 
   1.4107869579890349e+00  -2.1616181288518610e-01 
   1.4138384224894438e+00  -2.0676069379805742e-01 
   1.4167166722549003e+00  -1.9735651639916327e-01 
   1.4194241252133935e+00  -1.8794730772656598e-01 
   1.4219940169641021e+00  -1.7853005334264199e-01 
   1.4244310752922364e+00  -1.6911273002404342e-01 
   1.4267392922318087e+00  -1.5970352806378271e-01 
   1.4289405710232239e+00  -1.5031000809072600e-01 
   1.4310708744968865e+00  -1.4093040399561385e-01 
   1.4330833699133074e+00  -1.3155598287551842e-01 
   1.4349257379993525e+00  -1.2217785326913647e-01 
   1.4365670239449009e+00  -1.1278823965773686e-01 
   1.4380962562390800e+00  -1.0338992402477273e-01 
   1.4394993948790442e+00  -9.3987163182088870e-02 
   1.4407390950600822e+00  -8.4583510913303669e-02 
   1.4417893157635833e+00  -7.5182139983720572e-02 
   1.4427458986422397e+00  -6.5781188366926979e-02 
   1.4436037369469583e+00  -5.6380281247113126e-02 
   1.4443175297038280e+00  -4.6980182031887648e-02 
   1.4448457699483330e+00  -3.7581653868150815e-02 
   1.4452986231476668e+00  -2.8185085282758968e-02 
   1.4456996127129127e+00  -1.8789831988895701e-02 
   1.4459861239179108e+00  -9.3950761676220868e-03 
   1.4460955420365011e+00   0.0000000000000000e+00 
   1.4459861239179108e+00   9.3950761676220851e-03 
   1.4456996127129127e+00   1.8789831988895504e-02 
   1.4452986231476668e+00   2.8185085282759165e-02 
   1.4448457699483330e+00   3.7581653868150815e-02 
   1.4443175297038280e+00   4.6980182031887648e-02 
   1.4436037369469583e+00   5.6380281247112925e-02 
   1.4427458986422397e+00   6.5781188366926979e-02 
   1.4417893157635833e+00   7.5182139983720780e-02 
   1.4407390950600822e+00   8.4583510913303669e-02 
   1.4394993948790442e+00   9.3987163182088676e-02 
   1.4380962562390800e+00   1.0338992402477273e-01 
   1.4365670239449009e+00   1.1278823965773686e-01 
   1.4349257379993525e+00   1.2217785326913647e-01 
   1.4330833699133074e+00   1.3155598287551823e-01 
   1.4310708744968865e+00   1.4093040399561366e-01 
   1.4289405710232239e+00   1.5031000809072617e-01 
   1.4267392922318087e+00   1.5970352806378271e-01 
   1.4244310752922364e+00   1.6911273002404342e-01 
   1.4219940169641017e+00   1.7853005334264216e-01 
   1.4194241252133935e+00   1.8794730772656598e-01 
   1.4167166722549003e+00   1.9735651639916327e-01 
   1.4138384224894438e+00   2.0676069379805725e-01 
   1.4107869579890349e+00   2.1616181288518610e-01 
   1.4075813852165209e+00   2.2555699653367658e-01 
   1.4042408106347470e+00   2.3494336761665563e-01 
   1.4007346624120873e+00   2.4431237621757473e-01 
   1.3970414758353089e+00   2.5366750143651196e-01 
   1.3931970229878781e+00   2.6302440955187256e-01 
   1.3892370807296095e+00   2.7239876763550047e-01 
   1.3851745681671104e+00   2.8180280851845396e-01 
   1.3809774815307991e+00   2.9122893005099992e-01 
   1.3766342138622245e+00   3.0066252320311576e-01 
   1.3721338155203868e+00   3.1008897503447164e-01 
   1.3674593450387469e+00   3.1949818452219014e-01 
   1.3625935237250135e+00   3.2889814632172099e-01 
   1.3575505627741020e+00   3.3829281045948462e-01 
   1.3523465481468697e+00   3.4768539003129084e-01 
   1.3469903812610702e+00   3.5707874926479333e-01 
   1.3414520333950699e+00   3.6647212609476099e-01 
   1.3357327203278471e+00   3.7586357531568709e-01 
   1.3298405082232754e+00   3.8525129148443099e-01 
   1.3237813328501653e+00   3.9463413008134018e-01 
   1.3175327010513966e+00   4.0401765955615893e-01 
   1.3110897547387697e+00   4.1339740907708539e-01 
   1.3044567547752803e+00   4.2276552568442111e-01 
   1.2976374260584289e+00   4.3211454376099145e-01 
   1.2906130303922829e+00   4.4145266019112545e-01 
   1.2833761816690061e+00   4.5077822900168057e-01 
   1.2759319380805108e+00   4.6008032588201037e-01 
   1.2682853578187081e+00   4.6934802652146979e-01 
   1.2604195675009795e+00   4.7858334329346963e-01 
   1.2523199949066079e+00   4.8779142776185436e-01 
   1.2439959071672229e+00   4.9696565527056985e-01 
   1.2354565721175939e+00   5.0609940078354465e-01 
   1.2266948294480251e+00   5.1519614902459332e-01 
   1.2176878114815004e+00   5.2426285611433054e-01 
   1.2084409687009530e+00   5.3328422372460049e-01 
   1.1989604065079515e+00   5.4224449840230426e-01 
   1.1892435673754422e+00   5.5114857863692390e-01 
   1.1792669053607674e+00   5.6002863688343008e-01 
   1.1690307703607987e+00   5.6883450617357023e-01 
   1.1585375662689152e+00   5.7751022736018709e-01 
   1.1477831790789912e+00   5.8602322417224817e-01 
   1.1367363162266253e+00   5.9444992030746147e-01 
   1.1254058753761713e+00   6.0274036522441277e-01 
   1.1138077104917998e+00   6.1082091487262380e-01 
   1.1019526177313808e+00   6.1863116409852303e-01 
   1.0897971193768052e+00   6.2626374355803505e-01 
   1.0773505988917074e+00   6.3369595084411623e-01 
   1.0646424869745164e+00   6.4085527173232393e-01 
   1.0517005796419510e+00   6.4767520349613017e-01 
   1.0384789885966466e+00   6.5433781937506730e-01 
   1.0249768079940640e+00   6.6079437304588307e-01 
   1.0112381858974369e+00   6.6681881612513516e-01 
   9.9730727037000089e-01   6.7218510022938061e-01 
   9.8314102015944604e-01   6.7717768815487689e-01 
   9.6872037392575461e-01   6.8194802995376957e-01 
   9.5412544960060275e-01   6.8607055812644646e-01 
   9.3943636511566508e-01   6.8911970517329613e-01 
   9.2463838471771342e-01   6.9125002867783913e-01 
   9.0966390826484689e-01   6.9316468547020949e-01 
   8.9462620352509148e-01   6.9463140990422423e-01 
   8.7964194509108884e-01   6.9539872040841932e-01 
   8.6474500110504382e-01   6.9515532343744590e-01 
   8.4980034198480459e-01   6.9372967371032412e-01 
   8.3494592229611841e-01   6.9144221743642742e-01 
   8.2034173007520139e-01   6.8863999382651264e-01 
   8.0608924354139322e-01   6.8540713480247373e-01 
   7.9199627377655768e-01   6.8056314997666301e-01 
   7.7817157639735091e-01   6.7436579263027652e-01 
   7.6478432738823587e-01   6.6735051763012299e-01 
   7.5197627869058514e-01   6.5995227221483410e-01 
   7.3956033809482979e-01   6.5141673185514115e-01 
   7.2755555433243024e-01   6.4177838928027753e-01 
   7.1607905614078238e-01   6.3143502962812836e-01 
   7.0524193534277124e-01   6.2076839574987830e-01 
   6.9490016134859922e-01   6.0946689715239488e-01 
   6.8500992293761231e-01   5.9744137943442255e-01 
   6.7565831272987797e-01   5.8494296303938087e-01 
   6.6693242334546099e-01   5.7222276841068820e-01 
   6.5876379033187538e-01   5.5919620980454288e-01 
   6.5104151418930711e-01   5.4573368126966493e-01 
   6.4379603495258597e-01   5.3203443451604249e-01 
   6.3705780195462669e-01   5.1829774205383472e-01 
   6.3079328329998863e-01   5.0456662965160859e-01 
   6.2490254407438939e-01   4.9069766062838122e-01 
   6.1939482340898533e-01   4.7679487293631478e-01 
   6.1428204520533281e-01   4.6296864467619825e-01 
   6.0955378930470117e-01   4.4927083285699565e-01 
   6.0513655588601067e-01   4.3560495244105663e-01 
   6.0100845318561880e-01   4.2202848470699222e-01 
   5.9715252853950695e-01   4.0861251002622989e-01 
   5.9354529586285509e-01   3.9541045412866255e-01 
   5.9014296423031642e-01   3.8237143448251665e-01 
   5.8694653961938426e-01   3.6949155811250195e-01 
   5.8396354763164027e-01   3.5677961197361796e-01 
   5.8119739968867601e-01   3.4424322518518186e-01 
   5.7860190367783482e-01   3.3187316592832239e-01 
   5.7616801931501249e-01   3.1966448365312772e-01 
   5.7390328200829521e-01   3.0761616472738501e-01 
   5.7181480038566412e-01   2.9572708677282961e-01 
   5.6988219779382687e-01   2.8399104929809144e-01 
   5.6808067329125134e-01   2.7240645502832544e-01 
   5.6639600194897766e-01   2.6097544262607586e-01 
   5.6481395883804564e-01   2.4970015075388521e-01 
   5.6330841117764896e-01   2.3858784203884051e-01 
   5.6187768505398750e-01   2.2763035053221625e-01 
   5.6054464110941360e-01   2.1680647416050489e-01 
   5.5933214022879463e-01   2.0609501072942887e-01 
   5.5824166151531884e-01   1.9548799870310113e-01 
   5.5723864865508599e-01   1.8499585180458980e-01 
   5.5631070744976041e-01   1.7461228627919284e-01 
   5.5544602035557666e-01   1.6433063363990805e-01 
   5.5462954086171601e-01   1.5415083334788962e-01 
   5.5385153918692354e-01   1.4408187359623731e-01 
   5.5312631735422224e-01   1.3410600044409124e-01 
   5.5246951968722813e-01   1.2420352487632999e-01 
   5.5189072423640628e-01   1.1436074640481431e-01 
   5.5136399005319470e-01   1.0459469350347413e-01 
   5.5088348476461202e-01   9.4895892511811242e-02 
   5.5044843891126283e-01   8.5249408294544096e-02 
   5.5005428730504524e-01   7.5642745755700735e-02 
   5.4966269136564105e-01   6.6092589989834000e-02 
   5.4929881992898200e-01   5.6590836116134878e-02 
   5.4900721041897682e-01   4.7118842436256803e-02 
   5.4883036245767503e-01   3.7658332924632415e-02 
   5.4871067543708207e-01   2.8211872222315020e-02 
   5.4861153708369603e-01   1.8786611919871497e-02 
   5.4854397047875580e-01   9.3826288886499319e-03 
   5.4851899870350052e-01   0.0000000000000000e+00 
