    1.44634535e+00    5.41570020e-03
    1.44634514e+00   -1.19963013e-02
    1.44634367e+00   -2.94083028e-02
    1.44633925e+00   -4.68203038e-02
    1.44632761e+00   -6.42323014e-02
    1.44629955e+00   -8.16442803e-02
    1.44623719e+00   -9.90561703e-02
    1.44610878e+00   -1.16467699e-01
    1.44586301e+00   -1.33877968e-01
    1.44542430e+00   -1.51284448e-01
    1.44469162e+00   -1.68681039e-01
    1.44354357e+00   -1.86055166e-01
    1.44185172e+00   -2.03384788e-01
    1.43950182e+00   -2.20637489e-01
    1.43641819e+00   -2.37774244e-01
    1.43258250e+00   -2.54758488e-01
    1.42803854e+00   -2.71567112e-01
    1.42288039e+00   -2.88197545e-01
    1.41723004e+00   -3.04667267e-01
    1.41121395e+00   -3.21006939e-01
    1.40494533e+00   -3.37251396e-01
    1.39851465e+00   -3.53432384e-01
    1.39198748e+00   -3.69574687e-01
    1.38540708e+00   -3.85695361e-01
    1.37879942e+00   -4.01804882e-01
    1.37217842e+00   -4.17908923e-01
    1.36555005e+00   -4.34009932e-01
    1.35891463e+00   -4.50108036e-01
    1.35226711e+00   -4.66201150e-01
    1.34559547e+00   -4.82284278e-01
    1.33887752e+00   -4.98348120e-01
    1.33207709e+00   -5.14377221e-01
    1.32514088e+00   -5.30348038e-01
    1.31799802e+00   -5.46227515e-01
    1.31056431e+00   -5.61972934e-01
    1.30275216e+00   -5.77534056e-01
    1.29448533e+00   -5.92858457e-01
    1.28571471e+00   -6.07900189e-01
    1.27642969e+00   -6.22629950e-01
    1.26666030e+00   -6.37043020e-01
    1.25646930e+00   -6.51161152e-01
    1.24593798e+00   -6.65027283e-01
    1.23515084e+00   -6.78695341e-01
    1.22418333e+00   -6.92219093e-01
    1.21309390e+00   -7.05643048e-01
    1.20191943e+00   -7.18996293e-01
    1.19067213e+00   -7.32288242e-01
    1.17933583e+00   -7.45504390e-01
    1.16786081e+00   -7.58600274e-01
    1.15615739e+00   -7.71492477e-01
    1.14409162e+00   -7.84046214e-01
    1.13148883e+00   -7.96060640e-01
    1.11815505e+00   -8.07257899e-01
    1.10392715e+00   -8.17293647e-01
    1.08874635e+00   -8.25818387e-01
    1.07270951e+00   -8.32596549e-01
    1.05603749e+00   -8.37615000e-01
    1.03897501e+00   -8.41083944e-01
    1.02170934e+00   -8.43335576e-01
    1.00435194e+00   -8.44713180e-01
    9.86958063e-01   -8.45507717e-01
    9.69551380e-01   -8.45938440e-01
    9.52140745e-01   -8.46156912e-01
    9.34729047e-01   -8.46260043e-01
    9.17317103e-01   -8.46305030e-01
    8.99905110e-01   -8.46322741e-01
    8.82493109e-01   -8.46327890e-01
    8.65081108e-01   -8.46325377e-01
    8.47669111e-01   -8.46312821e-01
    8.30257142e-01   -8.46279363e-01
    8.12845317e-01   -8.46200785e-01
    7.95434141e-01   -8.46030967e-01
    7.78025465e-01   -8.45690264e-01
    7.60625138e-01   -8.45052332e-01
    7.43249173e-01   -8.43932446e-01
    7.25935744e-01   -8.42082679e-01
    7.08763732e-01   -8.39203082e-01
    6.91871974e-01   -8.34980977e-01
    6.75462121e-01   -8.29162051e-01
    6.59766838e-01   -8.21625913e-01
    6.44994986e-01   -8.12410228e-01
    6.31300250e-01   -8.01658695e-01
    6.18800285e-01   -7.89538659e-01
    6.07620055e-01   -7.76191539e-01
    5.97913233e-01   -7.61737635e-01
    5.89832674e-01   -7.46315648e-01
    5.83456283e-01   -7.30114438e-01
    5.78719092e-01   -7.13360007e-01
    5.75409819e-01   -6.96265690e-01
    5.73232321e-01   -6.78990439e-01
    5.71880979e-01   -6.61630928e-01
    5.71090669e-01   -6.44236836e-01
    5.70656371e-01   -6.26830231e-01
    5.70433064e-01   -6.09419652e-01
    5.70326139e-01   -5.92007976e-01
    5.70278690e-01   -5.74596038e-01
    5.70259267e-01   -5.57184047e-01
    5.70251969e-01   -5.39772047e-01
    5.70249463e-01   -5.22360046e-01
    5.70248681e-01   -5.04948044e-01
    5.70248461e-01   -4.87536043e-01
    5.70248405e-01   -4.70124041e-01
    5.70248393e-01   -4.52712040e-01
    5.70248390e-01   -4.35300038e-01
    5.70248390e-01   -4.17888037e-01
    5.70248390e-01   -4.00476035e-01
    5.70248390e-01   -3.83064034e-01
    5.70248390e-01   -3.65652032e-01
    5.70248390e-01   -3.48240031e-01
    5.70248390e-01   -3.30828029e-01
    5.70248390e-01   -3.13416028e-01
    5.70248390e-01   -2.96004026e-01
    5.70248390e-01   -2.78592025e-01
    5.70248390e-01   -2.61180023e-01
    5.70248390e-01   -2.43768021e-01
    5.70248390e-01   -2.26356020e-01
    5.70248390e-01   -2.08944018e-01
    5.70248390e-01   -1.91532017e-01
    5.70248390e-01   -1.74120015e-01
    5.70248390e-01   -1.56708014e-01
    5.70248390e-01   -1.39296012e-01
    5.70248390e-01   -1.21884011e-01
    5.70248390e-01   -1.04472009e-01
    5.70248390e-01   -8.70600077e-02
    5.70248390e-01   -6.96480061e-02
    5.70248390e-01   -5.22360046e-02
    5.70248390e-01   -3.48240031e-02
    5.70248390e-01   -1.74120015e-02
    5.70248390e-01    0.00000000e+00
    5.70248390e-01    1.74120015e-02
    5.70248390e-01    3.48240031e-02
    5.70248390e-01    5.22360046e-02
    5.70248390e-01    6.96480061e-02
    5.70248390e-01    8.70600077e-02
    5.70248390e-01    1.04472009e-01
    5.70248390e-01    1.21884011e-01
    5.70248390e-01    1.39296012e-01
    5.70248390e-01    1.56708014e-01
    5.70248390e-01    1.74120015e-01
    5.70248390e-01    1.91532017e-01
    5.70248390e-01    2.08944018e-01
    5.70248390e-01    2.26356020e-01
    5.70248390e-01    2.43768021e-01
    5.70248390e-01    2.61180023e-01
    5.70248390e-01    2.78592025e-01
    5.70248390e-01    2.96004026e-01
    5.70248390e-01    3.13416028e-01
    5.70248390e-01    3.30828029e-01
    5.70248390e-01    3.48240031e-01
    5.70248390e-01    3.65652032e-01
    5.70248390e-01    3.83064034e-01
    5.70248390e-01    4.00476035e-01
    5.70248390e-01    4.17888037e-01
    5.70248390e-01    4.35300038e-01
    5.70248393e-01    4.52712040e-01
    5.70248405e-01    4.70124041e-01
    5.70248461e-01    4.87536043e-01
    5.70248681e-01    5.04948044e-01
    5.70249463e-01    5.22360046e-01
    5.70251969e-01    5.39772047e-01
    5.70259267e-01    5.57184047e-01
    5.70278690e-01    5.74596038e-01
    5.70326139e-01    5.92007976e-01
    5.70433064e-01    6.09419652e-01
    5.70656371e-01    6.26830231e-01
    5.71090669e-01    6.44236836e-01
    5.71880979e-01    6.61630928e-01
    5.73232321e-01    6.78990439e-01
    5.75409819e-01    6.96265690e-01
    5.78719092e-01    7.13360007e-01
    5.83456283e-01    7.30114438e-01
    5.89832674e-01    7.46315648e-01
    5.97913233e-01    7.61737635e-01
    6.07620055e-01    7.76191539e-01
    6.18800285e-01    7.89538659e-01
    6.31300250e-01    8.01658695e-01
    6.44994986e-01    8.12410228e-01
    6.59766838e-01    8.21625913e-01
    6.75462121e-01    8.29162051e-01
    6.91871974e-01    8.34980976e-01
    7.08763732e-01    8.39203079e-01
    7.25935747e-01    8.42082665e-01
    7.43249181e-01    8.43932376e-01
    7.60625161e-01    8.45052034e-01
    7.78025519e-01    8.45689145e-01
    7.95434246e-01    8.46027220e-01
    8.12845494e-01    8.46189442e-01
    8.30257398e-01    8.46248014e-01
    8.47669395e-01    8.46233172e-01
    8.65081140e-01    8.46138301e-01
    8.82491777e-01    8.45919742e-01
    8.99898536e-01    8.45491993e-01
    9.17293487e-01    8.44721201e-01
    9.34656945e-01    8.43421816e-01
    9.51946804e-01    8.41363451e-01
    9.69086416e-01    8.38296695e-01
    9.85960450e-01    8.34003502e-01
    1.00243270e+00    8.28362081e-01
    1.01838858e+00    8.21392644e-01
    1.03377904e+00    8.13249924e-01
    1.04863436e+00    8.04167223e-01
    1.06304300e+00    7.94391249e-01
    1.07711656e+00    7.84138743e-01
    1.09096116e+00    7.73579126e-01
    1.10466217e+00    7.62833875e-01
    1.11828014e+00    7.51983584e-01
    1.13185336e+00    7.41077371e-01
    1.14540288e+00    7.30141730e-01
    1.15893707e+00    7.19187122e-01
    1.17245410e+00    7.08211336e-01
    1.18594170e+00    6.97199407e-01
    1.19937443e+00    6.86120614e-01
    1.21270915e+00    6.74924043e-01
    1.22587997e+00    6.63535106e-01
    1.23879444e+00    6.51856276e-01
    1.25133357e+00    6.39775384e-01
    1.26335929e+00    6.27183366e-01
    1.27473260e+00    6.13999182e-01
    1.28534250e+00    6.00193246e-01
    1.29513657e+00    5.85797041e-01
    1.30413798e+00    5.70892311e-01
    1.31243867e+00    5.55586222e-01
    1.32017322e+00    5.39986370e-01
    1.32748736e+00    5.24185046e-01
    1.33451341e+00    5.08253545e-01
    1.34135696e+00    4.92242804e-01
    1.34809361e+00    4.76186798e-01
    1.35477242e+00    4.60106647e-01
    1.36142216e+00    4.44014448e-01
    1.36805768e+00    4.27916384e-01
    1.37468472e+00    4.11814829e-01
    1.38130226e+00    3.95709365e-01
    1.38790229e+00    3.79596716e-01
    1.39446725e+00    3.63469748e-01
    1.40096558e+00    3.47315814e-01
    1.40734636e+00    3.31115087e-01
    1.41353491e+00    3.14839957e-01
    1.41943150e+00    2.98456788e-01
    1.42491602e+00    2.81931108e-01
    1.42986047e+00    2.65235894e-01
    1.43414953e+00    2.48360422e-01
    1.43770491e+00    2.31315286e-01
    1.44050521e+00    2.14129945e-01
    1.44259197e+00    1.96843435e-01
    1.44405885e+00    1.79493322e-01
    1.44502929e+00    1.62108375e-01
    1.44563211e+00    1.44706806e-01
    1.44598278e+00    1.27298333e-01
    1.44617322e+00    1.09887373e-01
    1.44626945e+00    9.24756367e-02
    1.44631452e+00    7.50636935e-02
    1.44633402e+00    5.76517028e-02
    1.44634177e+00    4.02397030e-02
    1.44634456e+00    2.28277017e-02
    1.44634535e+00    5.41570020e-03
