   1.6442577469717981e-01   9.8468554602186765e-09
   1.6446595317708904e-01  -1.3411259325811194e-02
   1.6457002706183960e-01  -2.6799705183533102e-02
   1.6473821985443257e-01  -4.0176871631532524e-02
   1.6497075505786912e-01  -5.3554302575031701e-02
   1.6526785617515025e-01  -6.6943541919252877e-02
   1.6562974670927705e-01  -8.0356133569418328e-02
   1.6605665016325061e-01  -9.3803621430750272e-02
   1.6654879004007200e-01  -1.0729754940847072e-01
   1.6710638984274237e-01  -1.2084946140780245e-01
   1.6772967307426273e-01  -1.3447090133396744e-01
   1.6841886323763422e-01  -1.4817341309218796e-01
   1.6917418383585786e-01  -1.6196854058768625e-01
   1.6999585837193476e-01  -1.7586782772568452e-01
   1.7088411034886603e-01  -1.8988281841140511e-01
   1.7183916326965276e-01  -2.0402505655007019e-01
   1.7286124063729594e-01  -2.1830608604690205e-01
   1.7395056595479674e-01  -2.3273745080712294e-01
   1.7510736272515628e-01  -2.4733069473595512e-01
   1.7633185445137553e-01  -2.6209736173862080e-01
   1.7762426463645561e-01  -2.7704899572034231e-01
   1.7898481678339764e-01  -2.9219714058634177e-01
   1.8041373439520267e-01  -3.0755334024184122e-01
   1.8191124097487182e-01  -3.2312913859206355e-01
   1.8347756002540613e-01  -3.3893607954223065e-01
   1.8511508467776244e-01  -3.5498675725731671e-01
   1.8683488652881547e-01  -3.7129796691907990e-01
   1.8865020678044359e-01  -3.8788755395792140e-01
   1.9057428663452505e-01  -4.0477336380424100e-01
   1.9262036729293816e-01  -4.2197324188843899e-01
   1.9480168995756120e-01  -4.3950503364091537e-01
   1.9713149583027245e-01  -4.5738658449207042e-01
   1.9962302611295016e-01  -4.7563573987230434e-01
   2.0228952200747266e-01  -4.9427034521201724e-01
   2.0514422471571822e-01  -5.1330824594160929e-01
   2.0820037543956502e-01  -5.3276728749148028e-01
   2.1147121538089156e-01  -5.5266531529203167e-01
   2.1497030802888992e-01  -5.7301929919328276e-01
   2.1871250601971129e-01  -5.9384270672998152e-01
   2.2271298427567190e-01  -6.1514812985961587e-01
   2.2698691771908805e-01  -6.3694816053967396e-01
   2.3154948127227612e-01  -6.5925539072764427e-01
   2.3641584985755229e-01  -6.8208241238101541e-01
   2.4160119839723301e-01  -7.0544181745727541e-01
   2.4712070181363446e-01  -7.2934619791391264e-01
   2.5298953502907306e-01  -7.5380814570841559e-01
   2.5922287296586505e-01  -7.7884025279827251e-01
   2.6583589054632678e-01  -8.0445511114097179e-01
   2.7284376269277444e-01  -8.3066531269400190e-01
   2.8027114999371416e-01  -8.5748643571651550e-01
   2.8818065568046619e-01  -8.8494600366741505e-01
   2.9664436863956856e-01  -9.1307452630381292e-01
   3.0573437775755918e-01  -9.4190251338282116e-01
   3.1552277192097655e-01  -9.7146047466155416e-01
   3.2608164001635803e-01  -1.0017789198971221e+00
   3.3748307093024221e-01  -1.0328883588466395e+00
   3.4979915354916680e-01  -1.0648193012672178e+00
   3.6310197675966971e-01  -1.0976022569159694e+00
   3.7746362944828921e-01  -1.1312677355500076e+00
   3.9295620050156332e-01  -1.1658462469264448e+00
   4.0965177880602993e-01  -1.2013683008023932e+00
   4.2760585416854741e-01  -1.2377805043993328e+00
   4.4680752043636085e-01  -1.2746938566113661e+00
   4.6722927255658808e-01  -1.3116354547045368e+00
   4.8884360547634648e-01  -1.3481323959448883e+00
   5.1162301414275435e-01  -1.3837117775984653e+00
   5.3553999350292925e-01  -1.4179006969313115e+00
   5.6056703850398881e-01  -1.4502262512094701e+00
   5.8667664409305087e-01  -1.4802155376989856e+00
   6.1384130521723312e-01  -1.5073956536659017e+00
   6.4203351682365317e-01  -1.5312936963762618e+00
   6.7122577385942939e-01  -1.5514367630961103e+00
   7.0139057127167859e-01  -1.5673519510914908e+00
   7.3247390266179713e-01  -1.5786980963698336e+00
   7.6431575674098384e-01  -1.5856609874549281e+00
   7.9672962112106083e-01  -1.5885581503873629e+00
   8.2952898341385006e-01  -1.5877071112077257e+00
   8.6252733123117487e-01  -1.5834253959566049e+00
   8.9553815218485611e-01  -1.5760305306745883e+00
   9.2837493388671743e-01  -1.5658400414022637e+00
   9.6085116394857972e-01  -1.5531714541802193e+00
   9.9278032998226629e-01  -1.5383422950490433e+00
   1.0239759195995985e+00  -1.5216700900493234e+00
   1.0542514204124005e+00  -1.5034723652216471e+00
   1.0834531349295673e+00  -1.4840436269404951e+00
   1.1115931384442375e+00  -1.4635620918923318e+00
   1.1387357329927246e+00  -1.4421693396781217e+00
   1.1649452401048905e+00  -1.4200069362240948e+00
   1.1902859813105959e+00  -1.3972164474564837e+00
   1.2148222781397027e+00  -1.3739394393015179e+00
   1.2386184521220702e+00  -1.3503174776854308e+00
   1.2617388247875605e+00  -1.3264921285344520e+00
   1.2842477176660343e+00  -1.3026049577748138e+00
   1.3062094522873531e+00  -1.2787975313327464e+00
   1.3276881083136909e+00  -1.2552108069813581e+00
   1.3487247864054339e+00  -1.2319279639954863e+00
   1.3693189941991284e+00  -1.2089275999767464e+00
   1.3894658586215658e+00  -1.1861772976518130e+00
   1.4091605065995390e+00  -1.1636446397473594e+00
   1.4283980650598396e+00  -1.1412972089900602e+00
   1.4471736609292594e+00  -1.1191025881065899e+00
   1.4654824211345892e+00  -1.0970283598236235e+00
   1.4833194726026226e+00  -1.0750421068678337e+00
   1.5006799422601507e+00  -1.0531114119658955e+00
   1.5175589570339654e+00  -1.0312038578444831e+00
   1.5339516438508587e+00  -1.0092870272302708e+00
   1.5498531296376223e+00  -9.8732850284993245e-01
   1.5652585413210482e+00  -9.6529586743014273e-01
   1.5801632567404531e+00  -9.4315706819258416e-01
   1.5945781095723897e+00  -9.2090250470775570e-01
   1.6085381235564555e+00  -8.9855771690930664e-01
   1.6220804308318242e+00  -8.7615130755576565e-01
   1.6352421635376710e+00  -8.5371187940565918e-01
   1.6480604538131707e+00  -8.3126803521751502e-01
   1.6605724337974987e+00  -8.0884837774985963e-01
   1.6728152356298294e+00  -7.8648150976121989e-01
   1.6848259914493371e+00  -7.6419603401012459e-01
   1.6966418333951976e+00  -7.4202055325509964e-01
   1.7082998936065850e+00  -7.1998367025467258e-01
   1.7198360658736795e+00  -6.9811240035382960e-01
   1.7312636082296626e+00  -6.7640474259657035e-01
   1.7425759812241606e+00  -6.5483331804896039e-01
   1.7537659779084871e+00  -6.3336989212501160e-01
   1.7648263913339546e+00  -6.1198623023873566e-01
   1.7757500145518768e+00  -5.9065409780414424e-01
   1.7865296406135662e+00  -5.6934526023524934e-01
   1.7971580625703369e+00  -5.4803148294606152e-01
   1.8076280734735013e+00  -5.2668453135059379e-01
   1.8179324663743726e+00  -5.0527617086285792e-01
   1.8280640343242638e+00  -4.8377816689686443e-01
   1.8380155703744887e+00  -4.6216228486662581e-01
   1.8477777892222902e+00  -4.4040232655768718e-01
   1.8573229602427268e+00  -4.1849016648419385e-01
   1.8666137024113834e+00  -3.9642713462269913e-01
   1.8756125502671668e+00  -3.7421464368082308e-01
   1.8842820383489840e+00  -3.5185410636618525e-01
   1.8925847011957422e+00  -3.2934693538640508e-01
   1.9004830733463483e+00  -3.0669454344910224e-01
   1.9079396893397098e+00  -2.8389834326189622e-01
   1.9149170837147340e+00  -2.6095974753240658e-01
   1.9213777910103276e+00  -2.3788016896825329e-01
   1.9272843457653981e+00  -2.1466102027705491e-01
   1.9325992825188525e+00  -1.9130371416643105e-01
   1.9372851358095982e+00  -1.6780966334400219e-01
   1.9413044401765416e+00  -1.4418028051738788e-01
   1.9446284042045903e+00  -1.2042018318585380e-01
   1.9472629326860194e+00  -9.6546808023891123e-02
   1.9492226044707903e+00  -7.2580796501954661e-02
   1.9505219984088638e+00  -4.8542790090501331e-02
   1.9511756933502014e+00  -2.4453430259984997e-02
   1.9511982681447642e+00  -3.3335848086150802e-04
   1.9506043016425130e+00   2.3796783776413769e-02
   1.9494083726934093e+00   4.7916355041384931e-02
   1.9476250601474139e+00   7.2004713843598092e-02
   1.9452689428544880e+00   9.6041218712596466e-02
   1.9423545996645928e+00   1.2000522817792507e-01
   1.9388966094276898e+00   1.4387610076912813e-01
   1.9349094663092483e+00   1.6763569725392050e-01
   1.9304073257365082e+00   1.9127588736057011e-01
   1.9254042584520850e+00   2.1479104305945160e-01
   1.9199143351985939e+00   2.3817553632094063e-01
   1.9139516267186500e+00   2.6142373911541383e-01
   1.9075302037548689e+00   2.8453002341324635e-01
   1.9006641370498656e+00   3.0748876118481383e-01
   1.8933674973462558e+00   3.3029432440049145e-01
   1.8856543553866540e+00   3.5294108503065574e-01
   1.8775387819136760e+00   3.7542341504568294e-01
   1.8690348476699370e+00   3.9773568641594620e-01
   1.8601566233980524e+00   4.1987227111182318e-01
   1.8509181798406373e+00   4.4182754110368899e-01
   1.8413336545964030e+00   4.6359607744370912e-01
   1.8314215487262604e+00   4.8518610721695504e-01
   1.8212073372788036e+00   5.0662766754398458e-01
   1.8107171205260670e+00   5.2795275083206905e-01
   1.7999769987400871e+00   5.4919334948847842e-01
   1.7890130721928985e+00   5.7038145592048306e-01
   1.7778514411565376e+00   5.9154906253535289e-01
   1.7665182059030384e+00   6.1272816174036004e-01
   1.7550394667044380e+00   6.3395074594277290e-01
   1.7434413238327713e+00   6.5524880754986203e-01
   1.7317498775600728e+00   6.7665433896889882e-01
   1.7199912281583789e+00   6.9819933260715317e-01
   1.7081904031793087e+00   7.1991495149629303e-01
   1.6963406141168607e+00   7.4180776002928095e-01
   1.6843986950867214e+00   7.6385619736757249e-01
   1.6723194900838181e+00   7.8603716400739754e-01
   1.6600578431030784e+00   8.0832756044498510e-01
   1.6475685981394301e+00   8.3070428717656486e-01
   1.6348065991878018e+00   8.5314424469836514e-01
   1.6217266902431202e+00   8.7562433350661595e-01
   1.6082837153003138e+00   8.9812145409754629e-01
   1.5944325183543102e+00   9.2061250696738495e-01
   1.5801279434000362e+00   9.4307439261236292e-01
   1.5653273728921993e+00   9.6548587225971316e-01
   1.5500173135097235e+00   9.8784705565181896e-01
   1.5342028803687404e+00   1.0101716928086750e+00
   1.5178894906777178e+00   1.0324737551887142e+00
   1.5010825616451213e+00   1.0547672142503728e+00
   1.4837875104794187e+00   1.0770660414520845e+00
   1.4660097543890773e+00   1.0993842082522824e+00
   1.4477547105825628e+00   1.1217356861094034e+00
   1.4290277962683438e+00   1.1441344464818797e+00
   1.4098344286548858e+00   1.1665944608281469e+00
   1.3901800249506560e+00   1.1891297006066404e+00
   1.3700700023641217e+00   1.2117541372757927e+00
   1.3495097781037495e+00   1.2344817422940395e+00
   1.3285047693780057e+00   1.2573264871198160e+00
   1.3070540124662040e+00   1.2802961101823216e+00
   1.2851108430228033e+00   1.3033537085546603e+00
   1.2626086706341004e+00   1.3264429150967498e+00
   1.2394808222350833e+00   1.3495072819329279e+00
   1.2156606247607373e+00   1.3724903611875345e+00
   1.1910814051460512e+00   1.3953357049849058e+00
   1.1656764903260108e+00   1.4179868654493808e+00
   1.1393792072356022e+00   1.4403873947052990e+00
   1.1121228828098142e+00   1.4624808448769959e+00
   1.0838408439836318e+00   1.4842107680888124e+00
   1.0544666128484346e+00   1.5055204070766701e+00
   1.0240001663373282e+00   1.5262476513362653e+00
   9.9260451676400452e-01   1.5459719245364252e+00
   9.6046722252185657e-01   1.5642337365668832e+00
   9.2777584200426866e-01   1.5805735973173767e+00
   8.9471793360462681e-01   1.5945320166776418e+00
   8.6148105571632116e-01   1.6056495045374137e+00
   8.2825276673273607e-01   1.6134665707864293e+00
   7.9522062504726188e-01   1.6175237253144235e+00
   7.6257218905328428e-01   1.6173614780111334e+00
   7.3049501714418941e-01   1.6125203387662941e+00
   6.9917666771336695e-01   1.6025408174696423e+00
   6.6877847198287976e-01   1.5871366994794078e+00
   6.3935685093283601e-01   1.5667148823122015e+00
   6.1094199759369261e-01   1.5418555440953750e+00
   5.8356410499589928e-01   1.5131388629562734e+00
   5.5725336616990673e-01   1.4811450170222433e+00
   5.3203997414616933e-01   1.4464541844206353e+00
   5.0795412195513667e-01   1.4096465432787937e+00
   4.8502600262726325e-01   1.3713022717240690e+00
   4.6328580919299961e-01   1.3320015478838081e+00
   4.4276373468279706e-01   1.2923245498853559e+00
   4.2348997212710943e-01   1.2528514558560639e+00
   4.0549471455638691e-01   1.2141624439232763e+00
   3.8879032352243598e-01   1.1767299227605212e+00
   3.7331783373182553e-01   1.1405952176013945e+00
   3.5900044794714703e-01   1.1056918814133223e+00
   3.4576136893099463e-01   1.0719534671637381e+00
   3.3352379944596061e-01   1.0393135278200694e+00
   3.2221094225463737e-01   1.0077056163497455e+00
   3.1174600011961884e-01   9.7706328572019829e-01
   3.0205217580349691e-01   9.4732008889885555e-01
   2.9305267206886537e-01   9.1840957885314944e-01
   2.8467069167831671e-01   8.9026530855050845e-01
   2.7682943739444316e-01   8.6282083095836037e-01
   2.6945211197983898e-01   8.3600969904413935e-01
   2.6247256872696967e-01   8.0977521535574470e-01
   2.5586726306431640e-01   7.8409968077808734e-01
   2.4962330095849547e-01   7.5897514578411507e-01
   2.4372778837612238e-01   7.3439366084677227e-01
   2.3816783128381264e-01   7.1034727643900386e-01
   2.3293053564818245e-01   6.8682804303375744e-01
   2.2800300743584712e-01   6.6382801110397682e-01
   2.2337235261342275e-01   6.4133923112260960e-01
   2.1902567714752494e-01   6.1935375356260036e-01
   2.1495008700476911e-01   5.9786362889689304e-01
   2.1113268815177164e-01   5.7686090759843689e-01
   2.0756058655514789e-01   5.5633764014017584e-01
   2.0422105927302320e-01   5.3628390860292263e-01
   2.0110206772962566e-01   5.1668192149822623e-01
   1.9819174444072463e-01   4.9751191894513114e-01
   1.9547822192208997e-01   4.7875414106268555e-01
   1.9294963268949106e-01   4.6038882796993497e-01
   1.9059410925869738e-01   4.4239621978592497e-01
   1.8839978414547878e-01   4.2475655662970346e-01
   1.8635478986560466e-01   4.0745007862031540e-01
   1.8444725893484465e-01   3.9045702587680786e-01
   1.8266532386896839e-01   3.7375763851822774e-01
   1.8099711718374534e-01   3.5733215666362012e-01
   1.7943077139494526e-01   3.4116082043203289e-01
   1.7795607445329231e-01   3.2522546731721680e-01
   1.7656943604997588e-01   3.0951432431236758e-01
   1.7526892131146352e-01   2.9401721578570023e-01
   1.7405259536422249e-01   2.7872396610542749e-01
   1.7291852333472008e-01   2.6362439963976225e-01
   1.7186477034942377e-01   2.4870834075691928e-01
   1.7088940153480081e-01   2.3396561382511086e-01
   1.6999048201731862e-01   2.1938604321255112e-01
   1.6916607692344451e-01   2.0495945328745419e-01
   1.6841425137964586e-01   1.9067566841803238e-01
   1.6773307051239006e-01   1.7652451297250038e-01
   1.6712059944814442e-01   1.6249581131907109e-01
   1.6657490331337624e-01   1.4857938782595745e-01
   1.6609404723455296e-01   1.3476506686137416e-01
   1.6567609633814190e-01   1.2104267279353353e-01
   1.6531911575061042e-01   1.0740202999065028e-01
   1.6502117059842589e-01   9.3832962820937296e-02
   1.6478032600805559e-01   8.0325295652606973e-02
   1.6459464710596700e-01   6.6868852853875116e-02
   1.6446219901862735e-01   5.3453458792954038e-02
   1.6438104687250410e-01   4.0068937838056769e-02
   1.6434925579406454e-01   2.6705114357397891e-02
   1.6436489090977599e-01   1.3351812719189782e-02
   1.6442601734610590e-01  -1.1427083528678178e-06
