   1.0960012993365567e+00  -1.4735492215895218e-01
   1.0970675328428316e+00  -1.6337492540713575e-01
   1.0982609484845531e+00  -1.7937900874452520e-01
   1.0995697382442311e+00  -1.9536714823801463e-01
   1.1009820941043755e+00  -2.1133931995449787e-01
   1.1024862080474964e+00  -2.2729549996086904e-01
   1.1040702720561035e+00  -2.4323566432402197e-01
   1.1057772051860715e+00  -2.5914469880926827e-01
   1.1076439304905512e+00  -2.7501963800912432e-01
   1.1096496459479672e+00  -2.9087868123129268e-01
   1.1117735495367449e+00  -3.0674002778347476e-01
   1.1139948392353090e+00  -3.2262187697337252e-01
   1.1162927130220841e+00  -3.3854242810868773e-01
   1.1186976549395649e+00  -3.5448123444664326e-01
   1.1212454480193266e+00  -3.7041971095177018e-01
   1.1239232387234166e+00  -3.8637884949273282e-01
   1.1267181735138805e+00  -4.0237964193819586e-01
   1.1296173988527654e+00  -4.1844308015682374e-01
   1.1326080612021179e+00  -4.3459015601728090e-01
   1.1357130286160910e+00  -4.5079692798725912e-01
   1.1389580053390971e+00  -4.6704240963658039e-01
   1.1423343921185702e+00  -4.8335202548710543e-01
   1.1458335897019447e+00  -4.9975120006069418e-01
   1.1494469988366547e+00  -5.1626535787920780e-01
   1.1531660202701348e+00  -5.3291992346450634e-01
   1.1570086058927129e+00  -5.4968676230910185e-01
   1.1609953776883424e+00  -5.6654188570799724e-01
   1.1651217415448951e+00  -5.8351693688679251e-01
   1.1693831033502438e+00  -6.0064355907108691e-01
   1.1737748689922602e+00  -6.1795339548647921e-01
   1.1782924443588167e+00  -6.3547808935856875e-01
   1.1829503882835628e+00  -6.5318458556447334e-01
   1.1877660377525301e+00  -6.7104582823353331e-01
   1.1927389658821641e+00  -6.8910245946968107e-01
   1.1978687457889101e+00  -7.0739512137684946e-01
   1.2031549505892136e+00  -7.2596445605897053e-01
   1.2085971533995208e+00  -7.4485110561997803e-01
   1.2142036258000803e+00  -7.6402405321905054e-01
   1.2199891814383759e+00  -7.8345514084294310e-01
   1.2259632065317030e+00  -8.0318929883694878e-01
   1.2321350872973569e+00  -8.2327145754636100e-01
   1.2385142099526327e+00  -8.4374654731647325e-01
   1.2451099607148262e+00  -8.6465949849257895e-01
   1.2519215639654591e+00  -8.8600900835778507e-01
   1.2589602214461726e+00  -9.0777859332268129e-01
   1.2662532854144435e+00  -9.2999041242378522e-01
   1.2738281081277467e+00  -9.5266662469761432e-01
   1.2817120418435588e+00  -9.7582938918068640e-01
   1.2899324388193549e+00  -9.9950086490951917e-01
   1.2986121948139349e+00  -1.0248757685112289e+00
   1.3077890547451916e+00  -1.0522023533861651e+00
   1.3173626446092408e+00  -1.0800830837306947e+00
   1.3272325904021989e+00  -1.1071204237411842e+00
   1.3372985181201820e+00  -1.1319168376140023e+00
   1.3474600537593058e+00  -1.1530747895455140e+00
   1.3571234916053609e+00  -1.1728240641584997e+00
   1.3662606321072535e+00  -1.1931015673309500e+00
   1.3756193605057758e+00  -1.2120704451420503e+00
   1.3859475620417194e+00  -1.2278938436709874e+00
   1.3979931219558763e+00  -1.2387349089969468e+00
   1.4125039254890379e+00  -1.2427567871991141e+00
   1.4339644556555644e+00  -1.2354085707810729e+00
   1.4639176148720154e+00  -1.2161293097993013e+00
   1.4986989174824814e+00  -1.1890670866623270e+00
   1.5346438778310527e+00  -1.1583699837786774e+00
   1.5680880102618209e+00  -1.1281860835568798e+00
   1.5953668291188761e+00  -1.1026634684054619e+00
   1.6173031099466899e+00  -1.0809105394164362e+00
   1.6373882065201169e+00  -1.0594051134137152e+00
   1.6559605005288203e+00  -1.0383493964036778e+00
   1.6733583736624633e+00  -1.0179455943927023e+00
   1.6899202076107112e+00  -9.9839591338716671e-01
   1.7059843840632261e+00  -9.7990255939345028e-01
   1.7215447535539412e+00  -9.6240923494704611e-01
   1.7364094743002181e+00  -9.4566686608737971e-01
   1.7506383895168658e+00  -9.2958849407672739e-01
   1.7642913424186908e+00  -9.1408716017736558e-01
   1.7774281762205040e+00  -8.9907590565157036e-01
   1.7901087341371122e+00  -8.8446777176161839e-01
   1.8023467303312890e+00  -8.7028411827318264e-01
   1.8141380958192797e+00  -8.5656561047018887e-01
   1.8255159990961058e+00  -8.4325424789229142e-01
   1.8365136086567841e+00  -8.3029203007914476e-01
   1.8471640929963347e+00  -8.1762095657040290e-01
   1.8575006206097762e+00  -8.0518302690572108e-01
   1.8675313754164944e+00  -7.9300199409520633e-01
   1.8772550218422417e+00  -7.8111456827931236e-01
   1.8866904491415866e+00  -7.6948218469321183e-01
   1.8958565465690991e+00  -7.5806627857207820e-01
   1.9047722033793477e+00  -7.4682828515108401e-01
   1.9134563088269019e+00  -7.3572963966540295e-01
   1.9219141916324718e+00  -7.2478934351358415e-01
   1.9301467436353239e+00  -7.1403577534342189e-01
   1.9381661987678629e+00  -7.0344443626395747e-01
   1.9459847909624945e+00  -6.9299082738423223e-01
   1.9536147541516233e+00  -6.8265044981328793e-01
   1.9610683222676548e+00  -6.7239880466016555e-01
   1.9683491375445028e+00  -6.6225173550329752e-01
   1.9754581862104732e+00  -6.5222918578731881e-01
   1.9824037181895569e+00  -6.4231280642057531e-01
   1.9891939834057435e+00  -6.3248424831141292e-01
   1.9958372317830260e+00  -6.2272516236817754e-01
   2.0023417132453942e+00  -6.1301719949921463e-01
   2.0087095029237227e+00  -6.0337357405105763e-01
   2.0149415024956405e+00  -5.9381046191057918e-01
   2.0210442017052705e+00  -5.8431395629663352e-01
   2.0270240902967362e+00  -5.7487015042807477e-01
   2.0328876580141610e+00  -5.6546513752375704e-01
   2.0386413946016679e+00  -5.5608501080253481e-01
   2.0442881200425074e+00  -5.4674320184375458e-01
   2.0498282813573736e+00  -5.3745314636354558e-01
   2.0552648088465522e+00  -5.2820094378593763e-01
   2.0606006328103295e+00  -5.1897269353495967e-01
   2.0658386835489919e+00  -5.0975449503464143e-01
   2.0709818913628264e+00  -5.0053244770901140e-01
   2.0760327222566022e+00  -4.9131790797631258e-01
   2.0809933620419701e+00  -4.8212424147561439e-01
   2.0858663207295383e+00  -4.7294056146218333e-01
   2.0906541083299133e+00  -4.6375598119128780e-01
   2.0953592348537038e+00  -4.5455961391819510e-01
   2.0999842103115167e+00  -4.4534057289817286e-01
   2.1045332835454058e+00  -4.3610992785738667e-01
   2.1090085233532445e+00  -4.2687856574813487e-01
   2.1134091696793678e+00  -4.1763532566488459e-01
   2.1177344624681114e+00  -4.0836904670210306e-01
   2.1219836416638125e+00  -3.9906856795425694e-01
   2.1261559472108056e+00  -3.8972272851581335e-01
   2.1302560637938250e+00  -3.8034079161296741e-01
   2.1342885653639194e+00  -3.7093323239873288e-01
   2.1382525257648921e+00  -3.6149070785780424e-01
   2.1421470188405491e+00  -3.5200387497487706e-01
   2.1459711184346939e+00  -3.4246339073464616e-01
   2.1497238983911311e+00  -3.3285991212180721e-01
   2.1534139245886976e+00  -3.2320214067357356e-01
   2.1570465243067360e+00  -3.1349854956942347e-01
   2.1606159134898086e+00  -3.0373945325744878e-01
   2.1641163080824812e+00  -2.9391516618574154e-01
   2.1675419240293157e+00  -2.8401600280239336e-01
   2.1708869772748773e+00  -2.7403227755549653e-01
   2.1741635861441155e+00  -2.6397062770472246e-01
   2.1773823788817679e+00  -2.5383872459849521e-01
   2.1805353363120794e+00  -2.4362843381803398e-01
   2.1836144392592951e+00  -2.3333162094455831e-01
   2.1866116685476591e+00  -2.2294015155928834e-01
   2.1895190050014159e+00  -2.1244589124344362e-01
   2.1923560560760511e+00  -2.0185333828365840e-01
   2.1951379595903147e+00  -1.9116774529012123e-01
   2.1978499919133512e+00  -1.8038210932938251e-01
   2.2004774294143070e+00  -1.6948942746799328e-01
   2.2030055484623272e+00  -1.5848269677250351e-01
   2.2054196254265550e+00  -1.4735491430946385e-01
   2.2077515985892142e+00  -1.3610784030777476e-01
   2.2100276648711121e+00  -1.2474445789699964e-01
   2.2122244885992748e+00  -1.1325959849468240e-01
   2.2143187341007251e+00  -1.0164809351836845e-01
   2.2162870657024878e+00  -8.9904774385602293e-02
   2.2181061477315871e+00  -7.8024472513928717e-02
   2.2198390817886402e+00  -6.6005384411571194e-02
   2.2215324247376236e+00  -5.3847547569557841e-02
   2.2231380238005984e+00  -4.1548554879640293e-02
   2.2246077261996255e+00  -2.9105999233569588e-02
   2.2258933791567670e+00  -1.6517473523096307e-02
   2.2269468298940840e+00  -3.7805706399717948e-03
   2.2278844721481463e+00   9.1104783268215334e-03
   2.2288082422852717e+00   2.2159185748071540e-02
   2.2296483014721438e+00   3.5364573921683545e-02
   2.2303348108754451e+00   4.8725665145562577e-02
   2.2307979316618578e+00   6.2241481717612054e-02
   2.2309678249980660e+00   7.5911045935737831e-02
   2.2308967642458786e+00   8.9744657579538173e-02
   2.2306963472461137e+00   1.0374964128460351e-01
   2.2303857218839687e+00   1.1792055663282644e-01
   2.2299840360446397e+00   1.3225196320609922e-01
   2.2295104376133241e+00   1.4673842058631506e-01
   2.2289840744752181e+00   1.6137448835536627e-01
   2.2281951011340011e+00   1.7617496562834595e-01
   2.2269781990167603e+00   1.9115135200988478e-01
   2.2254193063938028e+00   2.0629325781618330e-01
   2.2236043615354353e+00   2.2159029336343922e-01
   2.2216193027119671e+00   2.3703206896785217e-01
   2.2195500681937044e+00   2.5260819494562214e-01
   2.2172584500412036e+00   2.6833838783248343e-01
   2.2145826572573282e+00   2.8423830650691517e-01
   2.2115732535258426e+00   3.0029147479923318e-01
   2.2082808025305112e+00   3.1648141653975337e-01
   2.2047558679550998e+00   3.3279165555879220e-01
   2.2010490134833738e+00   3.4920571568666547e-01
   2.1970496784298419e+00   3.6574713844737239e-01
   2.1926409352919869e+00   3.8243601983650621e-01
   2.1878637975280308e+00   3.9925071539177615e-01
   2.1827592785961967e+00   4.1616958065089094e-01
   2.1773683919547073e+00   4.3317097115155911e-01
   2.1717321510617853e+00   4.5023324243149021e-01
   2.1657527287009133e+00   4.6738679608684530e-01
   2.1593288751753281e+00   4.8465601321807628e-01
   2.1524964702228866e+00   5.0201021861932638e-01
   2.1452913935814468e+00   5.1941873708473707e-01
   2.1377495249888647e+00   5.3685089340845227e-01
   2.1299067441829984e+00   5.5427601238461388e-01
   2.1216713404983594e+00   5.7173726145017689e-01
   2.1129505960026949e+00   5.8926789190812434e-01
   2.1037788795337149e+00   6.0682235435163590e-01
   2.0941905599291313e+00   6.2435509937389411e-01
   2.0842200060266536e+00   6.4182057756808042e-01
   2.0739015866639927e+00   6.5917323952737528e-01
   2.0631454988226055e+00   6.7648153847319836e-01
   2.0518634596203675e+00   6.9379621864282637e-01
   2.0400921180996203e+00   7.1104516715322441e-01
   2.0278681233027012e+00   7.2815627112136028e-01
   2.0152281242719510e+00   7.4505741766419964e-01
   2.0022087700497102e+00   7.6167649389870840e-01
   1.9887177620376444e+00   7.7813855687643552e-01
   1.9746685070590095e+00   7.9453228091172878e-01
   1.9601062122885300e+00   8.1073097901575819e-01
   1.9450760849009299e+00   8.2660796419969373e-01
   1.9296233320709348e+00   8.4203654947470319e-01
   1.9137931609732672e+00   8.5689004785195733e-01
   1.8974804945440149e+00   8.7147141361536917e-01
   1.8805963230315363e+00   8.8597061942105604e-01
   1.8632099545789682e+00   9.0009150583849096e-01
   1.8453906973294507e+00   9.1353791343714386e-01
   1.8272078594261196e+00   9.2601368278648843e-01
   1.8087307490121127e+00   9.3722265445599706e-01
   1.7898191131202021e+00   9.4801919525757106e-01
   1.7703701327965595e+00   9.5894982008525542e-01
   1.7505092672044289e+00   9.6925659163173450e-01
   1.7303619755070503e+00   9.7818157258969385e-01
   1.7100537168676644e+00   9.8496682565181903e-01
   1.6897099504495139e+00   9.8885441351079439e-01
   1.6691533393975539e+00   9.9092903297060608e-01
   1.6482448359699760e+00   9.9274532949234617e-01
   1.6271673329998797e+00   9.9425028875435895e-01
   1.6061037233203599e+00   9.9539089643498924e-01
   1.5852368997645132e+00   9.9611413821258132e-01
   1.5647497551654372e+00   9.9636699976547993e-01
   1.5444541821862841e+00   9.9439226660449942e-01
   1.5241619055863478e+00   9.8903318576229460e-01
   1.5040555663429325e+00   9.8113743519996999e-01
   1.4843178054333435e+00   9.7155269287863022e-01
   1.4651312638348877e+00   9.6112663675938081e-01
   1.4466785825248687e+00   9.5070694480332540e-01
   1.4287995716360338e+00   9.3928958447118738e-01
   1.4112818962687472e+00   9.2566160792009633e-01
   1.3942299798517368e+00   9.1035732015576520e-01
   1.3777482458137347e+00   8.9391102618390972e-01
   1.3619411175834706e+00   8.7685703101024337e-01
   1.3469130185896736e+00   8.5972963964047944e-01
   1.3325413292257602e+00   8.4212366906751512e-01
   1.3186594270130609e+00   8.2346419667787629e-01
   1.3053057310721816e+00   8.0403091806772653e-01
   1.2925186605237262e+00   7.8410352883322754e-01
   1.2803366344882980e+00   7.6396172457053957e-01
   1.2687980720865042e+00   7.4388520087582843e-01
   1.2578076494313635e+00   7.2371714473253490e-01
   1.2472563395366054e+00   7.0319652534929700e-01
   1.2371620068738993e+00   6.8244671166007320e-01
   1.2275425159149129e+00   6.6159107259881955e-01
   1.2184157311313142e+00   6.4075297709949142e-01
   1.2097995169947726e+00   6.2005579409604772e-01
   1.2016117043286090e+00   5.9943856022912889e-01
   1.1937700593097358e+00   5.7879035197970663e-01
   1.1862923494402084e+00   5.5815959804222637e-01
   1.1791963422220810e+00   5.3759472711113387e-01
   1.1724998051574094e+00   5.1714416788087880e-01
   1.1662205057482478e+00   4.9685634904590670e-01
   1.1602827722505225e+00   4.7670600454018919e-01
   1.1546119948598144e+00   4.5664783594685432e-01
   1.1492275339876612e+00   4.3670022343407733e-01
   1.1441487500456013e+00   4.1688154717003689e-01
   1.1393950034451725e+00   3.9721018732290914e-01
   1.1349856545979127e+00   3.7770452406087029e-01
   1.1308446361286193e+00   3.5835607859516116e-01
   1.1269002234995567e+00   3.3914588533897183e-01
   1.1231782913784616e+00   3.2007659426340912e-01
   1.1197047144330714e+00   3.0115085533957947e-01
   1.1165053673311234e+00   2.8237131853858727e-01
   1.1136061247403548e+00   2.6374063383153978e-01
   1.1109210752596648e+00   2.4525880400684924e-01
   1.1083711861449408e+00   2.2692106974240650e-01
   1.1059926500494022e+00   2.0872293784353668e-01
   1.1038216596262671e+00   1.9065991511556268e-01
   1.1018944075287547e+00   1.7272750836380735e-01
   1.1002470864100833e+00   1.5492122439359585e-01
   1.0987549239215186e+00   1.3724659452577331e-01
   1.0973158054115135e+00   1.1970610971625550e-01
   1.0959999100790669e+00   1.0229071622296890e-01
   1.0948774171231792e+00   8.4991360303838068e-02
   1.0940185057428495e+00   6.7798988216790410e-02
   1.0934933551370776e+00   5.0704546219751144e-02
   1.0931733803254369e+00   3.3717567142092571e-02
   1.0928897122392482e+00   1.6845647763304904e-02
   1.0926521039451322e+00   7.6830266486166421e-05
   1.0924703085097096e+00  -1.6600843165262752e-02
   1.0923540789996009e+00  -3.3199330348843079e-02
   1.0923131684814267e+00  -4.9730589101156741e-02
   1.0924446431903840e+00  -6.6194196215261375e-02
   1.0928158457298913e+00  -8.2581387250392380e-02
   1.0933919437189012e+00  -9.8891608172711531e-02
   1.0941381047763667e+00  -1.1512430494837833e-01
   1.0950194965212410e+00  -1.3127892354355528e-01
   1.0960012865724760e+00  -1.4735490992440192e-01
