   1.0660373186452052e+01  -7.6051503198645868e-03   1.3629417436033736e-04  -3.2416328842125101e-07  -2.6556277124944638e-07  -1.2945525209811802e-04
   1.0660130919700642e+01   3.9254499733975760e-02   1.3602053439224911e-04   8.6684629857981058e-06   8.3940936201675329e-06  -1.2918976429656840e-04
   1.0659125813571054e+01   8.6104263803157763e-02   1.3516896256093999e-04   1.7625048347699808e-05   1.7018097958584846e-05  -1.2835847436026948e-04
   1.0657358612151357e+01   1.3293177424581509e-01   1.3374324777687185e-04   2.6507941042207604e-05   2.5569602261711465e-05  -1.2696496761924265e-04
   1.0654830869720220e+01   1.7972464111960071e-01   1.3174974875251752e-04   3.5279706637373987e-05   3.4012106173825624e-05  -1.2501531948908655e-04
   1.0651545016235614e+01   2.2647053832851488e-01   1.2919721146987943e-04   4.3903309529423241e-05   4.2309629048413427e-05  -1.2251808945629476e-04
   1.0647504315032450e+01   2.7315729291793439e-01   1.2609675739489948e-04   5.2342636279513305e-05   5.0426887610324929e-05  -1.1948427037997958e-04
   1.0642712744719352e+01   3.1977291693415139e-01   1.2246191410658804e-04   6.0562775225366160e-05   5.8329483624005579e-05  -1.1592721523184889e-04
   1.0637174902293768e+01   3.6630557959661109e-01   1.1830861938010822e-04   6.8530071072755465e-05   6.5984095105547133e-05  -1.1186255940815097e-04
   1.0630895999491997e+01   4.1274358588395416e-01   1.1365509197574250e-04   7.6212010024891055e-05   7.3358649221821131e-05  -1.0730815151558724e-04
   1.0623881931518563e+01   4.5907544009743506e-01   1.0852155165673311e-04   8.3577147234700617e-05   8.0422456394702734e-05  -1.0228397692008404e-04
   1.0616139321747085e+01   5.0529001006319363e-01   1.0292989634998758e-04   9.0595229448494759e-05   8.7146306995533116e-05  -9.6812045552758025e-05
   1.0607675459194583e+01   5.5137671712510239e-01   9.6903511376603095e-05   9.7237510283500341e-05   9.3502560494667335e-05  -9.0916228359662677e-05
   1.0598498139505578e+01   5.9732563537334138e-01   9.0467320372717030e-05   1.0347711716705024e-04   9.9465265687391410e-05  -8.4622056447382322e-05
   1.0588615512334197e+01   6.4312743037864795e-01   8.3648013504853495e-05   1.0928931142165965e-04   1.0501032451279019e-04  -7.7956518398482910e-05
   1.0578036043908426e+01   6.8877317084173839e-01   7.6474228005853699e-05   1.1465157715048287e-04   1.1011566417757321e-04  -7.0947887124193153e-05
   1.0566768612804740e+01   7.3425412772127630e-01   6.8976443306898052e-05   1.1954358830070923e-04   1.1476135116287022e-04  -6.3625584095788150e-05
   1.0554822644689558e+01   7.7956167499883644e-01   6.1186522425697802e-05   1.2394714671296926e-04   1.1892959981255002e-04  -5.6020067660164596e-05
   1.0542208154249591e+01   8.2468733125780913e-01   5.3137073329640831e-05   1.2784614210446655e-04   1.2260469204735381e-04  -4.8162728848705541e-05
   1.0528935633015690e+01   8.6962289555321060e-01   4.4860938476708422e-05   1.3122651754423085e-04   1.2577288857505009e-04  -4.0085790185331169e-05
   1.0515015841102468e+01   9.1436059837137174e-01   3.6391038837948710e-05   1.3407620241177583e-04   1.2842242092164826e-04  -3.1822211800367360e-05
   1.0500459628857708e+01   9.5889321933769411e-01   2.7760555129638637e-05   1.3638501901461463e-04   1.3054359378648314e-04  -2.3405601037762749e-05
   1.0485277877058019e+01   1.0032141721204746e+00   1.9003205455727136e-05   1.3814463467982493e-04   1.3212894042921312e-04  -1.4870100569360013e-05
   1.0469481539724947e+01   1.0473175696663024e+00   1.0153340464525099e-05   1.3934865147664503e-04   1.3317332862337899e-04  -6.2502160453246308e-06
   1.0453081696403016e+01   1.0911982500978761e+00   1.2457418757512280e-06   1.3999286684561135e-04   1.3367394809924311e-04   2.4194424528643632e-06
   1.0436089536643925e+01   1.1348517094830517e+00  -7.6847635472099487e-06   1.4007562613963393e-04   1.3363019477254912e-04   1.1104487322436079e-05
   1.0418516287245872e+01   1.1782739060658447e+00  -1.6603654181388246e-05   1.3959809169906081e-04   1.3304353222138465e-04   1.9771076982344477e-05
   1.0400373164953521e+01   1.2214609785822437e+00  -2.5476885863596764e-05   1.3856424219484636e-04   1.3191740402070630e-04   2.8386134267661993e-05
   1.0381671421112147e+01   1.2644090039677680e+00  -3.4270919285725290e-05   1.3698051719235709e-04   1.3025720437396715e-04   3.6917380470366346e-05
   1.0362422450657363e+01   1.3071139328108794e+00  -4.2952745808393333e-05   1.3485519693713969e-04   1.2807025389535010e-04   4.5333183899592319e-05
   1.0342637852587870e+01   1.3495717564353942e+00  -5.1490012772534539e-05   1.3219776531718110e-04   1.2536572944299226e-04   5.3602322282216159e-05
   1.0322329338354196e+01   1.3917788264874864e+00  -5.9851211636224191e-05   1.2901854693023415e-04   1.2215455764608870e-04   6.1693823626838437e-05
   1.0301508493402519e+01   1.4337321581801856e+00  -6.8005800386993957e-05   1.2532879269987608e-04   1.1844933759111349e-04   6.9577030625776385e-05
   1.0280186520145465e+01   1.4754295646395421e+00  -7.5924178409804264e-05   1.2114116066095147e-04   1.1426434650016380e-04   7.7221924578195687e-05
   1.0258374123311006e+01   1.5168695761947790e+00  -8.3577577219519337e-05   1.1647032516247145e-04   1.0961560326450169e-04   8.4599601295850399e-05
   1.0236081607794494e+01   1.5580512151162709e+00  -9.0938037985109581e-05   1.1133337996046953e-04   1.0452088652375323e-04   9.1682701589105938e-05
   1.0213319113844936e+01   1.5989737452684794e+00  -9.7978607816179823e-05   1.0574982486350284e-04   9.8999604927524324e-05   9.8445624778058916e-05
   1.0190096828746000e+01   1.6396364816665685e+00  -1.0467371908959412e-04   9.9741162004061810e-05   9.3072513834218249e-05   1.0486448158977949e-04
   1.0166425051282678e+01   1.6800386777812630e+00  -1.1099955157428818e-04   9.3330321496893211e-05   8.6761396495526371e-05   1.1091688517877637e-04
   1.0142314105980532e+01   1.7201794736274716e+00  -1.1693415291007284e-04   8.6541168914396126e-05   8.0088879206989679e-05   1.1658173949504331e-04
   1.0117774203962540e+01   1.7600579044930103e+00  -1.2245723784936046e-04   7.9398224851484709e-05   7.3078478061632484e-05   1.2183913235557790e-04
   1.0092815348896371e+01   1.7996729988363662e+00  -1.2754979942973849e-04   7.1926567682765503e-05   6.5754822518818620e-05   1.2667033627305365e-04
   1.0067447304826484e+01   1.8390239795692569e+00  -1.3219379479736978e-04   6.4151820970282034e-05   5.8143873416071071e-05   1.3105785959692558e-04
   1.0041679566183245e+01   1.8781105151020858e+00  -1.3637212653659232e-04   5.6100176155471884e-05   5.0272940153546223e-05   1.3498551864852079e-04
   1.0015521276449086e+01   1.9169328969637063e+00  -1.4006896017148713e-04   4.7798483498973286e-05   4.2170414471987145e-05   1.3843857029688015e-04
   9.9889811243135398e+00   1.9554920208994402e+00  -1.4327022055715222e-04   3.9274447533899625e-05   3.3865303704353755e-05   1.4140395782002039e-04
   9.9620673193847811e+00   1.9937891421075402e+00  -1.4596401474144944e-04   3.0556861498020725e-05   2.5386762302852088e-05   1.4387063573027606e-04
   9.9347877293375291e+00   2.0318255089264987e+00  -1.4814078166568785e-04   2.1675702492739362e-05   1.6763820691212392e-05   1.4582981450347068e-04
   9.9071501456062467e+00   2.0696020580713403e+00  -1.4979312391413349e-04   1.2661916396419609e-05   8.0254016538949600e-06   1.4727493210529456e-04
   9.8791625260947509e+00   2.1071193182354273e+00  -1.5091543689052067e-04   3.5468886804448065e-06  -7.9943612461460677e-07   1.4820128984367802e-04
   9.8508330475985737e+00   2.1443775422546758e+00  -1.5150353089374646e-04  -5.6381821233775032e-06  -9.6811958939141433e-06   1.4860551924516250e-04
   9.8221699152625668e+00   2.1813769620030579e+00  -1.5155441239455151e-04  -1.4862692277207072e-05  -1.8589763236104862e-05   1.4848520042356889e-04
   9.7931810399917101e+00   2.2181180191393084e+00  -1.5106628620014135e-04  -2.4096625037754665e-05  -2.7494451464313509e-05   1.4783888945802304e-04
   9.7638737813822853e+00   2.2546014814157114e+00  -1.5003872863950031e-04  -3.3310195973115812e-05  -3.6364258132875853e-05   1.4666655075275768e-04
   9.7342548977651724e+00   2.2908284463696913e+00  -1.4847292367289723e-04  -4.2473441563860418e-05  -4.5168233206879519e-05   1.4497011192208614e-04
   9.7043306954275188e+00   2.3268002841407811e+00  -1.4637186606598446e-04  -5.1556056759955262e-05  -5.3875845368910563e-05   1.4275377339675264e-04
   9.6741072467022704e+00   2.3625185531828916e+00  -1.4374048782692382e-04  -6.0527591989766098e-05  -6.2457276383437365e-05   1.4002388134217166e-04
   9.6435905407359996e+00   2.3979848793611760e+00  -1.4058570419531776e-04  -6.9357867809507313e-05  -7.0883620489768377e-05   1.3678847834600912e-04
   9.6127865265425818e+00   2.4332007837496423e+00  -1.3691637516021466e-04  -7.8017342553388048e-05  -7.9126970780771851e-05   1.3305685172792196e-04
   9.5817011065832300e+00   2.4681674958906070e+00  -1.3274315839893576e-04  -8.6477248164825351e-05  -8.7160347047109352e-05   1.2883935942995621e-04
   9.5503401508585419e+00   2.5028858489824861e+00  -1.2807823919770185e-04  -9.4709506474669120e-05  -9.4957423454866921e-05   1.2414757971340647e-04
   9.5187095270882889e+00   2.5373563500215219e+00  -1.2293498927305578e-04  -1.0268659053667043e-04  -1.0249210383772155e-04   1.1899459757591271e-04
   9.4868150692057540e+00   2.5715794275514843e+00  -1.1732769279095435e-04  -1.1038149893183823e-04  -1.0973814025345258e-04   1.1339518159198310e-04
   9.4546624225006539e+00   2.6055557381101995e+00  -1.1127150250312967e-04  -1.1776789037401070e-04  -1.1666907835557376e-04   1.0736573745637429e-04
   9.4222568107868909e+00   2.6392863551621009e+00  -1.0478269436215737e-04  -1.2482029674545819e-04  -1.2325871840788882e-04   1.0092411420795501e-04
   9.3896028751006799e+00   2.6727727261540601e+00  -9.7879107960087121e-05  -1.3151429547512383e-04  -1.2948199879539608e-04   9.4089426065110290e-05
   9.3567047278899267e+00   2.7060164274493466e+00  -9.0580512324941656e-05  -1.3782658587252686e-04  -1.3531590212103627e-04   8.6881985568353515e-05
   9.3235662326588589e+00   2.7390188695173312e+00  -8.2908644801044467e-05  -1.4373500489326830e-04  -1.4073988775220960e-04   7.9323307654187647e-05
   9.2901913528159454e+00   2.7717811177614280e+00  -7.4886854787569652e-05  -1.4921855458853621e-04  -1.4573559164069523e-04   7.1436073051060032e-05
   9.2565843504198071e+00   2.8043038961182303e+00  -6.6539529696903386e-05  -1.5425747460281921e-04  -1.5028598125018029e-04   6.3243992897087849e-05
   9.2227497143123660e+00   2.8365877146222513e+00  -5.7891612951141143e-05  -1.5883332670915210e-04  -1.5437450493685967e-04   5.4771636470197938e-05
   9.1886918852746504e+00   2.8686330053447020e+00  -4.8968447006775632e-05  -1.6292903050064240e-04  -1.5798476645534614e-04   4.6044352274605802e-05
   9.1544149768398757e+00   2.9004401935550179e+00  -3.9795946993641247e-05  -1.6652882584370122e-04  -1.6110088281445946e-04   3.7088358031833545e-05
   9.1199226656052588e+00   2.9320097166552963e+00  -3.0400901633893554e-05  -1.6961820654691479e-04  -1.6370822252530554e-04   2.7930933037411132e-05
   9.0852182751899004e+00   2.9633420466582745e+00  -2.0811155389130580e-05  -1.7218391076347241e-04  -1.6579401427813632e-04   1.8600529172625042e-05
   9.0503049342806481e+00   2.9944377368837540e+00  -1.1055559221890749e-05  -1.7421402917668858e-04  -1.6734750290285037e-04   9.1266264899301343e-06
   9.0151856676385229e+00   3.0252974450779853e+00  -1.1637637234479057e-06  -1.7569821404810323e-04  -1.6835973031856911e-04  -4.6069175970561397e-07
   8.9798633818979585e+00   3.0559218635906973e+00   8.8339835833651846e-06  -1.7662789447764462e-04  -1.6882329178213458e-04  -1.0131270441081655e-05
   8.9443408277557612e+00   3.0863115486601105e+00   1.8906936544048115e-05  -1.7699638188433984e-04  -1.6873234746916739e-04  -1.9855232575134311e-05
   8.9086206406074542e+00   3.1164667377174196e+00   2.9023876807340231e-05  -1.7679880583994245e-04  -1.6808285112738754e-04  -2.9602928088305832e-05
   8.8727054657447653e+00   3.1463872841197795e+00   3.9153176055094652e-05  -1.7603192281672280e-04  -1.6687270195152407e-04  -3.9344495610836823e-05
   8.8365980591250484e+00   3.1760727716504094e+00   4.9262956876628752e-05  -1.7469392346268370e-04  -1.6510157588401009e-04  -4.9049319030909781e-05
   8.8003012405656911e+00   3.2055227392832184e+00   5.9321303821373018e-05  -1.7278436845847932e-04  -1.6277050375615334e-04  -5.8685777006950668e-05
   8.7638176907045953e+00   3.2347368570927202e+00   6.9296409391944182e-05  -1.7030429913543057e-04  -1.5988154348455500e-04  -6.8221536211861801e-05
   8.7271497292321971e+00   3.2637149269753611e+00   7.9156581363317051e-05  -1.6725644974802651e-04  -1.5643786903590847e-04  -7.7624286914131329e-05
   8.6902992522288418e+00   3.2924567170849475e+00   8.8870150740465867e-05  -1.6364541731554605e-04  -1.5244426982105578e-04  -8.6862490010540170e-05
   8.6532678902829030e+00   3.3209617678234262e+00   9.8405402215849267e-05  -1.5947767760042284e-04  -1.4790769953655939e-04  -9.5905654349493654e-05
   8.6160572670162097e+00   3.3492293224670191e+00   1.0773063039414964e-04  -1.5476145218454762e-04  -1.4283744841738722e-04  -1.0472397797819506e-04
   8.5786691484599480e+00   3.3772584236881724e+00   1.1681432497555611e-04  -1.4950654476008379e-04  -1.3724480616383666e-04  -1.1328767238135509e-04
   8.5411053636726688e+00   3.4050480729164110e+00   1.2562539384175714e-04  -1.4372428451549951e-04  -1.3114249081350098e-04  -1.2156657498953273e-04
   8.5033675765250329e+00   3.4325972957403366e+00   1.3413332009954527e-04  -1.3742762194772769e-04  -1.2454429736935460e-04  -1.2953047689836706e-04
   8.4654571253742716e+00   3.4599050394001440e+00   1.4230821821881897e-04  -1.3063129037821456e-04  -1.1746522318281449e-04  -1.3715003374298513e-04
   8.4273750951939803e+00   3.4869699765861268e+00   1.5012083890224228e-04  -1.2335188339046885e-04  -1.0992192832033771e-04  -1.4439760654341342e-04
   8.3891225811252284e+00   3.5137903756991800e+00   1.5754260239333898e-04  -1.1560775890338510e-04  -1.0193312543708084e-04  -1.5124734311969766e-04
   8.3507009177519897e+00   3.5403641475989720e+00   1.6454569974661923e-04  -1.0741881644065993e-04  -9.3519574792075045e-05  -1.5767435494847305e-04
   8.3121116505070223e+00   3.5666890358710863e+00   1.7110323560403962e-04  -9.8806293437994215e-05  -8.4703698911340876e-05  -1.6365358252537349e-04
   8.2733562253036581e+00   3.5927628035283594e+00   1.7718935206065565e-04  -8.9792707202090519e-05  -7.5509131666901555e-05  -1.6915927960643802e-04
   8.2344356094761793e+00   3.6185832778174949e+00   1.8277929417212936e-04  -8.0401950220890557e-05  -6.5960533742727464e-05  -1.7416566531405721e-04
   8.1953501326808222e+00   3.6441482323697754e+00   1.8784942695257849e-04  -7.0659429070873885e-05  -5.6083745316648755e-05  -1.7864844372323380e-04
   8.1560996827698364e+00   3.6694552063457055e+00   1.9237724789044684e-04  -6.0592114836045931e-05  -4.5906041938190636e-05  -1.8258622346447237e-04
   8.1166841310365321e+00   3.6945013825199489e+00   1.9634143276060616e-04  -5.0228455709278507e-05  -3.5456169429418846e-05  -1.8596091589198773e-04
   8.0771037022344014e+00   3.7192835641374073e+00   1.9972191857837513e-04  -3.9598211024989430e-05  -2.4764035649913182e-05  -1.8875691877861850e-04
   8.0373590656896088e+00   3.7437981932966014e+00   2.0249999820673659e-04  -2.8732309834151145e-05  -1.3860272252172573e-05  -1.9095972493388084e-04
   7.9974511372960659e+00   3.7680413387945166e+00   2.0465840086868414e-04  -1.7662792136281704e-05  -2.7760786921301756e-06  -1.9255489264060718e-04
   7.9573807633323845e+00   3.7920086586808819e+00   2.0618135883296716e-04  -6.4228119117266105e-06   8.4563612507149872e-06  -1.9352791288889431e-04
   7.9171484711288365e+00   3.8156954230167357e+00   2.0705468623630422e-04   4.9533603533631302e-06   1.9803012091512517e-05  -1.9386482408968107e-04
   7.8767543480311435e+00   3.8390966636125987e+00   2.0726589264196191e-04   1.6430379070634833e-05   3.1227243551888195e-05  -1.9355304762354392e-04
   7.8361979993725370e+00   3.8622073916422623e+00   2.0680431573418678e-04   2.7971910388210263e-05   4.2689942895844455e-05  -1.9258207287285871e-04
   7.7954785526105725e+00   3.8850227003005235e+00   2.0566121287363465e-04   3.9540746593818531e-05   5.4150848519061764e-05  -1.9094400037975893e-04
   7.7545947771184904e+00   3.9075375841043685e+00   2.0382974805983444e-04   5.1098936479033918e-05   6.5570671610460859e-05  -1.8863406750762115e-04
   7.7135454196787228e+00   3.9297464905356319e+00   2.0130487506835480e-04   6.2607920262748213e-05   7.6912794394516854e-05  -1.8565099435785694e-04
   7.6723297097894720e+00   3.9516428489892759e+00   1.9808321915333236e-04   7.4028633305421183e-05   8.8143193919243578e-05  -1.8199668178942569e-04
   7.6309477527672041e+00   3.9732189027369396e+00   1.9416311220781405e-04   8.5321526855317543e-05   9.9228093131531098e-05  -1.7767498333027903e-04
   7.5894004378163311e+00   3.9944660019345353e+00   1.8954486416408354e-04   9.6446492497816446e-05   1.1013036910715755e-04  -1.7269000812671217e-04
   7.5476887166742443e+00   4.0153751950676044e+00   1.8423116902667062e-04   1.0736276736549659e-04   1.2080697685041795e-04  -1.6704509844373732e-04
   7.5058125686679080e+00   4.0359377174899818e+00   1.7822737751837278e-04   1.1802896139015447e-04   1.3120952412558446e-04  -1.6074350832150639e-04
   7.4637703213278739e+00   4.0561450129203367e+00   1.7154138530082731e-04   1.2840329860243290e-04   1.4128836792365982e-04  -1.5379072635578138e-04
   7.4215589038860541e+00   4.0759882290065228e+00   1.6418314032503340e-04   1.3844400527567572e-04   1.5099812486588896e-04  -1.4619706445648137e-04
   7.3791750407836307e+00   4.0954574855446468e+00   1.5616411468503225e-04   1.4810963096883488e-04   1.6030103858979342e-04  -1.3797869350039499e-04
   7.3366167058946470e+00   4.1145413617850091e+00   1.4749723051004393e-04   1.5735910374059623e-04   1.6916557797341502e-04  -1.2915628688211253e-04
   7.2938838757790680e+00   4.1332268822951752e+00   1.3819748603245818e-04   1.6615152314615120e-04   1.7756068552002115e-04  -1.1975219927170785e-04
   7.2509780143235494e+00   4.1514999305551470e+00   1.2828300871216722e-04   1.7444593085894761e-04   1.8544925131168074e-04  -1.0978826353871326e-04
   7.2079005655901902e+00   4.1693457467345203e+00   1.1777585174089936e-04   1.8220135338542281e-04   1.9278527936197708e-04  -9.9285844322730013e-05
   7.1646514327716657e+00   4.1867491561016612e+00   1.0670191865682960e-04   1.8937720781867732e-04   1.9951695038896691e-04  -8.8268045989340417e-05
   7.1212284552332861e+00   4.2036944013528954e+00   9.5089979663138193e-05   1.9593385273361806e-04   2.0559378598839758e-04  -7.6762316653604103e-05
   7.0776282195573508e+00   4.2201647189665623e+00   8.2970439464346559e-05   2.0183292003962650e-04   2.1097321721817692e-04  -6.4801450531020522e-05
   7.0338476409725041e+00   4.2361419106146636e+00   7.0374774515561672e-05   2.0703722988362708e-04   2.1562226112379273e-04  -5.2422350128350196e-05
   6.9898852795677264e+00   4.2516060738632042e+00   5.7336118721850013e-05   2.1151044780899598e-04   2.1951350541123070e-04  -3.9663729232562217e-05
   6.9457416286517013e+00   4.2665354924717755e+00   4.3890645041887324e-05   2.1521688831140906e-04   2.2261857239705212e-04  -2.6564717033210715e-05
   6.9014183806788116e+00   4.2809065988749460e+00   3.0078822496658068e-05   2.1812178270416189e-04   2.2490368675818587e-04  -1.3165485734260448e-05
   6.8569173391936742e+00   4.2946939548560623e+00   1.5945778340338142e-05   2.2019198140708963e-04   2.2632997841761932e-04   4.9064020723768408e-07
   6.8122397386640410e+00   4.3078702642562119e+00   1.5407217809603735e-06   2.2139674268028512e-04   2.2685751533001327e-04   1.4355235735563412e-05
   6.7673862820476005e+00   4.3204064232175439e+00  -1.3083932948984612e-05   2.2170822616914164e-04   2.2644972260361042e-04   2.8374379770849496e-05
   6.7223576560520657e+00   4.3322715217560930e+00  -2.7873031345902947e-05   2.2110155958240688e-04   2.2507544572601020e-04   4.2489983542363167e-05
   6.6771550942447648e+00   4.3434326479109266e+00  -4.2768552272671816e-05   2.1955465116680936e-04   2.2270852271147660e-04   5.6641890474273720e-05
   6.6317808023366220e+00   4.3538544275067901e+00  -5.7709294543556089e-05   2.1704805065901793e-04   2.1932678910853841e-04   7.0769529249596269e-05
   6.5862383970691587e+00   4.3634984384182083e+00  -7.2630830068109436e-05   2.1356509047740788e-04   2.1491216083944150e-04   8.4812383426776441e-05
   6.5405335375122151e+00   4.3723227975777812e+00  -8.7465675464415063e-05   2.0909240823724072e-04   2.0945143073096672e-04   9.8709155177052123e-05
   6.4946745914767403e+00   4.3802821549219244e+00  -1.0214317064488303e-04   2.0362086028579446e-04   2.0293601216949327e-04   1.1239589682552303e-04
   6.4486728543870662e+00   4.3873280396164036e+00  -1.1658873831910983e-04   1.9714672089881364e-04   1.9535977293309073e-04   1.2580374667502575e-04
   6.4025419758510935e+00   4.3934092073168509e+00  -1.3072298645602895e-04   1.8967282797047627e-04   1.8671659382552878e-04   1.3885744819782671e-04
   6.3562969042322690e+00   4.3984716051601200e+00  -1.4446173815972459e-04   1.8120909359720263e-04   1.7700075272796231e-04   1.5147617514112087e-04
   6.3099533346540602e+00   4.4024578840209916e+00  -1.5771773488170018e-04   1.7177188693301681e-04   1.6621170133770488e-04   1.6357749736758327e-04
   6.2635286611527361e+00   4.4053068242274147e+00  -1.7040348976465354e-04   1.6138245613642448e-04   1.5436106143228769e-04   1.7508331032075830e-04
   6.2170445473521463e+00   4.4069532318281528e+00  -1.8243359241102336e-04   1.5006549705992366e-04   1.4147694438152467e-04   1.8592435088570836e-04
   6.1705299716945490e+00   4.4073286034930037e+00  -1.9372489363884293e-04   1.3784937477611005e-04   1.2760188148996983e-04   1.9603965567893886e-04
   6.1240229645030002e+00   4.4063623208140132e+00  -2.0419462692273702e-04   1.2476865824828223e-04   1.1278538981556059e-04   2.0537018563604193e-04
   6.0775699080600303e+00   4.4039827667103646e+00  -2.1375842324048200e-04   1.1086779250172561e-04   9.7076722643183686e-05   2.1385042147971053e-04
   6.0312229332082365e+00   4.4001179179707126e+00  -2.2233064492152948e-04   9.6203226877456262e-05   8.0523651101003856e-05   2.2140450887392409e-04
   5.9850374506075008e+00   4.3946955947329771e+00  -2.2982786530015588e-04   8.0841612763044116e-05   6.3178571741269533e-05   2.2795159334460094e-04
   5.9390719790560587e+00   4.3876441457529989e+00  -2.3617377383887319e-04   6.4854113464801654e-05   4.5107319290796338e-05   2.3341872669335783e-04
   5.8933908811097222e+00   4.3788943673170504e+00  -2.4130237989049608e-04   4.8309988873493420e-05   2.6393633054619898e-05   2.3775330181751813e-04
   5.8480683700501714e+00   4.3683827621093547e+00  -2.4515747457273546e-04   3.1273936661244941e-05   7.1355063615550338e-06   2.4092570703624069e-04
   5.8031908416984894e+00   4.3560553041891428e+00  -2.4768918983302641e-04   1.3809626892560403e-05  -1.2563890073393546e-05   2.4291885790349291e-04
   5.7588552837625793e+00   4.3418704285986065e+00  -2.4885079964865041e-04  -4.0124910177575558e-06  -3.2603769650081527e-05   2.4371071099151337e-04
   5.7151638725355278e+00   4.3258004368713987e+00  -2.4859865116628977e-04  -2.2108518164285563e-05  -5.2886321480034936e-05   2.4326169968499336e-04
   5.6722172720529622e+00   4.3078316183657570e+00  -2.4689548256392969e-04  -4.0380762155359010e-05  -7.3310685486622517e-05   2.4151652212389425e-04
   5.6301098772936955e+00   4.2879642877752202e+00  -2.4371457600439996e-04  -5.8724722406458189e-05  -9.3765893977264212e-05   2.3842014216289423e-04
   5.5889287322834571e+00   4.2662138633216369e+00  -2.3904156504955443e-04  -7.7038942137659205e-05  -1.1412881299787673e-04   2.3393769118636940e-04
   5.5487551699106579e+00   4.2426130066825065e+00  -2.3287284744378224e-04  -9.5230553334915480e-05  -1.3426858784625222e-04   2.2806461718391331e-04
   5.5096662985220801e+00   4.2172134990478414e+00  -2.2521266048078313e-04  -1.1321187194048029e-04  -1.5405354186887347e-04   2.2081997019207935e-04
   5.4717336924934550e+00   4.1900860107312772e+00  -2.1607220072738929e-04  -1.3088976301565042e-04  -1.7335472567827831e-04   2.1222777319398434e-04
   5.4350188514175661e+00   4.1613167678227967e+00  -2.0547244225308813e-04  -1.4815506648050661e-04  -1.9204380020680984e-04   2.0230011132377692e-04
   5.3995675614074168e+00   4.1310018540080415e+00  -1.9344896805205362e-04  -1.6487994200395682e-04  -2.0998844500667223e-04   1.9103453110895941e-04
   5.3654063657980942e+00   4.0992413142270197e+00  -1.8005508777820361e-04  -1.8092597706117184e-04  -2.2705111867597720e-04   1.7842843712948875e-04
   5.3325431859945045e+00   4.0661352985879891e+00  -1.6536065690969646e-04  -1.9615866249876056e-04  -2.4309439765412609e-04   1.6450134553238464e-04
   5.3009716015654282e+00   4.0317830922448499e+00  -1.4944754555537627e-04  -2.1045944527758797e-04  -2.5799040043836063e-04   1.4931032659787162e-04
   5.2706762088363339e+00   3.9962839712917635e+00  -1.3240561509649589e-04  -2.2372837830472270e-04  -2.7162793876800380e-04   1.3294877303443958e-04
   5.2416362299592381e+00   3.9597377399184062e+00  -1.1433262013224683e-04  -2.3587724487382481e-04  -2.8391263270049496e-04   1.1553028558549290e-04
   5.2138261582460901e+00   3.9222432833694407e+00  -9.5337826178347874e-05  -2.4681976051606393e-04  -2.9476108262988481e-04   9.7169215084576713e-05
   5.1872144189381704e+00   3.8838951285292405e+00  -7.5545431621358184e-05  -2.5646703951478432e-04  -3.0409522364829123e-04   7.7970304705803517e-05
   5.1617622318452039e+00   3.8447796218186898e+00  -5.5093397617881202e-05  -2.6473215773681574e-04  -3.1184282891259649e-04   5.8032197049208333e-05
   5.1374243739287726e+00   3.8049727665222357e+00  -3.4126601725028607e-05  -2.7154094372741958e-04  -3.1794489666907055e-04   3.7459643090961622e-05
   5.1141519220191611e+00   3.7645407566590605e+00  -1.2787686006335799e-05  -2.7684198214713955e-04  -3.2236472516751242e-04   1.6374114648746534e-05
   5.0918956029342519e+00   3.7235425800248025e+00   8.7891644955505512e-06  -2.8060987992314262e-04  -3.2509182247346489e-04  -5.0849416282864183e-06
   5.0706080938907281e+00   3.6820329261783336e+00   3.0478612169281875e-05  -2.8284081956883605e-04  -3.2613775749319398e-04  -2.6768586256720580e-05
   5.0502445236603846e+00   3.6400637450188209e+00   5.2160321487425747e-05  -2.8354427308268211e-04  -3.2552712289528232e-04  -4.8530671865747862e-05
   5.0307616848777288e+00   3.5976839403366507e+00   7.3715272726704930e-05  -2.8273611980112416e-04  -3.2328980884162583e-04  -7.0236902704448554e-05
   5.0121171202428147e+00   3.5549379497006512e+00   9.5025597627174913e-05  -2.8043614588043838e-04  -3.1945866130846264e-04  -9.1767254665499833e-05
   4.9942689409576735e+00   3.5118644979858464e+00   1.1597776745742905e-04  -2.7666947341047088e-04  -3.1407176516347460e-04  -1.1301297988280191e-04
   4.9771764008773260e+00   3.4684964058989287e+00   1.3646623783382012e-04  -2.7146943871383635e-04  -3.0717540989714148e-04  -1.3387181213648101e-04
   4.9608006314530906e+00   3.4248614719942445e+00   1.5639495188948718e-04  -2.6487958510448161e-04  -2.9882460013632296e-04  -1.5424447353094370e-04
   4.9451049715429676e+00   3.3809838283295419e+00   1.7567667932039910e-04  -2.5695377157789042e-04  -2.8908128892996075e-04  -1.7403366801345670e-04
   4.9300548276808129e+00   3.3368851473317838e+00   1.9423221765347518e-04  -2.4775454990329780e-04  -2.7801278416606634e-04  -1.9314521644894311e-04
   4.9156174379719673e+00   3.2925854561046792e+00   2.1199095077226003e-04  -2.3735040176891682e-04  -2.6569188575281081e-04  -2.1149044251115448e-04
   4.9017618982061926e+00   3.2481036352097012e+00   2.2889186058264315e-04  -2.2581254417992523e-04  -2.5219751577897754e-04  -2.2898885425156015e-04
   4.8884594200686085e+00   3.2034576755498616e+00   2.4488255151362999e-04  -2.1321222657661698e-04  -2.3761312919759383e-04  -2.4557007111621813e-04
   4.8756834498908974e+00   3.1586645803360400e+00   2.5991515173629090e-04  -1.9961954485864163e-04  -2.2202192685475479e-04  -2.6117400905120502e-04
   4.8634093318966762e+00   3.1137397799192317e+00   2.7394121730282649e-04  -1.8510425593299559e-04  -2.0550142416401722e-04  -2.7574903205078254e-04
   4.8516136096999096e+00   3.0686962388274042e+00   2.8690987585980375e-04  -1.6973788993370747e-04  -1.8812179587925844e-04  -2.8924899876736214e-04
   4.8402734395676603e+00   3.0235438437655140e+00   2.9877192846245891e-04  -1.5359545640045955e-04  -1.6995037040718589e-04  -3.0163099115477495e-04
   4.8293665708144280e+00   2.9782897280340581e+00   3.0948810557471430e-04  -1.3675521219706996e-04  -1.5105989175958538e-04  -3.1285512796072780e-04
   4.8188719177131603e+00   2.9329396891618211e+00   3.1903569187733907e-04  -1.1929641874970099e-04  -1.3153456707007483e-04  -3.2288632220955454e-04
   4.8087702593492425e+00   2.8875000609357513e+00   3.2740792216196402e-04  -1.0129668138901795e-04  -1.1146878391535988e-04  -3.3169631948689389e-04
   4.7990444761637230e+00   2.8419789152457304e+00   3.3460536923162534e-04  -8.2830884891376094e-05  -9.0958488975041547e-05  -3.3926416697804455e-04
   4.7896790820296626e+00   2.7963857545747852e+00   3.4062453742391476e-04  -6.3972443324683472e-05  -7.0090736742495842e-05  -3.4557463366794388e-04
   4.7806593560016095e+00   2.7507298103744589e+00   3.4545136377918655e-04  -4.4795613822813976e-05  -4.8938521702695440e-05  -3.5061587396586488e-04
   4.7719706765993442e+00   2.7050180362362948e+00   3.4906423337957945e-04  -2.5376676453486073e-05  -2.7564418381398701e-05  -3.5437827736776496e-04
   4.7635984821699129e+00   2.6592541512357890e+00   3.5144457836453971e-04  -5.7927093631359503e-06  -6.0304322626845918e-06  -3.5685542635057870e-04
   4.7555287858944331e+00   2.6134394108834185e+00   3.5258786730801308e-04   1.3881258155627952e-05   1.5592733564071655e-05  -3.5804627589002371e-04
   4.7477487705795678e+00   2.5675746198571603e+00   3.5250762330096212e-04   3.3574494509191239e-05   3.7223111204357205e-05  -3.5795661877342707e-04
   4.7402469851460696e+00   2.5216620782644337e+00   3.5123010737584450e-04   5.3220424065911891e-05   5.8772836626336147e-05  -3.5659849423266506e-04
   4.7330130282359502e+00   2.4757062483128767e+00   3.4878370736645813e-04   7.2754239693506513e-05   8.0157333094342837e-05  -3.5398789064254978e-04
   4.7260370112023633e+00   2.4297128428798778e+00   3.4519025176965254e-04   9.2110209492441146e-05   1.0130215173900228e-04  -3.5014243029532797e-04
   4.7193092158808509e+00   2.3836870900943463e+00   3.4046348280280646e-04   1.1122079349662130e-04   1.2214362245030377e-04  -3.4508063777295424e-04
   4.7128201385055828e+00   2.3376323791134732e+00   3.3461466704903369e-04   1.3001818647332227e-04   1.4262398680671583e-04  -3.3882307247382277e-04
   4.7065607672420056e+00   2.2915500867052230e+00   3.2766071650113356e-04   1.4843704218838499e-04   1.6268507764620645e-04  -3.3139421276873811e-04
   4.7005227777208587e+00   2.2454404988699004e+00   3.1962924646233588e-04   1.6641641909648442e-04   1.8226480321987748e-04  -3.2282361058151950e-04
   4.6946984626348867e+00   2.1993040515774713e+00   3.1055786548135443e-04   1.8389986277720269e-04   2.0129807904532756e-04  -3.1314563667464239e-04
   4.6890804864157385e+00   2.1531420680122082e+00   3.0048919241482943e-04   2.0083409911551009e-04   2.1972066377933441e-04  -3.0239829181982102e-04
   4.6836617132934837e+00   2.1069566876061225e+00   2.8946557216271720e-04   2.1716768723014981e-04   2.3747284195254137e-04  -2.9062208511209617e-04
   4.6784352647825536e+00   2.0607502898470629e+00   2.7752683816742148e-04   2.3285057698375477e-04   2.5450072955102442e-04  -2.7785958709325648e-04
   4.6733947254357497e+00   2.0145249577698690e+00   2.6471174598236517e-04   2.4783443723563257e-04   2.7075508912968136e-04  -2.6415549615185020e-04
   4.6685342648569641e+00   1.9682823089613211e+00   2.5106113048869945e-04   2.6207298042006910e-04   2.8618921792437289e-04  -2.4955667739357397e-04
   4.6638485203107649e+00   1.9220236253529350e+00   2.3662013941635180e-04   2.7552184693059443e-04   3.0075767833817894e-04  -2.3411191083186589e-04
   4.6593323128926487e+00   1.8757500010542016e+00   2.2143816905268864e-04   2.8813844274160337e-04   3.1441657730399929e-04  -2.1787161419354768e-04
   4.6549804355055207e+00   1.8294623344738357e+00   2.0556708411879142e-04   2.9988247800478778e-04   3.2712480799229772e-04  -2.0088797351849468e-04
   4.6507876973301308e+00   1.7831612457452568e+00   1.8905941830058541e-04   3.1071737145343486e-04   3.3884511145343724e-04  -1.8321552389260841e-04
   4.6467491835490033e+00   1.7368471233703546e+00   1.7196788552251827e-04   3.2061168735017569e-04   3.4954422863769951e-04  -1.6491166834572678e-04
   4.6428604953560395e+00   1.6905203766362837e+00   1.5434622616968989e-04   3.2953937934972975e-04   3.5919228073451754e-04  -1.4603649246779240e-04
   4.6391177498115201e+00   1.6441817324574084e+00   1.3625030371745608e-04   3.3747835721553775e-04   3.6776209850445551e-04  -1.2665172224572048e-04
   4.6355173302475619e+00   1.5978323157111924e+00   1.1773827628447231e-04   3.4440823991933363e-04   3.7522913276633822e-04  -1.0681938527970172e-04
   4.6320555974240056e+00   1.5514734053765113e+00   9.8869544815659443e-05   3.5030894670619366e-04   3.8157199988802723e-04  -8.6601034474135155e-05
   4.6287288041398380e+00   1.5051060349576377e+00   7.9703247078874795e-05   3.5516124365289045e-04   3.8677317147723652e-04  -6.6057988440957889e-05
   4.6255332738142902e+00   1.4587307513348644e+00   6.0297467039085420e-05   3.5894886478058893e-04   3.9081922755483640e-04  -4.5252255179646802e-05
   4.6224656702286504e+00   1.4123477203363466e+00   4.0709766944601454e-05   3.6166058174418611e-04   3.9370048222749440e-04  -2.4247289770565598e-05
   4.6195231088235964e+00   1.3659570745355047e+00   2.0998580249759860e-05   3.6329065791986827e-04   3.9541031408712172e-04  -3.1079149867252155e-06
   4.6167030061525329e+00   1.3195591976441472e+00   1.2242713021220038e-06   3.6383746425985207e-04   3.9594476845821727e-04   1.8100560939176540e-05
   4.6140028005979623e+00   1.2731547100515337e+00  -1.8551139578264781e-05   3.6330154198158858e-04   3.9530277359181907e-04   3.9313363411958202e-05
   4.6114197922687046e+00   1.2267441987105301e+00  -3.8265590799099117e-05   3.6168480617133268e-04   3.9348682020329858e-04   6.0466697080115012e-05
   4.6089512414259151e+00   1.1803279704738998e+00  -5.7858889152681652e-05   3.5899155370498661e-04   3.9050358468699337e-04   8.1497450248385609e-05
   4.6065946314321291e+00   1.1339060860804937e+00  -7.7273584084682032e-05   3.5523034125920470e-04   3.8636401140409413e-04   1.0234263395498626e-04
   4.6043478538171776e+00   1.0874786679447204e+00  -9.6454213559206772e-05   3.5041498976337820e-04   3.8108277307644144e-04   1.2293923396531676e-04
   4.6022091426349077e+00   1.0410462049027718e+00  -1.1534556013869381e-04   3.4456365325741722e-04   3.7467748212314763e-04   1.4322476965723498e-04
   4.6001768104726288e+00   9.9460954964734305e-01  -1.3389134035554840e-04   3.3769651726220802e-04   3.6716818407931724e-04   1.6313823328377382e-04
   4.5982490175173369e+00   9.4816955755777133e-01  -1.5203445768707138e-04   3.2983391637219966e-04   3.5857742020665659e-04   1.8262075544506586e-04
   4.5964237772412755e+00   9.0172663631347771e-01  -1.6971877277748137e-04   3.2099644713995130e-04   3.4893070610190270e-04   2.0161556769893741e-04
   4.5946991916231816e+00   8.5528058235325233e-01  -1.8689117610515065e-04   3.1120712812253437e-04   3.3825698063678238e-04   2.2006740550841673e-04
   4.5930737032334905e+00   8.0883086830200712e-01  -2.0350249855529198e-04   3.0049401770690636e-04   3.2658864563801598e-04   2.3792193691841328e-04
   4.5915461352947444e+00   7.6237718326786386e-01  -2.1950667555398730e-04   2.8889125393429313e-04   3.1396116132204180e-04   2.5512576530003941e-04
   4.5901154799052337e+00   7.1591981692171403e-01  -2.3485891297204256e-04   2.7643761418747652e-04   3.0041249701014670e-04   2.7162708927484336e-04
   4.5887806211409154e+00   6.6945959694852175e-01  -2.4951434282570115e-04   2.6317354948920198e-04   2.8598280385004111e-04   2.8737659818355938e-04
   4.5875402407015606e+00   6.2299744093535525e-01  -2.6342822955348339e-04   2.4913880175812472e-04   2.7071445189542155e-04   3.0232803102824582e-04
   4.5863929921913043e+00   5.7653387825366487e-01  -2.7655755393894222e-04   2.3437227980649294e-04   2.5465226754505411e-04   3.1643812063969067e-04
   4.5853377878995047e+00   5.3006889765223486e-01  -2.8886275867321569e-04   2.1891417865835676e-04   2.3784366950300621e-04   3.2966612179960431e-04
   4.5843739357988795e+00   4.8360219460559378e-01  -3.0030840888501233e-04   2.0280864957186848e-04   2.2033851937742393e-04   3.4197340383986273e-04
   4.5835009934874735e+00   4.3713357359734734e-01  -3.1086248560272694e-04   1.8610491991281056e-04   2.0218874725982597e-04   3.5332347901948885e-04
   4.5827184604814146e+00   3.9066316794539657e-01  -3.2049515845584091e-04   1.6885592266617275e-04   1.8344796850406242e-04   3.6368246069976885e-04
   4.5820255852929002e+00   3.4419133352062536e-01  -3.2917823216081999e-04   1.5111535361308191e-04   1.6417126316221252e-04   3.7301961787268735e-04
   4.5814214752430207e+00   2.9771836796010581e-01  -3.3688576885224943e-04   1.3293525123759547e-04   1.4441511579155807e-04   3.8130766139325679e-04
   4.5809054322490974e+00   2.5124434342173679e-01  -3.4359528659001309e-04   1.1436582908110261e-04   1.2423738115942859e-04   3.8852265366762960e-04
   4.5804772224047205e+00   2.0476921032913431e-01  -3.4928839469970684e-04   9.5457655335532318e-05   1.0369715722936162e-04   3.9464374387896772e-04
   4.5801370125489598e+00   1.5829306294310933e-01  -3.5395022316550410e-04   7.6264560164934390e-05   8.2854567944435828e-05   3.9965304289135993e-04
   4.5798849641642185e+00   1.1181630079863632e-01  -3.5756810278236319e-04   5.6845096637506213e-05   6.1770551141802077e-05   4.0353579567019201e-04
   4.5797207574772969e+00   6.5339512595176688e-02  -3.6013068552174333e-04   3.7261378957292515e-05   4.0506722712086541e-05   4.0628073622866535e-04
   4.5796433942971264e+00   1.8863163248627985e-02  -3.6162839594877048e-04   1.7575945631717398e-05   1.9125284341052284e-05   4.0788035375722973e-04
   4.5796514326983226e+00  -2.7612651220196009e-02  -3.6205499964485425e-04  -2.1513584070359060e-06  -2.3111248652574269e-06   4.0833087748487202e-04
   4.5797434962278825e+00  -7.4088168477863661e-02  -3.6140909687625272e-04  -2.1864556285301686e-05  -2.3739689747351846e-05   4.0763201698326847e-04
   4.5799187194801254e+00  -1.2056367288476105e-01  -3.5969434734058970e-04  -4.1510245263962664e-05  -4.5097740537731287e-05   4.0578667170305260e-04
   4.5801768721633689e+00  -1.6703919927325239e-01  -3.5691823482362681e-04  -6.1035007354601487e-05  -6.6323018405699513e-05   4.0280080559886293e-04
   4.5805181624439646e+00  -2.1351446773004412e-01  -3.5309035801461656e-04  -8.0383474765860854e-05  -8.7353820188803148e-05   3.9868350392854190e-04
   4.5809429403504121e+00  -2.5998907735079035e-01  -3.4822159349099047e-04  -9.9498343502517787e-05  -1.0812907270259748e-04   3.9344706133830824e-04
   4.5814515380245604e+00  -3.0646275917354021e-01  -3.4232471518053011e-04  -1.1832209311247596e-04  -1.2858844767276145e-04   3.8710694523840400e-04
   4.5820443128247339e+00  -3.5293545083479727e-01  -3.3541581912267554e-04  -1.3679894227638549e-04  -1.4867256777605290e-04   3.7968163159810469e-04
   4.5827217702109069e+00  -3.9940713831635605e-01  -3.2751524299364621e-04  -1.5487555928251083e-04  -1.6832323114653448e-04   3.7119246592414123e-04
   4.5834845991843869e+00  -4.4587764108424421e-01  -3.1864714547967515e-04  -1.7250020351274265e-04  -1.8748352818572829e-04   3.6166370027214368e-04
   4.5843335721215333e+00  -4.9234657785593527e-01  -3.0883810816223977e-04  -1.8962133682051072e-04  -2.0609781326534491e-04   3.5112268493172613e-04
   4.5852694137243333e+00  -5.3881357817937447e-01  -2.9811600472730179e-04  -2.0618719728091468e-04  -2.2411165401029049e-04   3.3960000979913434e-04
   4.5862927813495276e+00  -5.8527855455633104e-01  -2.8651017588117726e-04  -2.2214699628259630e-04  -2.4147195270402661e-04   3.2712938511945331e-04
   4.5874043899464674e+00  -6.3174175731865834e-01  -2.7405281185690565e-04  -2.3745296024012635e-04  -2.5812732169730533e-04   3.1374726174011940e-04
   4.5886051691376242e+00  -6.7820350225268256e-01  -2.6078034182522211e-04  -2.5206159065096839e-04  -2.7402857202919766e-04   2.9949244611067189e-04
   4.5898963008961644e+00  -7.2466375571261310e-01  -2.4673351828458534e-04  -2.6593301488442501e-04  -2.8912903875174222e-04   2.8440602068600099e-04
   4.5912790944796287e+00  -7.7112192309264549e-01  -2.3195589898963154e-04  -2.7902880805853915e-04  -3.0338456296911519e-04   2.6853164331747451e-04
   4.5927548105629050e+00  -8.1757705514965340e-01  -2.1649175005961460e-04  -2.9130998158151113e-04  -3.1675322624763241e-04   2.5191594155488307e-04
   4.5943246015683341e+00  -8.6402835415344981e-01  -2.0038492642320297e-04  -3.0273684842808008e-04  -3.2919516054218697e-04   2.3460855323233568e-04
   4.5959896339258268e+00  -9.1047560247571524e-01  -1.8367957109853106e-04  -3.1327109950811985e-04  -3.4067272565874239e-04   2.1666157933516899e-04
   4.5977512901307875e+00  -9.5691917572316254e-01  -1.6642206892183146e-04  -3.2287870541654974e-04  -3.5115105335337631e-04   1.9812867624930801e-04
   4.5996112689894977e+00  -1.0033596205031099e+00  -1.4866270868194888e-04  -3.3153156645259244e-04  -3.6059863095957420e-04   1.7906434950678210e-04
   4.6015714887958339e+00  -1.0497971168702058e+00  -1.3045572552520694e-04  -3.3920676319561011e-04  -3.6898751579695645e-04   1.5952390819578630e-04
   4.6036338762584617e+00  -1.0962312282995743e+00  -1.1185763085365062e-04  -3.4588410254449533e-04  -3.7629302747662101e-04   1.3956403815502865e-04
   4.6058002325038645e+00  -1.1426611019232393e+00  -9.2925011408746461e-05  -3.5154394030297405e-04  -3.8249316918759663e-04   1.1924344635113094e-04
   4.6080723042560372e+00  -1.1890859219991909e+00  -7.3713317106315480e-05  -3.5616695783252292e-04  -3.8756825890909547e-04   9.8622953530672883e-05
   4.6104520058609335e+00  -1.2355052388575480e+00  -5.4277348133001209e-05  -3.5973594028286592e-04  -3.9150111404323952e-04   7.7764859047152758e-05
   4.6129415994331744e+00  -1.2819189344329551e+00  -3.4672867070421419e-05  -3.6223799504787267e-04  -3.9427772397585486e-04   5.6732012282469094e-05
   4.6155436736046909e+00  -1.3283269108690645e+00  -1.4957985259215410e-05  -3.6366538168306492e-04  -3.9588797819853757e-04   3.5587274606550115e-05
   4.6182609405549435e+00  -1.3747288146331962e+00   4.8067600754943746e-06  -3.6401439365410412e-04  -3.9632597383958595e-04   1.4393705342622916e-05
   4.6210960368533289e+00  -1.4211240462276571e+00   2.4559689554843804e-05  -3.6328343817891047e-04  -3.9558973785975784e-04  -6.7848610889384095e-06
   4.6240515148339778e+00  -1.4675120238027353e+00   4.4239700226509765e-05  -3.6147213751302473e-04  -3.9368062300009160e-04  -2.7883574978772568e-05
   4.6271300424386936e+00  -1.5138924272459751e+00   6.3787271882086714e-05  -3.5858234708990183e-04  -3.9060285315502437e-04  -4.8837140491497498e-05
   4.6303346399198313e+00  -1.5602651647350185e+00   8.3144234862847936e-05  -3.5462026148163706e-04  -3.8636354807636671e-04  -6.9580946758046955e-05
   4.6336687434710919e+00  -1.6066300592466543e+00   1.0225271126301030e-04  -3.4959775735798161e-04  -3.8097317100166845e-04  -9.0051951653341480e-05
   4.6371360377689381e+00  -1.6529865154249628e+00   1.2105419864232721e-04  -3.4353170337083987e-04  -3.7444601093524269e-04  -1.1018863056761652e-04
   4.6407402087756440e+00  -1.6993334595970864e+00   1.3948957452005617e-04  -3.3644166677112972e-04  -3.6680028615691514e-04  -1.2993005231033396e-04
   4.6444848465134676e+00  -1.7456696177385813e+00   1.5750005075440801e-04  -3.2834780953142317e-04  -3.5805775736005131e-04  -1.4921489786627102e-04
   4.6483736002458640e+00  -1.7919939113358168e+00   1.7502837291066660e-04  -3.1927062906972619e-04  -3.4824314271280038e-04  -1.6798133270817185e-04
   4.6524104652614220e+00  -1.8383056613519582e+00   1.9201938259656799e-04  -3.0923269438169266e-04  -3.3738381792636012e-04  -1.8616797224563309e-04
   4.6565999603132502e+00  -1.8846044686199386e+00   2.0841958052053672e-04  -2.9826095246990325e-04  -3.2551008455362381e-04  -2.0371530506075680e-04
   4.6609470480519457e+00  -1.9308899147548912e+00   2.2417617883584322e-04  -2.8638784887164190e-04  -3.1265580908824563e-04  -2.2056661017401879e-04
   4.6654568773388414e+00  -1.9771613472282794e+00   2.3923666301605621e-04  -2.7365062110592614e-04  -2.9885883403957302e-04  -2.3666789360603471e-04
   4.6701345842427573e+00  -2.0234178753187884e+00   2.5354960554403749e-04  -2.6008963113618273e-04  -2.8416061221831304e-04  -2.5196721670054832e-04
   4.6749853349987047e+00  -2.0696584588348541e+00   2.6706646350878425e-04  -2.4574717322242896e-04  -2.6860509339581701e-04  -2.6641422035796611e-04
   4.6800145764470242e+00  -2.1158818756343467e+00   2.7974305627617133e-04  -2.3066742778268148e-04  -2.5223762971600226e-04  -2.7996029803277023e-04
   4.6852282750546541e+00  -2.1620865202094985e+00   2.9153926610685644e-04  -2.1489698162090529e-04  -2.3510493467255848e-04  -2.9255912324866715e-04
   4.6906329441110186e+00  -2.2082702566158212e+00   3.0241663054397940e-04  -1.9848485546798190e-04  -2.1725652019033629e-04  -3.0416686665320225e-04
   4.6962354644171285e+00  -2.2544306281416588e+00   3.1233529197993091e-04  -1.8148171941834089e-04  -1.9874679860760639e-04  -3.1474184323462920e-04
   4.7020429054067172e+00  -2.3005654636344599e+00   3.2125285668491605e-04  -1.6393914093737618e-04  -1.7963608527599118e-04  -3.2424411472642612e-04
   4.7080625576374784e+00  -2.3466734941516378e+00   3.2912692486966420e-04  -1.4591002875922657e-04  -1.5998903687025232e-04  -3.3263588720581648e-04
   4.7143021811073824e+00  -2.3927543957586184e+00   3.3592050889337289e-04  -1.2745042643768584e-04  -1.3987077579293711e-04  -3.3988292944403753e-04
   4.7207702466515711e+00  -2.4388079715659625e+00   3.4160692621595755e-04  -1.0862132977730044e-04  -1.1934303966411783e-04  -3.4595615445483772e-04
   4.7274759239543398e+00  -2.4848328400926287e+00   3.4617023735446478e-04  -8.9488723631806570e-05  -9.8463451433537710e-05  -3.5083200424426887e-04
   4.7344287957682294e+00  -2.5308255118419725e+00   3.4959986841472427e-04  -7.0121238258487675e-05  -7.7289373400671411e-05  -3.5449101604115952e-04
   4.7416385618774424e+00  -2.5767806362872743e+00   3.5188230454340387e-04  -5.0586834098872883e-05  -5.5884514458719869e-05  -3.5691546515832122e-04
   4.7491150677257830e+00  -2.6226924501103430e+00   3.5299556519843172e-04  -3.0950972190197514e-05  -3.4323830648256893e-05  -3.5808797105546232e-04
   4.7568687506212433e+00  -2.6685565532677957e+00   3.5291107731859155e-04  -1.1277754515021409e-05  -1.2692581335657453e-05  -3.5799242104790337e-04
   4.7649112233135602e+00  -2.7143707743683767e+00   3.5160276926690751e-04   8.3668059048263894e-06   8.9209793537411832e-06  -3.5661678760946563e-04
   4.7732555381356541e+00  -2.7601344060748327e+00   3.4905786043420609e-04   2.7911992185459905e-05   3.0435110265936931e-05  -3.5395581716251879e-04
   4.7819158830363619e+00  -2.8058461845464282e+00   3.4528195431043663e-04   4.7282339204492591e-05   5.1779864098049536e-05  -3.5001156615347881e-04
   4.7909069172818670e+00  -2.8515022816222744e+00   3.4029451442363481e-04   6.6400369357392532e-05   7.2894038589565297e-05  -3.4479148009429228e-04
   4.8002432880754959e+00  -2.8970956096679399e+00   3.3411745383308812e-04   8.5189869040173103e-05   9.3715374245019950e-05  -3.3830575256128787e-04
   4.8099397803034440e+00  -2.9426168613506203e+00   3.2676454037602865e-04   1.0357710608799830e-04   1.1417053228862819e-04  -3.3056629727976961e-04
   4.8200120797569133e+00  -2.9880565415149629e+00   3.1823883473559378e-04   1.2148922029261195e-04   1.3417180163206188e-04  -3.2158827411977520e-04
   4.8304776442405091e+00  -3.0334066214577922e+00   3.0853974807355008e-04   1.3885143836724447e-04   1.5362286752929511e-04  -3.1139291558199825e-04
   4.8413560783399685e+00  -3.0786607716899264e+00   2.9767465932911376e-04   1.5558571655361006e-04   1.7242962317543222e-04  -3.0000928673007941e-04
   4.8526687900878569e+00  -3.1238131203098702e+00   2.8566720676382408e-04   1.7161214494052339e-04   1.9050859572326823e-04  -2.8747353693250665e-04
   4.8644382666852790e+00  -3.1688564012343563e+00   2.7255730737246861e-04   1.8685210230481798e-04   2.0778763232634333e-04  -2.7382637109420513e-04
   4.8766875862895231e+00  -3.2137805852540451e+00   2.5839419110609835e-04   2.0123074625591370e-04   2.2419936804364519e-04  -2.5911101067796781e-04
   4.8894405607465439e+00  -3.2585725767368099e+00   2.4322835225649379e-04   2.1467707519632793e-04   2.3967301441584027e-04  -2.4337353997373512e-04
   4.9027223804549118e+00  -3.3032167930494114e+00   2.2710802531516881e-04   2.2712180606504446e-04   2.5413039350522302e-04  -2.2666564535573801e-04
   4.9165602581896097e+00  -3.3476960010748327e+00   2.1008147722527585e-04   2.3849493471037731e-04   2.6748810089993616e-04  -2.0904798796431549e-04
   4.9309836520791865e+00  -3.3919918802197149e+00   1.9220200916535694e-04   2.4872490018393930e-04   2.7966293547599378e-04  -1.9059214192593954e-04
   4.9460240842952503e+00  -3.4360851609024081e+00   1.7353152909149776e-04   2.5774002112428793e-04   2.9057616593177523e-04  -1.7138015763806905e-04
   4.9617149397816105e+00  -3.4799554341196348e+00   1.5414108118066411e-04   2.6547152169714700e-04   3.0015459230830674e-04  -1.5150224819494282e-04
   4.9780915767506215e+00  -3.5235806680285036e+00   1.3410992856195697e-04   2.7185694231244488e-04   3.0832994875800975e-04  -1.3105381702810241e-04
   4.9951916598848598e+00  -3.5669363089178900e+00   1.1352559364187991e-04   2.7684294962334840e-04   3.1503942123727740e-04  -1.1013299621422270e-04
   5.0130552634995187e+00  -3.6099939227350379e+00   9.2485230206340610e-05   2.8038685934147676e-04   3.2022795504352486e-04  -8.8839665385743812e-05
   5.0317243931706717e+00  -3.6527197232560837e+00   7.1096282473020464e-05   2.8245632395949133e-04   3.2385009638214368e-04  -6.7276805854159618e-05
   5.0512421205082187e+00  -3.6950737018357089e+00   4.9474359167160383e-05   2.8302710832051926e-04   3.2586876446573859e-04  -4.5554430042674707e-05
   5.0716520270840046e+00  -3.7370099569982158e+00   2.7738881797190453e-05   2.8208010167198223e-04   3.2625139103641593e-04  -2.3794667948670603e-05
   5.0929985597574934e+00  -3.7784780934771875e+00   6.0097545881985416e-06   2.7960008122834747e-04   3.2496745008376790e-04  -2.1346050237569535e-06
   5.1153281314355841e+00  -3.8194246629979318e+00  -1.5591888368342956e-05   2.7557874987885124e-04   3.2199166356403015e-04   1.9276885031977138e-05
   5.1386899211406538e+00  -3.8597932951652849e+00  -3.6939201619209649e-05   2.7002224928389959e-04   3.1731305932041566e-04   4.0289253318064496e-05
   5.1631351370677363e+00  -3.8995228502566959e+00  -5.7895537328719578e-05   2.6295969549888960e-04   3.1094472520380251e-04   6.0763240592230526e-05
   5.1887143538693836e+00  -3.9385442952950740e+00  -7.8315473648398211e-05   2.5444714310277793e-04   3.0292741153265939e-04   8.0579049755510247e-05
   5.2154739127491920e+00  -3.9767781155008666e+00  -9.8052135671083054e-05   2.4456325504519812e-04   2.9332420978046630e-04   9.9633845585396746e-05
   5.2434532089119976e+00  -4.0141340346333942e+00  -1.1696707949243540e-04   2.3339831482607963e-04   2.8221034049105194e-04   1.1782983528179570e-04
   5.2726841828639124e+00  -4.0505135175802698e+00  -1.3493698741993526e-04   2.2104323489498582e-04   2.6966579105449143e-04   1.3506180765431592e-04
   5.3031926733670520e+00  -4.0858138104622412e+00  -1.5185402698914455e-04   2.0758574043669889e-04   2.5577586781745567e-04   1.5121486905417519e-04
   5.3349996590349962e+00  -4.1199313718217532e+00  -1.6762169139902732e-04   1.9311601533039614e-04   2.4063791139469724e-04   1.6617680797121888e-04
   5.3681201425949432e+00  -4.1527631700255858e+00  -1.8215111394031202e-04   1.7773703438544796e-04   2.2436719682087202e-04   1.7985881496916951e-04
   5.4025589362507409e+00  -4.1842060744053340e+00  -1.9536172818728089e-04   1.6157081910570084e-04   2.0709576413918335e-04   1.9221094057346463e-04
   5.4383049521599984e+00  -4.2141561994225532e+00  -2.0718587733543258e-04   1.4475433000637268e-04   1.8896394536605803e-04   2.0322093841467509e-04
   5.4753270907158544e+00  -4.2425103653941418e+00  -2.1757335147853227e-04   1.2742614340599998e-04   1.7011042187867100e-04   2.1289625275725996e-04
   5.5135742430415879e+00  -4.2691705513756792e+00  -2.2649193109639733e-04   1.0971183622113823e-04   1.5066750618554560e-04   2.2124078295825361e-04
   5.5529795364153705e+00  -4.2940502228992905e+00  -2.3392348650819343e-04   9.1717005159156010e-05   1.3076349493448293e-04   2.2824173494805501e-04
   5.5934663763085783e+00  -4.3170801139807082e+00  -2.3985881159598895e-04   7.3531566388510309e-05   1.1052786115842856e-04   2.3387475124200341e-04
   5.6349529224528734e+00  -4.3382113148577455e+00  -2.4429510363033603e-04   5.5241413657942923e-05   9.0092981463815836e-05   2.3812277617108959e-04
   5.6773530724176453e+00  -4.3574151149180294e+00  -2.4723742448747461e-04   3.6938928214156278e-05   6.9589658266135598e-05   2.4099461598226258e-04
   5.7205747987624376e+00  -4.3746808109837669e+00  -2.4870193444103593e-04   1.8725280007395818e-05   4.9139720190509353e-05   2.4252958887344820e-04
   5.7645187822892936e+00  -4.3900134165482729e+00  -2.4871725276844287e-04   7.0371656880693027e-07   2.8852098876956747e-05   2.4278483392617392e-04
   5.8090801686297748e+00  -4.4034325253432449e+00  -2.4732213587702449e-04  -1.7030624406911506e-05   8.8260890270716321e-06   2.4181425819382344e-04
   5.8541540263918703e+00  -4.4149721524279864e+00  -2.4456103931590819e-04  -3.4396987898764564e-05  -1.0840717375227343e-05   2.3965360178722651e-04
   5.8996423377339688e+00  -4.4246803267042765e+00  -2.4048106406834334e-04  -5.1327448525878173e-05  -3.0046650672732491e-05   2.3632117580389044e-04
   5.9454590916973791e+00  -4.4326172736501368e+00  -2.3513267953733998e-04  -6.7759394696435623e-05  -4.8687800269035633e-05   2.3183268655698765e-04
   5.9915311607961304e+00  -4.4388520418044202e+00  -2.2857345487446826e-04  -8.3627789925715731e-05  -6.6666835292707250e-05   2.2621925441956695e-04
   6.0377952900145262e+00  -4.4434585366974648e+00  -2.2087147272411837e-04  -9.8862505888563668e-05  -8.3902297743169350e-05   2.1953649360852544e-04
   6.0841938218239360e+00  -4.4465122904246046e+00  -2.1210529042972940e-04  -1.1339200079004415e-04  -1.0033121638686520e-04   2.1185969851052582e-04
   6.1306721700365427e+00  -4.4480887136021963e+00  -2.0236005939802831e-04  -1.2715023997132032e-04  -1.1590320117987409e-04   2.0327003998561654e-04
   6.1771794180068396e+00  -4.4482625739367414e+00  -1.9172234615910119e-04  -1.4008216799984069e-04  -1.3057098217833922e-04   1.9384187460268036e-04
   6.2236710541430185e+00  -4.4471078003733764e+00  -1.8027692919107450e-04  -1.5214488327593265e-04  -1.4428497371311109e-04   1.8363878151958260e-04
   6.2701114608525863e+00  -4.4446968405609590e+00  -1.6810699764750498e-04  -1.6330498268468508e-04  -1.5699593078903582e-04   1.7271881050927318e-04
   6.3164741889093694e+00  -4.4410994838976228e+00  -1.5529646309631607e-04  -1.7353477724781186e-04  -1.6866324383879689e-04   1.6114337918024920e-04
   6.3627397637529128e+00  -4.4363816919476591e+00  -1.4193170866828305e-04  -1.8281001388854038e-04  -1.7926221039981947e-04   1.4898311929918226e-04
   6.4088924244261936e+00  -4.4306050663406733e+00  -1.2810095901898857e-04  -1.9110999703868549e-04  -1.8878490256071947e-04   1.3631745357651665e-04
   6.4549176577704905e+00  -4.4238271307252486e+00  -1.1389158888900139e-04  -1.9841919369154324e-04  -1.9723455842975750e-04   1.2322939082508552e-04
   6.5008015355729896e+00  -4.4161020338659087e+00  -9.9387222644576822e-05  -2.0472875848728919e-04  -2.0461811744388594e-04   1.0979948906149694e-04
   6.5465315172818093e+00  -4.4074810621524092e+00  -8.4666305635217214e-05  -2.1003698394396939e-04  -2.1094195494286561e-04   9.6102189497068301e-05
   6.5920975740394807e+00  -4.3980126166228768e+00  -6.9802424964822887e-05  -2.1434864475030428e-04  -2.1621240172267305e-04   8.2205360798056148e-05
   6.6374926617061716e+00  -4.3877417990606027e+00  -5.4865396736307561e-05  -2.1767378058414478e-04  -2.2043874785299152e-04   6.8172034086378153e-05
   6.6827123513016087e+00  -4.3767100590887500e+00  -3.9921985733723819e-05  -2.2002647537450206e-04  -2.2363536032708742e-04   5.4062817239376146e-05
   6.7277540712779915e+00  -4.3649552696378420e+00  -2.5035918525377543e-05  -2.2142394395757684e-04  -2.2582158031578248e-04   3.9937849674018306e-05
   6.7726164682948840e+00  -4.3525122452428340e+00  -1.0267656698346574e-05  -2.2188603770624429e-04  -2.2702071627577058e-04   2.5857608765487002e-05
   6.8172989961525010e+00  -4.3394134079488218e+00   4.3255323835687129e-06  -2.2143517379852619e-04  -2.2726003611658752e-04   1.1882219903760453e-05
   6.8618015069222933e+00  -4.3256892643697258e+00   1.8689239573629059e-05  -2.2009656368003047e-04  -2.2657185206103426e-04  -1.9305413428459049e-06
   6.9061236989253336e+00  -4.3113685600669394e+00   3.2771837542022676e-05  -2.1789844750485040e-04  -2.2499373359866846e-04  -1.5527579372048220e-05
   6.9502646508237076e+00  -4.2964782149353233e+00   4.6525037536325095e-05  -2.1487198704013690e-04  -2.2256596542185892e-04  -2.8861694660564518e-05
   6.9942228898315886e+00  -4.2810432283500193e+00   5.9904793121534459e-05  -2.1105066800907219e-04  -2.1932681796495499e-04  -4.1890755604334764e-05
   7.0379971843017932e+00  -4.2650866611482838e+00   7.2871766400833612e-05  -2.0646942639188659e-04  -2.1530879959346627e-04  -5.4575308737715682e-05
   7.0815876599211958e+00  -4.2486296861927508e+00   8.5390766853305432e-05  -2.0116395286230300e-04  -2.1053920302427511e-04  -6.6876382291616238e-05
   7.1249964249409539e+00  -4.2316916763810104e+00   9.7429346721958102e-05  -1.9517052021628492e-04  -2.0504539222339767e-04  -7.8755217536758166e-05
   7.1682270836525577e+00  -4.2142903632208304e+00   1.0895643961166970e-04  -1.8852628573900925e-04  -1.9886152296858881e-04  -9.0175181233107971e-05
   7.2112832641689595e+00  -4.1964421349701908e+00   1.1994195416527664e-04  -1.8126966508727515e-04  -1.9203184632906367e-04  -1.0110429372579773e-04
   7.2541670461747634e+00  -4.1781624612165986e+00   1.3035754462581125e-04  -1.7344035509146428e-04  -1.8460788178733368e-04  -1.1151619845068622e-04
   7.2968783402891981e+00  -4.1594662773624718e+00   1.4017793166569694e-04  -1.6507890804793405e-04  -1.7664107883459066e-04  -1.2138860809885534e-04
   7.3394156677016076e+00  -4.1403680918698607e+00   1.4938180578541615e-04  -1.5622614018714036e-04  -1.6817581765570232e-04  -1.3070033884161338e-04
   7.3817778337862192e+00  -4.1208817053797686e+00   1.5795173066152269e-04  -1.4692277215435108e-04  -1.5924732130889781e-04  -1.3942925680786677e-04
   7.4239653796003635e+00  -4.1010197000099931e+00   1.6587321520053635e-04  -1.3720947777451215e-04  -1.4988558518042407e-04  -1.4755279215733404e-04
   7.4659808717820804e+00  -4.0807930659139728e+00   1.7313365395589829e-04  -1.2712717426292206e-04  -1.4012238425016880e-04  -1.5505066773773048e-04
   7.5078279078480783e+00  -4.0602112905485805e+00   1.7972180272099122e-04  -1.1671721570612264e-04  -1.2999662620328758e-04  -1.6190776980717252e-04
   7.5495095638793348e+00  -4.0392829381518558e+00   1.8562797340353432e-04  -1.0602127116504004e-04  -1.1955482406056684e-04  -1.6811502386128598e-04
   7.5910273008890288e+00  -4.0180163973718344e+00   1.9084461738784779e-04  -9.5080944897461616e-05  -1.0884692785520678e-04  -1.7366771649269050e-04
   7.6323809283172075e+00  -3.9964203378193499e+00   1.9536678701715258e-04  -8.3937382981986679e-05  -9.7920621922992961e-05  -1.7856258684246799e-04
   7.6735694674550219e+00  -3.9745036048103564e+00   1.9919217281148027e-04  -7.2631075942718683e-05  -8.6817656685642068e-05  -1.8279572249582519e-04
   7.7145922267055438e+00  -3.9522746627688279e+00   2.0232077337499352e-04  -6.1201882759064820e-05  -7.5573948602675919e-05  -1.8636243992113685e-04
   7.7554494177260427e+00  -3.9297409927345979e+00   2.0475448114937549e-04  -4.9689145624725201e-05  -6.4222636872829331e-05  -1.8925878327634123e-04
   7.7961420892723465e+00  -3.9069088491181154e+00   2.0649684232091923e-04  -3.8131748565255522e-05  -5.2797739856266458e-05  -1.9148330709759925e-04
   7.8366716324397077e+00  -3.8837835034018529e+00   2.0755306066344326e-04  -2.6568066559988123e-05  -4.1336225535528064e-05  -1.9303801792445224e-04
   7.8770392793552766e+00  -3.8603697682352416e+00   2.0793013719839571e-04  -1.5035844684572665e-05  -2.9877706561247968e-05  -1.9392829519146240e-04
   7.9172458457647394e+00  -3.8366724467314537e+00   2.0763698530951258e-04  -3.5720660090097154e-06  -1.8462478363868815e-05  -1.9416234981517059e-04
   7.9572916917108989e+00  -3.8126964686148095e+00   2.0668442966909376e-04   7.7871677260857110e-06  -7.1293399466388046e-06  -1.9375075935140589e-04
   7.9971767491990855e+00  -3.7884467312721375e+00   2.0508510141795932e-04   1.9006744247675235e-05   4.0856279097300245e-06  -1.9270609991967866e-04
   8.0369005481423219e+00  -3.7639278490952086e+00   2.0285330042994692e-04   3.0052627947113818e-05   1.5148989435466591e-05  -1.9104236554721426e-04
   8.0764623096999308e+00  -3.7391440074653115e+00   2.0000488460834195e-04   4.0891901398443069e-05   2.6029046611692914e-05  -1.8877410687425628e-04
   8.1158611871419382e+00  -3.7140989683150791e+00   1.9655719725748466e-04   5.1492758900788410e-05   3.6694894755385362e-05  -1.8591574816026278e-04
   8.1550965918322227e+00  -3.6887961366464754e+00   1.9252900453633180e-04   6.1824500043394112e-05   4.7116037937247501e-05  -1.8248172544549514e-04
   8.1941683950535253e+00  -3.6632385857681582e+00   1.8794041421692283e-04   7.1857591790122128e-05   5.7262654786038915e-05  -1.7848761276786885e-04
   8.2330768174328810e+00  -3.6374290353501237e+00   1.8281277726089567e-04   8.1563818599459815e-05   6.7106150010089302e-05  -1.7395160562562754e-04
   8.2718220265686551e+00  -3.6113698646221293e+00   1.7716860366731515e-04   9.0916452126260362e-05   7.6619502954747179e-05  -1.6889531818132619e-04
   8.3104036962121004e+00  -3.5850632273062857e+00   1.7103152311683165e-04   9.9890329474912191e-05   8.5777176255739796e-05  -1.6334324908985674e-04
   8.3488208317519312e+00  -3.5585112296666681e+00   1.6442628527736742e-04   1.0846178511400791e-04   9.4554758530816896e-05  -1.5732121740836936e-04
   8.3870719767147364e+00  -3.5317160452469052e+00   1.5737875308410862e-04   1.1660850131546811e-04   1.0292875501846576e-04  -1.5085481532555058e-04
   8.4251556297807753e+00  -3.5046798640840873e+00   1.4991583557668359e-04   1.2430942086755545e-04   1.1087681403135506e-04  -1.4396887418179473e-04
   8.4630705530466166e+00  -3.4774047007216042e+00   1.4206534900209101e-04   1.3154482792690963e-04   1.1837828706551316e-04  -1.3668814924460947e-04
   8.5008157593908145e+00  -3.4498922055636219e+00   1.3385585645777468e-04   1.3829657030685840e-04   1.2541469798893758e-04  -1.2903853744042969e-04
   8.5383902356340524e+00  -3.4221436281749540e+00   1.2531656086675356e-04   1.4454827897794189e-04   1.3196973120233369e-04  -1.2104783344789292e-04
   8.5757926629616019e+00  -3.3941599589005502e+00   1.1647728314172261e-04   1.5028543887264488e-04   1.3802873377766100e-04  -1.1274548908366927e-04
   8.6130213721125060e+00  -3.3659421287100812e+00   1.0736847578153336e-04   1.5549528321162284e-04   1.4357814409723656e-04  -1.0416164792883681e-04
   8.6500745508227350e+00  -3.3374911025940177e+00   9.8021174730393432e-05   1.6016662303281254e-04   1.4860534394656386e-04  -9.5326235655133931e-05
   8.6869505000745431e+00  -3.3088077984749593e+00   8.8466831084476374e-05   1.6428976916349570e-04   1.5309909121728543e-04  -8.6268747998303780e-05
   8.7236477002954054e+00  -3.2798929184257157e+00   7.8737067225464048e-05   1.6785661989660098e-04   1.5705020316265580e-04  -7.7018775284441951e-05
   8.7601646195462095e+00  -3.2507468580166163e+00   6.8863481881253522e-05   1.7086084617212664e-04   1.6045193906207686e-04  -6.7606740717523196e-05
   8.7964994182972855e+00  -3.2213697938641910e+00   5.8877608132375937e-05   1.7329802210376463e-04   1.6329977014196298e-04  -5.8064217884580236e-05
   8.8326497891600209e+00  -3.1917618944875219e+00   4.8811012994067083e-05   1.7516558683791934e-04   1.6559072280145787e-04  -4.8423554171802272e-05
   8.8686130519395068e+00  -3.1619234874538504e+00   3.8695411238940492e-05   1.7646264994885001e-04   1.6732281549299374e-04  -3.8717040432134592e-05
   8.9043864154420209e+00  -3.1318550418876692e+00   2.8562652623070557e-05   1.7718976783878392e-04   1.6849500341870944e-04  -2.8976154520358363e-05
   8.9399671977705513e+00  -3.1015569681342976e+00   1.8444545901182180e-05   1.7734883973330153e-04   1.6910760600655252e-04  -1.9231306003711349e-05
   8.9753528578887263e+00  -3.0710293776215170e+00   8.3726162888844717e-06   1.7694318892869050e-04   1.6916281051156093e-04  -9.5121470616551083e-06
   9.0105408635088420e+00  -3.0402719724381755e+00  -1.6220645672411520e-06   1.7597777125225766e-04   1.6866484246765937e-04   1.5183877446416152e-07
   9.0455285447196179e+00  -3.0092841309342795e+00  -1.1508923865639795e-05   1.7445937201791316e-04   1.6761974496999022e-04   9.7308870083135942e-06
   9.0803130559699525e+00  -2.9780651132638498e+00  -2.1257888877249613e-05   1.7239666349970915e-04   1.6603507620952923e-04   1.9194922012746828e-05
   9.1148914318370693e+00  -2.9466142435853273e+00  -3.0839474027755356e-05   1.6980008377379000e-04   1.6391987805126627e-04   2.8513946806878175e-05
   9.1492606143666926e+00  -2.9149309753338621e+00  -4.0224991742534056e-05   1.6668160419605141e-04   1.6128495570002325e-04   3.7658612841879279e-05
   9.1834173580786107e+00  -2.8830148535118107e+00  -4.9386771265672907e-05   1.6305451078169262e-04   1.5814313808319136e-04   4.6600661428363361e-05
   9.2173580571979894e+00  -2.8508654536584679e+00  -5.8298202930162938e-05   1.5893330141155331e-04   1.5450911880038321e-04   5.5313049855185000e-05
   9.2510786543294774e+00  -2.8184823518064306e+00  -6.6933530589773240e-05   1.5433371560508868e-04   1.5039879893509006e-04   6.3769792993890786e-05
   9.2845747620765078e+00  -2.7858651042830958e+00  -7.5267524224683366e-05   1.4927282575209974e-04   1.4582850424562683e-04   7.1945720536049205e-05
   9.3178419669927557e+00  -2.7530131774391431e+00  -8.3275305889369516e-05   1.4376908880806450e-04   1.4081463962333863e-04   7.9816365751825727e-05
   9.3508761216000007e+00  -2.7199258125623822e+00  -9.0932541669098169e-05   1.3784230377984487e-04   1.3537409085976953e-04   8.7358067572078222e-05
   9.3836734088695621e+00  -2.6866019011877720e+00  -9.8215974989912693e-05   1.3151350314970971e-04   1.2952516634766526e-04   9.4548195230011590e-05
   9.4162301132948549e+00  -2.6530399896523700e+00  -1.0510403304920506e-04   1.2480485564663436e-04   1.2328848159398658e-04   1.0136532939743313e-04
   9.4485422394453078e+00  -2.6192384710360694e+00  -1.1157717256820479e-04   1.1773963020509898e-04   1.1668721592582540e-04   1.0778930837614880e-04
   9.4806052207029463e+00  -2.5851958909316366e+00  -1.1761779332603626e-04   1.1034219166780037e-04   1.0974658106240914e-04   1.1380119694529524e-04
   9.5124138826534228e+00  -2.5509111933429462e+00  -1.2320981846810814e-04   1.0263794397848463e-04   1.0249282428484963e-04   1.1938331634764607e-04
   9.5439626382273595e+00  -2.5163837508558609e+00  -1.2833822666504657e-04   9.4653168090153223e-05   9.4952313887562990e-05   1.2451940547416132e-04
   9.5752457471415759e+00  -2.4816131545954554e+00  -1.3298880814123924e-04   8.6414803132598827e-05   8.7151114155308585e-05   1.2919482520334981e-04
   9.6062574741028630e+00  -2.4465988897729134e+00  -1.3714824352013290e-04   7.7950298986222130e-05   7.9115109078894209e-05   1.3339662417978783e-04
   9.6369921026209902e+00  -2.4113400831819245e+00  -1.4080441172394781e-04   6.9287638128241074e-05   7.0870442088490142e-05   1.3711336514355066e-04
   9.6674438823450153e+00  -2.3758354436502356e+00  -1.4394674631292790e-04   6.0455486116780540e-05   6.2443963923310798e-05   1.4033481885089815e-04
   9.6976070035689457e+00  -2.3400833857991632e+00  -1.4656650080773246e-04   5.1483292832920823e-05   5.3863496634931092e-05   1.4305179004935739e-04
   9.7274756068517441e+00  -2.3040822331901527e+00  -1.4865688154330382e-04   4.2401161732245512e-05   4.5157884078426394e-05   1.4525628770166741e-04
   9.7570437487589956e+00  -2.2678303967803397e+00  -1.5021307284248278e-04   3.3239466357121707e-05   3.6356885541297526e-05   1.4694200090436375e-04
   9.7863052542535396e+00  -2.2313264914714876e+00  -1.5123218225670390e-04   2.4028409726263708e-05   2.7490962108358432e-05   1.4810478185985827e-04
   9.8152534934463578e+00  -2.1945694104968272e+00  -1.5171310829686045e-04   1.4797813549687240e-05   1.8590971966255924e-05   1.4874278696407005e-04
   9.8438812265073103e+00  -2.1575583728474639e+00  -1.5165633323059163e-04   5.5772932657586878e-06   9.6877973205798028e-06   1.4885614808996317e-04
   9.8721806567557326e+00  -2.1202929125344858e+00  -1.5106368634360890e-04  -3.6032995315912518e-06   8.1197595236634919e-07   1.4844638013911785e-04
   9.9001437014992764e+00  -2.0827727574238497e+00  -1.4993817525869169e-04  -1.2713497708375181e-05  -8.0065471237691528e-06   1.4751592358573003e-04
   9.9277623298392683e+00  -2.0449975950300350e+00  -1.4828399189692425e-04  -2.1722213746733231e-05  -1.6738451474961116e-05   1.4606812501260865e-04
   9.9550287571135812e+00  -2.0069668167438053e+00  -1.4610673829308665e-04  -3.0598177084601093e-05  -2.5354849036049486e-05   1.4410765303274659e-04
   9.9819353796854706e+00  -1.9686793898191735e+00  -1.4341380672926822e-04  -3.9310593103055812e-05  -3.3826975161184547e-05   1.4164106383055791e-04
   1.0008474509939685e+01  -1.9301339636382910e+00  -1.4021474797212274e-04  -4.7829680330135929e-05  -4.2125944215507906e-05   1.3867716967148373e-04
   1.0034638093425929e+01  -1.8913291867130164e+00  -1.3652143532696319e-04  -5.6126860063135305e-05  -5.0222735141952576e-05   1.3522704031713372e-04
   1.0060417570608644e+01  -1.8522640812440345e+00  -1.3234791181036110e-04  -6.4174618770780517e-05  -5.8088465169163683e-05   1.3130372047540019e-04
   1.0085803915268830e+01  -1.8129382867494379e+00  -1.2770996510298361e-04  -7.1946242886483474e-05  -6.5694861664839440e-05   1.2692188341795432e-04
   1.0110787756398871e+01  -1.7733520679988333e+00  -1.2262462871860213e-04  -7.9415622935834681e-05  -7.3014733644627690e-05   1.2209759243027605e-04
   1.0135359468996535e+01  -1.7335061218351087e+00  -1.1710986287311006e-04  -8.6557188769048466e-05  -8.0022242213245555e-05   1.1684819554766846e-04
   1.0159509200430511e+01  -1.6934013137411510e+00  -1.1118457599717068e-04  -9.3345919300181723e-05  -8.6692883163255787e-05   1.1119228062428481e-04
   1.0183226891532257e+01  -1.6530384728283811e+00  -1.0486894835794625e-04  -9.9757374398605408e-05  -9.3003262514435188e-05   1.0514963636259380e-04
   1.0206502361882473e+01  -1.6124182991139722e+00  -9.8184832838885483e-05  -1.0576779319139967e-04  -9.8930863724084933e-05   9.8741247935547468e-05
   1.0229325447946422e+01  -1.5715413645849201e+00  -9.1155960690116790e-05  -1.1135436578023812e-04  -1.0445399610883747e-04   9.1989394321174118e-05
   1.0251686092956827e+01  -1.5304081741102875e+00  -8.3807811421084314e-05  -1.1649571794694453e-04  -1.0955198383032699e-04   8.4917853236105413e-05
   1.0273574284498968e+01  -1.4890192831318001e+00  -7.6167228819629061e-05  -1.2117248089824268e-04  -1.1420549504642774e-04   7.7552107694923839e-05
   1.0294979838139110e+01  -1.4473754890674373e+00  -6.8262020803579553e-05  -1.2536768763173498e-04  -1.1839683269660787e-04   6.9919390216569688e-05
   1.0315892152984578e+01  -1.4054780802948461e+00  -6.0120758711483106e-05  -1.2906677054044476e-04  -1.2211006064551518e-04   6.2048462212765972e-05
   1.0336300107047855e+01  -1.3633290590650864e+00  -5.1772817201884353e-05  -1.3225713697486701e-04  -1.2533097075916014e-04   5.3969174384069858e-05
   1.0356192173209102e+01  -1.3209312189488378e+00  -4.3248513045095051e-05  -1.3492754377259021e-04  -1.2804700165964546e-04   4.5711986030800199e-05
   1.0375556684890268e+01  -1.2782880058922266e+00  -3.4579153817355434e-05  -1.3706761538269347e-04  -1.3024722324540475e-04   3.7307645578906285e-05
   1.0394382083810100e+01  -1.2354032094932779e+00  -2.5796920317452250e-05  -1.3866777360634967e-04  -1.3192241713808143e-04   2.8787139209304102e-05
   1.0412657014273423e+01  -1.1922806388554528e+00  -1.6934666129099377e-05  -1.3971962407870788e-04  -1.3306519520914982e-04   2.0181866140192004e-05
   1.0430370256496042e+01  -1.1489239541100489e+00  -8.0257762400713698e-06  -1.4021661389913427e-04  -1.3367008178922967e-04   1.1523889456907888e-05
   1.0447510606664075e+01  -1.1053367339334967e+00   8.9586548278244627e-07  -1.4015466302935101e-04  -1.3373354343197726e-04   2.8460948737403348e-06
   1.0464066823453555e+01  -1.0615227245102687e+00   9.7958989048562325e-06  -1.3953252192010199e-04  -1.3325401709820739e-04  -5.8178417014943682e-06
   1.0480027672863454e+01  -1.0174861294633930e+00   1.8639652542854874e-05  -1.3835176864091108e-04  -1.3223199470547905e-04  -1.4433675112008107e-05
   1.0495382003739158e+01  -9.7323181302672435e-01   2.7392493996388247e-05  -1.3661653184971026e-04  -1.3067016054738853e-04  -2.2966920028877315e-05
   1.0510118766570312e+01  -9.2876537208180454e-01   3.6020224731398459e-05  -1.3433312455933167e-04  -1.2857350771563534e-04  -3.1383185245149875e-05
   1.0524226961078327e+01  -8.8409311161775594e-01   4.4489288671320335e-05  -1.3150976421388611e-04  -1.2594934974723270e-04  -3.9648439266170181e-05
   1.0537695589825239e+01  -8.3922197724967895e-01   5.2766670346391578e-05  -1.2815646351687875e-04  -1.2280720999235660e-04  -4.7729186101872550e-05
   1.0550513714399342e+01  -7.9415946495735967e-01   6.0819594206832422e-05  -1.2428506834794126e-04  -1.1915865970199626e-04  -5.5592574420335244e-05
   1.0562670633589121e+01  -7.4891349636112947e-01   6.8615315008498527e-05  -1.1990935825245795e-04  -1.1501721245144947e-04  -6.3206479287854906e-05
   1.0574156095338640e+01  -7.0349226168581280e-01   7.6121257329031766e-05  -1.1504513713202086e-04  -1.1039833623621861e-04  -7.0539584825223320e-05
   1.0584960413505360e+01  -6.5790408189847061e-01   8.3305532061989264e-05  -1.0971029843033569e-04  -1.0531955348329941e-04  -7.7561476106220066e-05
   1.0595074427531072e+01  -6.1215737144131299e-01   9.0137599587795532e-05  -1.0392488988962110e-04  -9.9800535029251236e-05  -8.4242738836886742e-05
   1.0604489364747932e+01  -5.6626074785159020e-01   9.6588755836082786e-05  -9.7711185798995547e-05  -9.3863102442673030e-05  -9.0555071416110591e-05
   1.0613196739048439e+01  -5.2022324598040426e-01   1.0263225179011556e-04  -9.1093715743065866e-05  -8.7531118869727795e-05  -9.6471423629905737e-05
   1.0621188384082258e+01  -4.7405451790932068e-01   1.0824310904584623e-04  -8.4099163776181550e-05  -8.0830316710069137e-05  -1.0196617330736312e-04
   1.0628456605901551e+01  -4.2776489998020778e-01   1.1339787575591059e-04  -7.6756096400237397e-05  -7.3788131067107165e-05  -1.0701533200021252e-04
   1.0634994346270199e+01  -3.8136531228973486e-01   1.1807456005702843e-04  -6.9094588065616926e-05  -6.6433576772758290e-05  -1.1159674856905992e-04
   1.0640795251154241e+01  -3.3486706242654241e-01   1.2225281405046378e-04  -6.1145903006571805e-05  -5.8797157467508914e-05  -1.1569027539134827e-04
   1.0645853630633527e+01  -2.8828167403704175e-01   1.2591425927846656e-04  -5.2942373041935316e-05  -5.0910768266625582e-05  -1.1927788278074716e-04
   1.0650164392140235e+01  -2.4162081885508149e-01   1.2904277355899066e-04  -4.4517473366909351e-05  -4.2807562496697209e-05  -1.2234373676195593e-04
   1.0653723044444002e+01  -1.9489633828959643e-01   1.3162462520562127e-04  -3.5905943580138587e-05  -3.4521781669293051e-05  -1.2487426888873604e-04
   1.0656525795349896e+01  -1.4812027531543129e-01   1.3364847192251104e-04  -2.7143742248506989e-05  -2.6088569386180445e-05  -1.2685825458140192e-04
   1.0658569672478656e+01  -1.0130484836190107e-01   1.3510532648991142e-04  -1.8267775962462619e-05  -1.7543789779974178e-05  -1.2828688829682918e-04
   1.0659852569801679e+01  -5.4462367215156814e-02   1.3598858514909750e-04  -9.3153852810285908e-06  -8.9238562901532086e-06  -1.2915383736768942e-04
   1.0660373186452052e+01  -7.6051503198655470e-03   1.3629417436033736e-04  -3.2416328842139013e-07  -2.6556277124958058e-07  -1.2945525209811802e-04
