   1.3275532000000001e+00   7.7935729999999998e-03
   1.3268264000000001e+00   2.8616738999999999e-02
   1.3249814000000000e+00   4.9386984000000002e-02
   1.3221083000000000e+00   7.0094330999999996e-02
   1.3182870000000000e+00   9.0753405999999995e-02
   1.3135882000000001e+00   1.1140298000000000e-01
   1.3080655000000001e+00   1.3210343999999999e-01
   1.3017510000000001e+00   1.5293366999999999e-01
   1.2946903999999999e+00   1.7401337000000000e-01
   1.2869145000000000e+00   1.9549778000000001e-01
   1.2783104000000001e+00   2.1747943000000000e-01
   1.2687250000000001e+00   2.4002264000000001e-01
   1.2580347999999999e+00   2.6322495000000001e-01
   1.2460370999999999e+00   2.8711194000000001e-01
   1.2324539999999999e+00   3.1158810999999997e-01
   1.2170628999999999e+00   3.3658198000000000e-01
   1.1997087000000000e+00   3.6212707000000000e-01
   1.1800702000000001e+00   3.8790426000000000e-01
   1.1580756999999999e+00   4.1413936000000001e-01
   1.1334709000000001e+00   4.4071234999999997e-01
   1.1059953000000000e+00   4.6745270000000000e-01
   1.0754166000000001e+00   4.9443061999999999e-01
   1.0414216999999999e+00   5.2113575999999995e-01
   1.0037826000000001e+00   5.4702408999999996e-01
   9.6241270000000001e-01   5.7107958999999997e-01
   9.1748792999999995e-01   5.9203059000000002e-01
   8.6949604000000003e-01   6.0853811999999996e-01
   8.1976857999999997e-01   6.1781227999999999e-01
   7.7100820000000003e-01   6.1586099000000005e-01
   7.2993752000000001e-01   5.9364289999999997e-01
   7.0345953999999999e-01   5.4771457999999995e-01
   6.8731259000000000e-01   4.9344424999999997e-01
   6.7473945999999996e-01   4.4257723999999998e-01
   6.6367061000000005e-01   3.9654064000000000e-01
   6.5399563000000005e-01   3.5416001000000003e-01
   6.4589306000000002e-01   3.1440019000000002e-01
   6.3945516999999996e-01   2.7664044999999998e-01
   6.3461422000000001e-01   2.4056317999999999e-01
   6.3116251999999995e-01   2.0600947999999999e-01
   6.2876546000000000e-01   1.7288558000000001e-01
   6.2702784000000000e-01   1.4107780000000000e-01
   6.2574271999999997e-01   1.1036134000000000e-01
   6.2481697999999997e-01   8.0478833999999999e-02
   6.2425514000000004e-01   5.1172711000000003e-02
   6.2411313000000002e-01   2.2210193000000000e-02
   6.2452110000000005e-01  -6.6086640999999998e-03
   6.2559487999999996e-01  -3.5443189999999999e-02
   6.2740401999999995e-01  -6.4430313000000003e-02
   6.3001163000000004e-01  -9.3697400000000000e-02
   6.3347608000000000e-01  -1.2337031000000000e-01
   6.3782585999999997e-01  -1.5359226000000001e-01
   6.4307132000000000e-01  -1.8453866999999999e-01
   6.4921839000000003e-01  -2.1642934999999999e-01
   6.5625460999999996e-01  -2.4955825000000001e-01
   6.6418436000000003e-01  -2.8430151999999997e-01
   6.7302868999999999e-01  -3.2114945000000000e-01
   6.8281219000000004e-01  -3.6077060999999999e-01
   6.9364358999999998e-01  -4.0400710000000001e-01
   7.0543217999999996e-01  -4.5235398999999998e-01
   7.1806422999999997e-01  -5.0815246999999997e-01
   7.3167499000000003e-01  -5.7469037999999995e-01
   7.4923094999999995e-01  -6.5094132000000005e-01
   7.9440770999999999e-01  -6.7500004999999996e-01
   8.5435497999999999e-01  -6.4880055000000003e-01
   9.0936461999999996e-01  -6.1775822999999996e-01
   9.5868933999999995e-01  -5.8547645999999998e-01
   1.0026397000000000e+00  -5.5300181000000004e-01
   1.0416941000000000e+00  -5.2098306999999999e-01
   1.0764069999999999e+00  -4.9003690999999999e-01
   1.1073040000000001e+00  -4.6003559999999999e-01
   1.1348860000000001e+00  -4.3118408000000003e-01
   1.1594728999999999e+00  -4.0306842999999998e-01
   1.1814123000000001e+00  -3.7577116999999999e-01
   1.2008743000000000e+00  -3.4900774000000001e-01
   1.2181770000000001e+00  -3.2297730000000002e-01
   1.2334913999999999e+00  -2.9757597000000002e-01
   1.2470205000000001e+00  -2.7281032999999999e-01
   1.2590254000000001e+00  -2.4875912000000000e-01
   1.2697323000000000e+00  -2.2542529000000000e-01
   1.2793798000000001e+00  -2.0280382999999999e-01
   1.2880929000000001e+00  -1.8077952999999999e-01
   1.2959459000000000e+00  -1.5922181999999999e-01
   1.3030012000000000e+00  -1.3802027000000000e-01
   1.3092694000000000e+00  -1.1705906000000001e-01
   1.3147290000000000e+00  -9.6236137999999999e-02
   1.3193130000000000e+00  -7.5463991999999994e-02
   1.3229468000000000e+00  -5.4687512000000001e-02
   1.3255695999999999e+00  -3.3883464000000002e-02
   1.3271210000000000e+00  -1.3050455000000001e-02
   1.3275527000000000e+00   7.7933026000000004e-03
