   0.0000000e+00   6.4228046e+01
   8.1333375e-03   6.4228046e+01
   1.6265936e-02   6.4228046e+01
   2.4397197e-02   6.4228046e+01
   3.2526911e-02   6.4228046e+01
   4.0655005e-02   6.4228046e+01
   4.8781357e-02   6.5688680e+01
   5.6905653e-02   6.7536131e+01
   6.5027494e-02   6.9741513e+01
   7.3146810e-02   7.2263011e+01
   8.1263388e-02   7.5031377e+01
   8.9377026e-02   7.7968181e+01
   9.7487563e-02   8.1004701e+01
   1.0559478e-01   8.4076499e+01
   1.1369851e-01   8.7128293e+01
   1.2179847e-01   9.0121394e+01
   1.2989439e-01   9.3020195e+01
   1.3798642e-01   9.5799475e+01
   1.4607447e-01   9.8442812e+01
   1.5415846e-01   1.0093448e+02
   1.6223835e-01   1.0326582e+02
   1.7031414e-01   1.0543286e+02
   1.7838581e-01   1.0743001e+02
   1.8645308e-01   1.0926009e+02
   1.9451632e-01   1.1092563e+02
   2.0257569e-01   1.1242794e+02
   2.1063134e-01   1.1377451e+02
   2.1868342e-01   1.1497018e+02
   2.2673213e-01   1.1602240e+02
   2.3477768e-01   1.1693970e+02
   2.4282030e-01   1.1773017e+02
   2.5086008e-01   1.1840218e+02
   2.5889757e-01   1.1896477e+02
   2.6693312e-01   1.1942604e+02
   2.7496707e-01   1.1979588e+02
   2.8299980e-01   1.2008132e+02
   2.9103171e-01   1.2029179e+02
   2.9906321e-01   1.2043429e+02
   3.0709472e-01   1.2051552e+02
   3.1512678e-01   1.2054267e+02
   3.2315983e-01   1.2052090e+02
   3.3119432e-01   1.2045509e+02
   3.3923072e-01   1.2035005e+02
   3.4726949e-01   1.2020820e+02
   3.5531108e-01   1.2003211e+02
   3.6335593e-01   1.1982313e+02
   3.7140453e-01   1.1958223e+02
   3.7945762e-01   1.1930895e+02
   3.8751526e-01   1.1900285e+02
   3.9557778e-01   1.1866132e+02
   4.0364549e-01   1.1828283e+02
   4.1171863e-01   1.1786340e+02
   4.1979742e-01   1.1740044e+02
   4.2788200e-01   1.1688981e+02
   4.3597274e-01   1.1632667e+02
   4.4406965e-01   1.1570739e+02
   4.5217230e-01   1.1502596e+02
   4.6028050e-01   1.1427712e+02
   4.6839395e-01   1.1345471e+02
   4.7651223e-01   1.1255305e+02
   4.8463481e-01   1.1156481e+02
   4.9276110e-01   1.1048429e+02
   5.0089038e-01   1.0930305e+02
   5.0902135e-01   1.0801355e+02
   5.1715287e-01   1.0660901e+02
   5.2528366e-01   1.0508103e+02
   5.3341221e-01   1.0342129e+02
   5.4153687e-01   1.0162367e+02
   5.4965573e-01   9.9681350e+01
   5.5776570e-01   9.7592523e+01
   5.6586505e-01   9.5368731e+01
   5.7395122e-01   9.3040732e+01
   5.8202137e-01   9.0686589e+01
   5.9007244e-01   8.8354875e+01
   5.9810118e-01   8.6027708e+01
   6.0610417e-01   8.3710309e+01
   6.1407647e-01   8.1564720e+01
   6.2201356e-01   7.9837440e+01
   6.2991336e-01   7.8604864e+01
   6.3777204e-01   7.7870854e+01
   6.4558569e-01   7.7716825e+01
   6.5335025e-01   7.8263134e+01
   6.6106142e-01   7.9613276e+01
   6.6871444e-01   8.1869357e+01
   6.7630365e-01   8.5119200e+01
   6.8382176e-01   8.9468496e+01
   6.9125812e-01   9.4937399e+01
   6.9859239e-01   1.0115821e+02
   7.0578307e-01   1.0665475e+02
   7.1273608e-01   1.0715490e+02
   7.1915491e-01   8.9124792e+01
   7.2422366e-01   3.9871515e+02
   7.2687089e-01   2.6106768e+02
   7.2793644e-01   2.1160863e+02
   7.2846607e-01   1.9593055e+02
   7.2884555e-01   1.8840819e+02
   7.2919280e-01   1.8303677e+02
   7.2958895e-01   1.7807401e+02
   7.3021712e-01   1.7199882e+02
   7.3140424e-01   1.6293392e+02
   7.3442059e-01   1.4672697e+02
   7.3970893e-01   1.0370722e+02
   7.4599282e-01   6.1330041e+01
   7.5260116e-01   5.4974131e+01
   7.5929555e-01   5.3256521e+01
   7.6599259e-01   5.2261874e+01
   7.7265832e-01   5.1370916e+01
   7.7927666e-01   5.0181123e+01
   7.8583898e-01   4.8952171e+01
   7.9234014e-01   4.8142275e+01
   7.9877666e-01   4.7633958e+01
   8.0514565e-01   4.7300153e+01
   8.1144420e-01   4.7092550e+01
   8.1766119e-01   4.6993680e+01
   8.2379053e-01   4.7000761e+01
   8.2982137e-01   4.7106807e+01
   8.3572361e-01   4.7291099e+01
   8.4142492e-01   4.7479679e+01
   8.4673114e-01   4.7490828e+01
   8.5115601e-01   4.6854673e+01
   8.5387423e-01   4.4255176e+01
   8.5497963e-01   4.2200134e+01
   8.5551095e-01   4.1428532e+01
   8.5584447e-01   4.1072806e+01
   8.5609609e-01   4.0857031e+01
   8.5632905e-01   4.0695202e+01
   8.5658116e-01   4.0548131e+01
   8.5689236e-01   4.0397880e+01
   8.5737572e-01   4.0223937e+01
   8.5840221e-01   4.0013715e+01
   8.6078961e-01   4.0049167e+01
   8.6487982e-01   4.0836888e+01
   8.6985023e-01   4.1235833e+01
   8.7514518e-01   4.1496677e+01
   8.8052934e-01   4.1696440e+01
   8.8589280e-01   4.1914233e+01
   8.9119032e-01   4.2212273e+01
   8.9637773e-01   4.2618330e+01
   9.0138163e-01   4.3125492e+01
   9.0604853e-01   4.3610850e+01
   9.0971134e-01   4.3976907e+01
   9.1158025e-01   4.4682619e+01
   9.1254708e-01   4.3644772e+01
   9.1298041e-01   4.2179133e+01
   9.1324912e-01   4.1285708e+01
   9.1345452e-01   4.0645347e+01
   9.1363930e-01   4.0111718e+01
   9.1382831e-01   3.9608162e+01
   9.1403854e-01   3.9091187e+01
   9.1431964e-01   3.8505356e+01
   9.1474793e-01   3.7801671e+01
   9.1581404e-01   3.6974451e+01
   9.1782869e-01   3.7241217e+01
   9.2143527e-01   3.7556851e+01
   9.2570534e-01   3.7774072e+01
   9.3017180e-01   3.8049717e+01
   9.3461215e-01   3.8290742e+01
   9.3869353e-01   3.8506679e+01
   9.4189620e-01   3.9165421e+01
   9.4374904e-01   4.0519877e+01
   9.4453403e-01   3.8380358e+01
   9.4501914e-01   3.6950050e+01
   9.4527138e-01   3.6060384e+01
   9.4545156e-01   3.5547103e+01
   9.4561467e-01   3.5151865e+01
   9.4576375e-01   3.4806706e+01
   9.4592840e-01   3.4479586e+01
   9.4611281e-01   3.4145584e+01
   9.4636591e-01   3.3778365e+01
   9.4677023e-01   3.3355343e+01
   9.4757883e-01   3.3036885e+01
   9.4939412e-01   3.4192222e+01
   9.5234257e-01   3.5380633e+01
   9.5580866e-01   3.4845876e+01
   9.5931787e-01   3.4957552e+01
   9.6200404e-01   3.5989253e+01
   9.6361172e-01   3.6376766e+01
   9.6433903e-01   3.4447938e+01
   9.6465098e-01   3.3354969e+01
   9.6495125e-01   3.2711343e+01
   9.6511440e-01   3.2241016e+01
   9.6526430e-01   3.1943434e+01
   9.6539125e-01   3.1698792e+01
   9.6551768e-01   3.1493405e+01
   9.6566953e-01   3.1292623e+01
   9.6583140e-01   3.1101651e+01
   9.6607480e-01   3.0915336e+01
   9.6645768e-01   3.0780770e+01
   9.6716074e-01   3.1002399e+01
   9.6881590e-01   3.2723704e+01
   9.7112290e-01   3.4056728e+01
   9.7360902e-01   3.3590148e+01
   9.7564515e-01   3.4627344e+01
   9.7669527e-01   3.3721555e+01
   9.7726496e-01   3.2456991e+01
   9.7762425e-01   3.1605591e+01
   9.7781035e-01   3.1113299e+01
   9.7795412e-01   3.0835898e+01
   9.7808179e-01   3.0625706e+01
   9.7819278e-01   3.0459130e+01
   9.7830121e-01   3.0322580e+01
   9.7842384e-01   3.0197833e+01
   9.7855307e-01   3.0089438e+01
   9.7873242e-01   2.9998997e+01
   9.7897528e-01   2.9953342e+01
   9.7936623e-01   3.0058447e+01
   9.8011316e-01   3.0703589e+01
   9.8150266e-01   3.2670849e+01
   9.8319622e-01   3.4460505e+01
   9.8461621e-01   3.4910825e+01
   9.8556625e-01   3.3850592e+01
   9.8603436e-01   3.2526458e+01
   9.8630833e-01   3.1760764e+01
   9.8650070e-01   3.1296098e+01
   9.8663468e-01   3.0995224e+01
   9.8675320e-01   3.0786399e+01
   9.8685073e-01   3.0630262e+01
   9.8694825e-01   3.0508317e+01
   9.8704871e-01   3.0407509e+01
   9.8714921e-01   3.0333889e+01
   9.8727563e-01   3.0286768e+01
   9.8741776e-01   3.0285073e+01
   9.8769601e-01   3.0402129e+01
   9.8798134e-01   3.0781309e+01
   9.8857868e-01   3.1736689e+01
   9.8942586e-01   3.3602620e+01
   9.9042857e-01   3.5185592e+01
   9.9120853e-01   3.4831711e+01
   9.9169759e-01   3.3541528e+01
   9.9203247e-01   3.2472370e+01
   9.9219554e-01   3.1825969e+01
   9.9235862e-01   3.1443174e+01
   9.9250755e-01   3.1124633e+01
   9.9259495e-01   3.0927499e+01
   9.9268235e-01   3.0814592e+01
   9.9276963e-01   3.0732939e+01
   9.9285656e-01   3.0684699e+01
   9.9294348e-01   3.0671340e+01
   9.9304498e-01   3.0697104e+01
   9.9317293e-01   3.0781396e+01
   9.9332932e-01   3.0952693e+01
   9.9354362e-01   3.1261825e+01
   9.9386328e-01   3.1818775e+01
   9.9430217e-01   3.2670226e+01
   9.9481884e-01   3.3512458e+01
   9.9527771e-01   3.3786378e+01
   9.9561523e-01   3.3512005e+01
   9.9584405e-01   3.3085071e+01
   9.9601231e-01   3.2698007e+01
   9.9613775e-01   3.2376534e+01
   9.9623662e-01   3.2117092e+01
   9.9632373e-01   3.1897066e+01
   9.9640347e-01   3.1698404e+01
   9.9647477e-01   3.1516851e+01
   9.9654606e-01   3.1346906e+01
   9.9662346e-01   3.1172996e+01
   9.9670293e-01   3.0991482e+01
   9.9679144e-01   3.0804083e+01
   9.9690057e-01   3.0601040e+01
   9.9703303e-01   3.0375834e+01
   9.9719894e-01   3.0139115e+01
   9.9741177e-01   2.9928197e+01
   9.9766090e-01   2.9813649e+01
   9.9791386e-01   2.9836225e+01
   9.9812797e-01   2.9937018e+01
   9.9829999e-01   3.0037044e+01
   9.9842638e-01   3.0103565e+01
   9.9853083e-01   3.0142063e+01
   9.9861802e-01   3.0162744e+01
   9.9869716e-01   3.0169202e+01
   9.9876332e-01   3.0164498e+01
   9.9882949e-01   3.0154050e+01
   9.9889638e-01   3.0136427e+01
   9.9896396e-01   3.0113415e+01
   9.9903153e-01   3.0081327e+01
   9.9911608e-01   3.0036153e+01
   9.9920765e-01   2.9975049e+01
   9.9932714e-01   2.9888748e+01
   9.9947672e-01   2.9763195e+01
   9.9969077e-01   2.9763195e+01
   1.0000000e+00   2.9763195e+01
