  -3.1415926535897931e+00   3.5925656785782220e-04  -6.4172242071700533e-06
  -3.1293208072867080e+00   3.5917749821626189e-04   1.0107431648526609e-05
  -3.1170489609836229e+00   3.5833832097217401e-04   2.6616365469836131e-05
  -3.1047771146805379e+00   3.5674090606904464e-04   4.3078068745540303e-05
  -3.0925052683774528e+00   3.5438862586268261e-04   5.9461288261706509e-05
  -3.0802334220743677e+00   3.5128515943912874e-04   7.5734939984259446e-05
  -3.0679615757712821e+00   3.4743385853977331e-04   9.1867790932854021e-05
  -3.0556897294681971e+00   3.4283813218667885e-04   1.0782825062064709e-04
  -3.0434178831651120e+00   3.3750248795378523e-04   1.2358453109279646e-04
  -3.0311460368620269e+00   3.3143337064797429e-04   1.3910506499265304e-04
  -3.0188741905589418e+00   3.2463916184811498e-04   1.5435880501092394e-04
  -3.0066023442558567e+00   3.1712935814788172e-04   1.6931508197289271e-04
  -2.9943304979527716e+00   3.0891357677736606e-04   1.8394304000409790e-04
  -2.9820586516496865e+00   3.0000122042413456e-04   1.9821106242203358e-04
  -2.9697868053466014e+00   2.9040220068558587e-04   2.1208673746391814e-04
  -2.9575149590435164e+00   2.8012831341848250e-04   2.2553759276523763e-04
  -2.9452431127404308e+00   2.6919425002143931e-04   2.3853217441617626e-04
  -2.9329712664373457e+00   2.5761743141379030e-04   2.5104060391354228e-04
  -2.9206994201342606e+00   2.4541673043261211e-04   2.6303400921190803e-04
  -2.9084275738311756e+00   2.3261097800041813e-04   2.7448302118863706e-04
  -2.8961557275280905e+00   2.1921835468865123e-04   2.8535630994152563e-04
  -2.8838838812250054e+00   2.0525718318392916e-04   2.9562030460325014e-04
  -2.8716120349219203e+00   1.9074764474845377e-04   3.0524055537957655e-04
  -2.8593401886188352e+00   1.7571325472874410e-04   3.1418402856902010e-04
  -2.8470683423157501e+00   1.6018109215879147e-04   3.2242080862488143e-04
  -2.8347964960126650e+00   1.4418071177068110e-04   3.2992394184340912e-04
  -2.8225246497095799e+00   1.2774266288939845e-04   3.3666746205541793e-04
  -2.8102528034064944e+00   1.1089779244007792e-04   3.4262406039059951e-04
  -2.7979809571034093e+00   9.3677810870806526e-05   3.4776422956243777e-04
  -2.7857091108003242e+00   7.6116553245389430e-05   3.5205760659026036e-04
  -2.7734372644972392e+00   5.8250875564488960e-05   3.5547547266044069e-04
  -2.7611654181941541e+00   4.0120579947017264e-05   3.5799239131631362e-04
  -2.7488935718910690e+00   2.1767712043567198e-05   3.5958568016338459e-04
  -2.7366217255879839e+00   3.2361176531421277e-06   3.6023333422629422e-04
  -2.7243498792848988e+00  -1.5428239015454705e-05   3.5991251205977213e-04
  -2.7120780329818137e+00  -3.4176606547981220e-05   3.5860032328939129e-04
  -2.6998061866787286e+00  -5.2957303852235800e-05   3.5627656961025413e-04
  -2.6875343403756435e+00  -7.1716431954695932e-05   3.5292611304857109e-04
  -2.6752624940725580e+00  -9.0398725046948963e-05   3.4853864309887343e-04
  -2.6629906477694729e+00  -1.0894746720367971e-04   3.4310595524373423e-04
  -2.6507188014663878e+00  -1.2730329479138051e-04   3.3661934496727152e-04
  -2.6384469551633027e+00  -1.4540300945107266e-04   3.2906984052661324e-04
  -2.6261751088602177e+00  -1.6317973047720800e-04   3.2045138421768222e-04
  -2.6139032625571326e+00  -1.8056436373388947e-04   3.1076420790406879e-04
  -2.6016314162540475e+00  -1.9748687843503074e-04   3.0001557786654335e-04
  -2.5893595699509624e+00  -2.1387619274888721e-04   2.8821807020066399e-04
  -2.5770877236478773e+00  -2.2965946865422500e-04   2.7538826117545111e-04
  -2.5648158773447922e+00  -2.4476270443172366e-04   2.6154783321013933e-04
  -2.5525440310417071e+00  -2.5911263051738048e-04   2.4672545270843763e-04
  -2.5402721847386216e+00  -2.7263692205339065e-04   2.3095606930689189e-04
  -2.5280003384355365e+00  -2.8526029290041336e-04   2.1427752753480628e-04
  -2.5157284921324514e+00  -2.9689961075187756e-04   1.9672925200080567e-04
  -2.5034566458293663e+00  -3.0746602527967066e-04   1.7835735267997095e-04
  -2.4911847995262812e+00  -3.1687739768341904e-04   1.5922293410540667e-04
  -2.4789129532231962e+00  -3.2507130482240204e-04   1.3940429891921868e-04
  -2.4666411069201111e+00  -3.3200249989991538e-04   1.1898853992197106e-04
  -2.4543692606170260e+00  -3.3762126098235338e-04   9.8060531579956641e-05
  -2.4420974143139409e+00  -3.4185285121280566e-04   7.6702848319687363e-05
  -2.4298255680108558e+00  -3.4460550162791352e-04   5.5008488018823052e-05
  -2.4175537217077703e+00  -3.4580703391681630e-04   3.3091650432498916e-05
  -2.4052818754046852e+00  -3.4543547539933969e-04   1.1082549687105268e-05
  -2.3930100291016001e+00  -3.4350721848857045e-04  -1.0888249674783526e-05
  -2.3807381827985150e+00  -3.4003217072828750e-04  -3.2695554778161268e-05
  -2.3684663364954299e+00  -3.3498623107161747e-04  -5.4208135479342487e-05
  -2.3561944901923448e+00  -3.2833423872711620e-04  -7.5276822383157303e-05
  -2.3439226438892597e+00  -3.2007871615284699e-04  -9.5740924881470660e-05
  -2.3316507975861747e+00  -3.1028037385011397e-04  -1.1544631136372208e-04
  -2.3193789512830896e+00  -2.9903434559133029e-04  -1.3425342892905111e-04
  -2.3071071049800045e+00  -2.8643768308145127e-04  -1.5202882756866365e-04
  -2.2948352586769194e+00  -2.7258456216033540e-04  -1.6863657745014272e-04
  -2.2825634123738339e+00  -2.5758255280203615e-04  -1.8394140567153710e-04
  -2.2702915660707488e+00  -2.4156480079498620e-04  -1.9781795071499109e-04
  -2.2580197197676637e+00  -2.2469432181043976e-04  -2.1016103521454203e-04
  -2.2457478734645786e+00  -2.0716782795469397e-04  -2.2090111045026665e-04
  -2.2334760271614935e+00  -1.8921058583340472e-04  -2.3001780552843977e-04
  -2.2212041808584084e+00  -1.7105149549172802e-04  -2.3753035875675690e-04
  -2.2089323345553233e+00  -1.5289699045010894e-04  -2.4346546790712537e-04
  -2.1966604882522383e+00  -1.3493501909946421e-04  -2.4784679326793872e-04
  -2.1843886419491532e+00  -1.1736176395644703e-04  -2.5073659158852268e-04
  -2.1721167956460681e+00  -1.0038618728786303e-04  -2.5228700243070578e-04
  -2.1598449493429825e+00  -8.4192485468090027e-05  -2.5272831705854893e-04
  -2.1475731030398975e+00  -6.8896018043538180e-05  -2.5228887764095972e-04
  -2.1353012567368124e+00  -5.4536494691777242e-05  -2.5113042207358210e-04
  -2.1230294104337273e+00  -4.1102241054517073e-05  -2.4936622364274023e-04
  -2.1107575641306422e+00  -2.8548410917383743e-05  -2.4713205029020316e-04
  -2.0984857178275571e+00  -1.6790290279234626e-05  -2.4461518595330587e-04
  -2.0862138715244720e+00  -5.6915670158209047e-06  -2.4199837979321017e-04
  -2.0739420252213869e+00   4.9253777499781401e-06  -2.3937372931475331e-04
  -2.0616701789183018e+00   1.5248208442619441e-05  -2.3671704000530414e-04
  -2.0493983326152168e+00   2.5447579499145778e-05  -2.3394523647789022e-04
  -2.0371264863121317e+00   3.5670822977879376e-05  -2.3099675892553987e-04
  -2.0248546400090461e+00   4.6047863334620998e-05  -2.2785274223199197e-04
  -2.0125827937059610e+00   5.6686357480984239e-05  -2.2448439318496115e-04
  -2.0003109474028760e+00   6.7649096686572826e-05  -2.2079292728340160e-04
  -1.9880391010997909e+00   7.8934047291097362e-05  -2.1661462057631287e-04
  -1.9757672547967058e+00   9.0482473926723636e-05  -2.1179077832239888e-04
  -1.9634954084936207e+00   1.0221041395269847e-04  -2.0622999483431513e-04
  -1.9512235621905356e+00   1.1403101863224183e-04  -1.9990190802875445e-04
  -1.9389517158874505e+00   1.2584516789852047e-04  -1.9278148816212633e-04
  -1.9266798695843652e+00   1.3752046833128838e-04  -1.8481761671368995e-04
  -1.9144080232812801e+00   1.4889589302022463e-04  -1.7595932684777630e-04
  -1.9021361769781950e+00   1.5981608384276819e-04  -1.6620026605535621e-04
  -1.8898643306751099e+00   1.7015879330107176e-04  -1.5558744328066502e-04
  -1.8775924843720249e+00   1.7982870658695449e-04  -1.4419204631475608e-04
  -1.8653206380689396e+00   1.8873465801418727e-04  -1.3208339308972043e-04
  -1.8530487917658545e+00   1.9678268232492765e-04  -1.1932938193811251e-04
  -1.8407769454627694e+00   2.0388835893259819e-04  -1.0600837768805572e-04
  -1.8285050991596843e+00   2.0998818198368247e-04  -9.2212412359674704e-05
  -1.8162332528565992e+00   2.1504094940876729e-04  -7.8042005743403836e-05
  -1.8039614065535141e+00   2.1902680813791700e-04  -6.3600962177496641e-05
  -1.7916895602504288e+00   2.2194673569759144e-04  -4.8991900033730859e-05
  -1.7794177139473437e+00   2.2381340817690651e-04  -3.4310826747541780e-05
  -1.7671458676442586e+00   2.2463577818345332e-04  -1.9645544443805038e-05
  -1.7548740213411735e+00   2.2441584374495547e-04  -5.0805078989617563e-06
  -1.7426021750380885e+00   2.2316600075503445e-04   9.2990494127240009e-06
  -1.7303303287350031e+00   2.2092736833271518e-04   2.3411480941018838e-05
  -1.7180584824319181e+00   2.1776496209203317e-04   3.7186942740486810e-05
  -1.7057866361288330e+00   2.1374238598640151e-04   5.0568075708172581e-05
  -1.6935147898257479e+00   2.0890424906172032e-04   6.3501985112711891e-05
  -1.6812429435226628e+00   2.0328367629164355e-04   7.5934362763146625e-05
  -1.6689710972195777e+00   1.9692356325964330e-04   8.7813667518756234e-05
  -1.6566992509164924e+00   1.8988680447618413e-04   9.9099987502666601e-05
  -1.6444274046134073e+00   1.8224693641548945e-04   1.0976763397392907e-04
  -1.6321555583103222e+00   1.7407175864141996e-04   1.1979876700629400e-04
  -1.6198837120072371e+00   1.6541629297787291e-04   1.2917553247646178e-04
  -1.6076118657041520e+00   1.5632807127068628e-04   1.3787857146473406e-04
  -1.5953400194010667e+00   1.4685568394078629e-04   1.4589145580352455e-04
  -1.5830681730979816e+00   1.3705225570503641e-04   1.5320517371759330e-04
  -1.5707963267948966e+00   1.2697310465221000e-04   1.5981862100568776e-04
  -1.5585244804918115e+00   1.1667197075890004e-04   1.6573612578937773e-04
  -1.5462526341887264e+00   1.0619907719749496e-04   1.7096512581087403e-04
  -1.5339807878856411e+00   9.5600922020793068e-05   1.7551511935160293e-04
  -1.5217089415825560e+00   8.4920527182403031e-05   1.7939703394886822e-04
  -1.5094370952794709e+00   7.4197743757668078e-05   1.8262243711726024e-04
  -1.4971652489763858e+00   6.3469918138387107e-05   1.8520331660252737e-04
  -1.4848934026733007e+00   5.2772785032671223e-05   1.8715317770882640e-04
  -1.4726215563702154e+00   4.2140864985376321e-05   1.8848875461563035e-04
  -1.4603497100671303e+00   3.1606981422357379e-05   1.8923064786221453e-04
  -1.4480778637640452e+00   2.1201389399503035e-05   1.8940200054752234e-04
  -1.4358060174609601e+00   1.0951372571433866e-05   1.8902612263500853e-04
  -1.4235341711578751e+00   8.8162612606535141e-07   1.8812490838538445e-04
  -1.4112623248547900e+00  -8.9850465665412685e-06   1.8671909225284440e-04
  -1.3989904785517047e+00  -1.8627400303449835e-05   1.8482974035551088e-04
  -1.3867186322486196e+00  -2.8025960180767805e-05   1.8247944935604590e-04
  -1.3744467859455345e+00  -3.7163376006883022e-05   1.7969223024713282e-04
  -1.3621749396424494e+00  -4.6024432965972209e-05   1.7649233553198600e-04
  -1.3499030933393643e+00  -5.4595653800946502e-05   1.7290312962469441e-04
  -1.3376312470362790e+00  -6.2864860426626961e-05   1.6894687981406015e-04
  -1.3253594007331939e+00  -7.0821080863147401e-05   1.6464544051899153e-04
  -1.3130875544301088e+00  -7.8454823066656095e-05   1.6002108176109360e-04
  -1.3008157081270237e+00  -8.5758376908753883e-05   1.5509671799878729e-04
  -1.2885438618239387e+00  -9.2725782416817781e-05   1.4989538279284138e-04
  -1.2762720155208536e+00  -9.9352405073937019e-05   1.4443939636834955e-04
  -1.2640001692177683e+00  -1.0563439122604314e-04   1.3874982541602584e-04
  -1.2517283229146832e+00  -1.1156835581712549e-04   1.3284651914831840e-04
  -1.2394564766115981e+00  -1.1715144863897267e-04   1.2674855855856356e-04
  -1.2271846303085130e+00  -1.2238165772657426e-04   1.2047472847403763e-04
  -1.2149127840054279e+00  -1.2725807381457519e-04   1.1404371814309044e-04
  -1.2026409377023426e+00  -1.3178093200872276e-04   1.0747402173573029e-04
  -1.1903690913992575e+00  -1.3595145290131675e-04   1.0078371392029356e-04
  -1.1780972450961724e+00  -1.3977164768566130e-04   9.3990293740416769e-05
  -1.1658253987930873e+00  -1.4324423252382300e-04   8.7110661867980369e-05
  -1.1535535524900022e+00  -1.4637264828312659e-04   8.0161156879437033e-05
  -1.1412817061869169e+00  -1.4916104588842785e-04   7.3157538925598271e-05
  -1.1290098598838318e+00  -1.5161410684488551e-04   6.6114895417532869e-05
  -1.1167380135807468e+00  -1.5373670901488488e-04   5.9047543581222466e-05
  -1.1044661672776617e+00  -1.5553359142282796e-04   5.1969026944770196e-05
  -1.0921943209745766e+00  -1.5700921221852682e-04   4.4892244897327233e-05
  -1.0799224746714913e+00  -1.5816791552197910e-04   3.7829666827646208e-05
  -1.0676506283684062e+00  -1.5901437209211013e-04   3.0793516655021528e-05
  -1.0553787820653211e+00  -1.5955406763716313e-04   2.3795813070328491e-05
  -1.0431069357622360e+00  -1.5979356731164531e-04   1.6848248090464983e-05
  -1.0308350894591509e+00  -1.5974044005705117e-04   9.9619890964435716e-06
  -1.0185632431560658e+00  -1.5940289254007931e-04   3.1475103168114564e-06
  -1.0062913968529805e+00  -1.5878926830716888e-04  -3.5854698614527032e-06
  -9.9401955054989544e-01  -1.5790761046210829e-04  -1.0227920127404694e-05
  -9.8174770424681035e-01  -1.5676547746692687e-04  -1.6771332432577030e-05
  -9.6947585794372526e-01  -1.5537001898142692e-04  -2.3207569420265419e-05
  -9.5720401164064006e-01  -1.5372818749928601e-04  -2.9528773334722213e-05
  -9.4493216533755497e-01  -1.5184697358894096e-04  -3.5727341644448373e-05
  -9.3266031903446978e-01  -1.4973357943633351e-04  -4.1795957168375574e-05
  -9.2038847273138469e-01  -1.4739548146292368e-04  -4.7727634545363850e-05
  -9.0811662642829960e-01  -1.4484042254039295e-04  -5.3515757091950755e-05
  -8.9584478012521440e-01  -1.4207639779055501e-04  -5.9154114915407637e-05
  -8.8357293382212931e-01  -1.3911164785112643e-04  -6.4636948994272565e-05
  -8.7130108751904423e-01  -1.3595465503363300e-04  -6.9959009166511367e-05
  -8.5902924121595903e-01  -1.3261408760162759e-04  -7.5115587065229371e-05
  -8.4675739491287394e-01  -1.2909866908495318e-04  -8.0102484456236357e-05
  -8.3448554860978885e-01  -1.2541700944309581e-04  -8.4915919353377033e-05
  -8.2221370230670365e-01  -1.2157742980018561e-04  -8.9552377687742408e-05
  -8.0994185600361857e-01  -1.1758784146290943e-04  -9.4008428032688759e-05
  -7.9767000970053337e-01  -1.1345578454308190e-04  -9.8280596958800345e-05
  -7.8539816339744828e-01  -1.0918857611341519e-04  -1.0236536371488274e-04
  -7.7312631709436319e-01  -1.0479351188119864e-04  -1.0625925279814670e-04
  -7.6085447079127799e-01  -1.0027808981800616e-04  -1.0995903302079837e-04
  -7.4858262448819290e-01  -9.5650133178759451e-05  -1.1346193730528092e-04
  -7.3631077818510771e-01  -9.0917770980903100e-05  -1.1676578611810152e-04
  -7.2403893188202262e-01  -8.6089337621594942e-05  -1.1986902138706406e-04
  -7.1176708557893753e-01  -8.1173202216368410e-05  -1.2277064548475009e-04
  -6.9949523927585233e-01  -7.6177589107159280e-05  -1.2547004314882821e-04
  -6.8722339297276724e-01  -7.1110484074912684e-05  -1.2796681023586394e-04
  -6.7495154666968216e-01  -6.5979601628289708e-05  -1.3026063251900946e-04
  -6.6267970036659696e-01  -6.0792403442717016e-05  -1.3235121237729775e-04
  -6.5040785406351187e-01  -5.5556169119994635e-05  -1.3423826357841876e-04
  -6.3813600776042678e-01  -5.0278062730009740e-05  -1.3592153731448300e-04
  -6.2586416145734158e-01  -4.4965182074359550e-05  -1.3740085278268218e-04
  -6.1359231515425650e-01  -3.9624597292714541e-05  -1.3867613327053459e-04
  -6.0132046885117130e-01  -3.4263379910484060e-05  -1.3974744769510602e-04
  -5.8904862254808621e-01  -2.8888619134387061e-05  -1.4061507265453622e-04
  -5.7677677624500112e-01  -2.3507425423675502e-05  -1.4127957523422973e-04
  -5.6450492994191592e-01  -1.8126914810327350e-05  -1.4174193486518656e-04
  -5.5223308363883084e-01  -1.2754155584235740e-05  -1.4200362912241009e-04
  -5.3996123733574564e-01  -7.3961013030807692e-06  -1.4206663642420521e-04
  -5.2768939103266055e-01  -2.0595216886756886e-06  -1.4193338853894257e-04
  -5.1541754472957546e-01   3.2490672687906559e-06  -1.4160662948480492e-04
  -5.0314569842649026e-01   8.5234054091334467e-06  -1.4108919137741292e-04
  -4.9087385212340517e-01   1.3757449492017338e-05  -1.4038383012020334e-04
  -4.7860200582032003e-01   1.8945313872940116e-05  -1.3949310293370117e-04
  -4.6633015951723489e-01   2.4081181231378610e-05  -1.3841934309299916e-04
  -4.5405831321414980e-01   2.9159240533910101e-05  -1.3716477439035062e-04
  -4.4178646691106466e-01   3.4173669700018022e-05  -1.3573165082984612e-04
  -4.2951462060797951e-01   3.9118651667754475e-05  -1.3412243037227249e-04
  -4.1724277430489443e-01   4.3988437211092647e-05  -1.3233992285200739e-04
  -4.0497092800180928e-01   4.8777405568391429e-05  -1.3038732464387581e-04
  -3.9269908169872414e-01   5.3480113454432775e-05  -1.2826821191568662e-04
  -3.8042723539563900e-01   5.8091339604948157e-05  -1.2598649018491831e-04
  -3.6815538909255385e-01   6.2606088584353005e-05  -1.2354629436984695e-04
  -3.5588354278946877e-01   6.7019581695296725e-05  -1.2095191817881072e-04
  -3.4361169648638362e-01   7.1327251499885699e-05  -1.1820776377821914e-04
  -3.3133985018329848e-01   7.5524734885350765e-05  -1.1531830445541456e-04
  -3.1906800388021339e-01   7.9607845486477324e-05  -1.1228805086702613e-04
  -3.0679615757712825e-01   8.3572544705415056e-05  -1.0912152271968351e-04
  -2.9452431127404310e-01   8.7414906809426038e-05  -1.0582321912419388e-04
  -2.8225246497095796e-01   9.1131065670838456e-05  -1.0239759779969340e-04
  -2.6998061866787282e-01   9.4717181518707110e-05  -9.8849091300980775e-05
  -2.5770877236478773e-01   9.8169436312477197e-05  -9.5182143928171056e-05
  -2.4543692606170259e-01   1.0148406646353028e-04  -9.1401284404902597e-05
  -2.3316507975861744e-01   1.0465744471492523e-04  -8.7511207899257891e-05
  -2.2089323345553233e-01   1.0768615853036331e-04  -8.3516818006233975e-05
  -2.0862138715244721e-01   1.1056708721869804e-04  -7.9423249197759963e-05
  -1.9634954084936207e-01   1.1329745575468029e-04  -7.5235839242681718e-05
  -1.8407769454627693e-01   1.1587479317477389e-04  -7.0960045177140130e-05
  -1.7180584824319181e-01   1.1829687219336451e-04  -6.6601373873162567e-05
  -1.5953400194010670e-01   1.2056162983105606e-04  -6.2165314213877775e-05
  -1.4726215563702155e-01   1.2266707815744842e-04  -5.7657301621745484e-05
  -1.3499030933393641e-01   1.2461127282483654e-04  -5.3082733781419982e-05
  -1.2271846303085129e-01   1.2639231884826657e-04  -4.8446993059918555e-05
  -1.1044661672776616e-01   1.2800842238449317e-04  -4.3755479492918329e-05
  -9.8174770424681035e-02   1.2945795940921804e-04  -3.9013688944187405e-05
  -8.5902924121595906e-02   1.3073950164287508e-04  -3.4227102418061163e-05
  -7.3631077818510776e-02   1.3185184056002002e-04  -2.9401206257988955e-05
  -6.1359231515425647e-02   1.3279401704965722e-04  -2.4542132675299834e-05
  -4.9087385212340517e-02   1.3356509098572098e-04  -1.9654217601263050e-05
  -3.6815538909255388e-02   1.3416438791759958e-04  -1.4743687767068577e-05
  -2.4543692606170259e-02   1.3459177696036119e-04  -9.8225636769745408e-06
  -1.2271846303085129e-02   1.3484484209466105e-04  -4.8705890624165030e-06
   0.0000000000000000e+00   1.3492657566160888e-04   6.3036142026890856e-08
   1.2271846303085129e-02   1.3483501125941032e-04   4.9964613345515413e-06
   2.4543692606170259e-02   1.3456851148045611e-04   9.9478602939583313e-06
   3.6815538909255388e-02   1.3413070521889355e-04   1.4868022628497965e-05
   4.9087385212340517e-02   1.3352007931283856e-04   1.9777198441617082e-05
   6.1359231515425647e-02   1.3273775694250836e-04   2.4663359075034691e-05
   7.3631077818510776e-02   1.3178451845575025e-04   2.9520276490325567e-05
   8.5902924121595906e-02   1.3066112326443177e-04   3.4343607548862944e-05
   9.8174770424681035e-02   1.2936862619243003e-04   3.9127217200252541e-05
   1.1044661672776616e-01   1.2790823527710236e-04   4.3865619040203186e-05
   1.2271846303085129e-01   1.2628138484666669e-04   4.8553334051962240e-05
   1.3499030933393641e-01   1.2448971627327117e-04   5.3184872593135339e-05
   1.4726215563702155e-01   1.2253503534547395e-04   5.7754844953750769e-05
   1.5953400194010670e-01   1.2041925273635524e-04   6.2257884205336902e-05
   1.7180584824319181e-01   1.1814433048173528e-04   6.6688613312776226e-05
   1.8407769454627693e-01   1.1571227483583907e-04   7.1041622079782529e-05
   1.9634954084936207e-01   1.1312516614774758e-04   7.5311450466479112e-05
   2.0862138715244721e-01   1.1038524458010378e-04   7.9492620736421347e-05
   2.2089323345553233e-01   1.0749498734093214e-04   8.3579701822384056e-05
   2.3316507975861744e-01   1.0445716679719152e-04   8.7567375119570264e-05
   2.4543692606170259e-01   1.0127489104668188e-04   9.1450513767310989e-05
   2.5770877236478773e-01   9.7951553853139876e-05   9.5224209553334437e-05
   2.6998061866787282e-01   9.4490760452631351e-05   9.8883750911199318e-05
   2.8225246497095796e-01   9.0896253819429293e-05   1.0242458287071637e-04
   2.9452431127404310e-01   8.7171838685852764e-05   1.0584223108673652e-04
   3.0679615757712825e-01   8.3321351016871518e-05   1.0913223442660452e-04
   3.1906800388021339e-01   7.9348663741319150e-05   1.1229011255455286e-04
   3.3133985018329848e-01   7.5257718642846852e-05   1.1531135361999229e-04
   3.4361169648638362e-01   7.1052576450236527e-05   1.1819143553442638e-04
   3.5588354278946877e-01   6.6737448341125640e-05   1.2092585443188149e-04
   3.6815538909255385e-01   6.2316721309654724e-05   1.2351015087153292e-04
   3.8042723539563900e-01   5.7794983021607633e-05   1.2593994075469202e-04
   3.9269908169872414e-01   5.3177028929090063e-05   1.2821095062745541e-04
   4.0497092800180928e-01   4.8467867101206289e-05   1.3031906674973166e-04
   4.1724277430489443e-01   4.3672726015140061e-05   1.3226040233710128e-04
   4.2951462060797951e-01   3.8797052459821909e-05   1.3403139478346195e-04
   4.4178646691106466e-01   3.3846467947345594e-05   1.3562885451866410e-04
   4.5405831321414980e-01   2.8826719714096274e-05   1.3704996571612562e-04
   4.6633015951723489e-01   2.3743623566574623e-05   1.3829224692783274e-04
   4.7860200582032003e-01   1.8603005232922895e-05   1.3935340761635058e-04
   4.9087385212340517e-01   1.3410687291345200e-05   1.4023117440987082e-04
   5.0314569842649026e-01   8.1725107482080115e-06   1.4092315988698483e-04
   5.1541754472957546e-01   2.8943967511202960e-06   1.4142676093802681e-04
   5.2768939103266055e-01  -2.4175644561027449e-06   1.4173918926895480e-04
   5.3996123733574564e-01  -7.7570577188371294e-06   1.4185760461043724e-04
   5.5223308363883084e-01  -1.3117512091172442e-05   1.4177927999608440e-04
   5.6450492994191592e-01  -1.8492106559731621e-05   1.4150181925007944e-04
   5.7677677624500112e-01  -2.3873842660791026e-05   1.4102329796442182e-04
   5.8904862254808621e-01  -2.9255617850746538e-05   1.4034229942384163e-04
   6.0132046885117130e-01  -3.4630291011761034e-05   1.3945790049965014e-04
   6.1359231515425650e-01  -3.9990734126067284e-05   1.3836958724468027e-04
   6.2586416145734158e-01  -4.5329845927075674e-05   1.3707712696514523e-04
   6.3813600776042678e-01  -5.0640544152777311e-05   1.3558048151645944e-04
   6.5040785406351187e-01  -5.5915745714393138e-05   1.3387974351215448e-04
   6.6267970036659696e-01  -6.1148332757980395e-05   1.3197509416972307e-04
   6.7495154666968216e-01  -6.6331108980694829e-05   1.2986676879562511e-04
   6.8722339297276724e-01  -7.1456747564541969e-05   1.2755503130443486e-04
   6.9949523927585233e-01  -7.6517728846967628e-05   1.2504015964731315e-04
   7.1176708557893753e-01  -8.1506274223682948e-05   1.2232246501061919e-04
   7.2403893188202262e-01  -8.6414337650091551e-05   1.1940237831267281e-04
   7.3631077818510771e-01  -9.1233653783348895e-05   1.1628058064913570e-04
   7.4858262448819290e-01  -9.5955840040421757e-05   1.1295816464434144e-04
   7.6085447079127799e-01  -1.0057257197711527e-04   1.0943680351083077e-04
   7.7312631709436319e-01  -1.0507575004995931e-04   1.0571879653585438e-04
   7.8539816339744828e-01  -1.0945758170994998e-04   1.0180701045098254e-04
   7.9767000970053337e-01  -1.1371057817032263e-04   9.7704743742373093e-05
   8.0994185600361857e-01  -1.1782742816653182e-04   9.3415517135424204e-05
   8.2221370230670365e-01  -1.2180077155473946e-04   8.8942881342622096e-05
   8.3448554860978885e-01  -1.2562300607456032e-04   8.4290341882814547e-05
   8.4675739491287394e-01  -1.2928616437948590e-04   7.9461382982382343e-05
   8.5902924121595903e-01  -1.3278189306132127e-04   7.4459592820000093e-05
   8.7130108751904423e-01  -1.3610157653959923e-04   6.9288848624874451e-05
   8.8357293382212931e-01  -1.3923651974849668e-04   6.3953457734280942e-05
   8.9584478012521440e-01  -1.4217810915601693e-04   5.8458237811366900e-05
   9.0811662642829960e-01  -1.4491793119688370e-04   5.2808537878369706e-05
   9.2038847273138469e-01  -1.4744782706825046e-04   4.7010209166635894e-05
   9.3266031903446978e-01  -1.4975989524411917e-04   4.1069546671095188e-05
   9.4493216533755497e-01  -1.5184649327479424e-04   3.4993243003045443e-05
   9.5720401164064006e-01  -1.5370024175614499e-04   2.8788349561693240e-05
   9.6947585794372526e-01  -1.5531401037834378e-04   2.2462239042003398e-05
   9.8174770424681035e-01  -1.5668083933273805e-04   1.6022568075418455e-05
   9.9401955054989544e-01  -1.5779375838717086e-04   9.4772577284891114e-06
   1.0062913968529805e+00  -1.5864556652459968e-04   2.8345313217874879e-06
   1.0185632431560658e+00  -1.5922866649105264e-04  -3.8969855959544025e-06
   1.0308350894591509e+00  -1.5953505077215288e-04  -1.0708122794034379e-05
   1.0431069357622360e+00  -1.5955652154024793e-04  -1.7589026680015501e-05
   1.0553787820653211e+00  -1.5928513047835271e-04  -2.4529116212304857e-05
   1.0676506283684062e+00  -1.5871364174497056e-04  -3.1517172519491318e-05
   1.0799224746714913e+00  -1.5783581989769869e-04  -3.8541511908980431e-05
   1.0921943209745766e+00  -1.5664642656491770e-04  -4.5590160814415023e-05
   1.1044661672776617e+00  -1.5514092098371633e-04  -5.2650940033054699e-05
   1.1167380135807468e+00  -1.5331499827580476e-04  -5.9711397837841926e-05
   1.1290098598838318e+00  -1.5116420588503395e-04  -6.6758617259181932e-05
   1.1412817061869169e+00  -1.4868384104949691e-04  -7.3779015219848127e-05
   1.1535535524900022e+00  -1.4586913483835630e-04  -8.0758237759699097e-05
   1.1658253987930873e+00  -1.4271558556439818e-04  -8.7681180964576077e-05
   1.1780972450961724e+00  -1.3921926218821070e-04  -9.4532088422338294e-05
   1.1903690913992575e+00  -1.3537695816820961e-04  -1.0129463790695008e-04
   1.2026409377023426e+00  -1.3118620691057953e-04  -1.0795196263053179e-04
   1.2149127840054279e+00  -1.2664527920561595e-04  -1.1448663857714022e-04
   1.2271846303085130e+00  -1.2175327351506976e-04  -1.2088073266661791e-04
   1.2394564766115981e+00  -1.1651028088298380e-04  -1.2711596123814709e-04
   1.2517283229146832e+00  -1.1091748718935531e-04  -1.3317387428476017e-04
   1.2640001692177683e+00  -1.0497708529047235e-04  -1.3903588836269032e-04
   1.2762720155208536e+00  -9.8692017234673090e-05  -1.4468304351854339e-04
   1.2885438618239387e+00  -9.2065737711328894e-05  -1.5009556236705870e-04
   1.3008157081270237e+00  -8.5102231208613222e-05  -1.5525250497507227e-04
   1.3130875544301088e+00  -7.7806358892939002e-05  -1.6013184158536248e-04
   1.3253594007331939e+00  -7.0184356739143086e-05  -1.6471101201496482e-04
   1.3376312470362790e+00  -6.2244166827974851e-05  -1.6896764747752685e-04
   1.3499030933393643e+00  -5.3995406323885671e-05  -1.7287992185213754e-04
   1.3621749396424494e+00  -4.5449087650563610e-05  -1.7642622499993427e-04
   1.3744467859455345e+00  -3.6617429841310635e-05  -1.7958441429954968e-04
   1.3867186322486196e+00  -2.7514016102588458e-05  -1.8233134916899137e-04
   1.3989904785517047e+00  -1.8154207329040478e-05  -1.8464328484259091e-04
   1.4112623248547900e+00  -8.5554420528747825e-06  -1.8649698216465801e-04
   1.4235341711578751e+00   1.2628537136559427e-06  -1.8787064941280343e-04
   1.4358060174609601e+00   1.1279605990860453e-05  -1.8874380609101507e-04
   1.4480778637640452e+00   2.1472217931118718e-05  -1.8909604000814925e-04
   1.4603497100671303e+00   3.1816179108639542e-05  -1.8890573035975139e-04
   1.4726215563702154e+00   4.2284412715723187e-05  -1.8815006994900857e-04
   1.4848934026733007e+00   5.2846992976134384e-05  -1.8680672693035546e-04
   1.4971652489763858e+00   6.3471591855886894e-05  -1.8485603196065876e-04
   1.5094370952794709e+00   7.4124289504516507e-05  -1.8228204198000284e-04
   1.5217089415825560e+00   8.4769969102178985e-05  -1.7907181759911869e-04
   1.5339807878856411e+00   9.5371903037899062e-05  -1.7521382386128469e-04
   1.5462526341887264e+00   1.0589089817946572e-04  -1.7069693495992133e-04
   1.5585244804918115e+00   1.1628461788910198e-04  -1.6551060182367131e-04
   1.5707963267948966e+00   1.2650722590054411e-04  -1.5964558086336734e-04
   1.5830681730979816e+00   1.3650923937819513e-04  -1.5309472907180954e-04
   1.5953400194010667e+00   1.4623808382253800e-04  -1.4585434754337795e-04
   1.6076118657041520e+00   1.5564030555749277e-04  -1.3792648424315696e-04
   1.6198837120072371e+00   1.6466501856535196e-04  -1.2932082968436243e-04
   1.6321555583103222e+00   1.7326534171400673e-04  -1.2005356690910909e-04
   1.6444274046134073e+00   1.8139434082477867e-04  -1.1014293083535875e-04
   1.6566992509164924e+00   1.8899713758719405e-04  -9.9605630854024841e-05
   1.6689710972195777e+00   1.9600715675789789e-04  -8.8459094936357564e-05
   1.6812429435226628e+00   2.0235383374089144e-04  -7.6729067570671352e-05
   1.6935147898257479e+00   2.0797776552788425e-04  -6.4455009336148166e-05
   1.7057866361288330e+00   2.1283806855194504e-04  -5.1686993759772950e-05
   1.7180584824319181e+00   2.1690182090168823e-04  -3.8477388361363885e-05
   1.7303303287350031e+00   2.2012461822511553e-04  -2.4877327946845474e-05
   1.7426021750380885e+00   2.2244471543435548e-04  -1.0942417310235809e-05
   1.7548740213411735e+00   2.2379993505707409e-04   3.2599489418985422e-06
   1.7671458676442586e+00   2.2415092776558446e-04   1.7651261583343261e-05
   1.7794177139473437e+00   2.2348533335879678e-04   3.2149524977460571e-05
   1.7916895602504288e+00   2.2180063134931454e-04   4.6673384556720349e-05
   1.8039614065535141e+00   2.1908787874291296e-04   6.1138390317530964e-05
   1.8162332528565992e+00   2.1533445911207515e-04   7.5452331006575240e-05
   1.8285050991596843e+00   2.1053861578865783e-04   8.9516588221509602e-05
   1.8407769454627694e+00   2.0471868725361697e-04   1.0323133841761789e-04
   1.8530487917658545e+00   1.9791344103711980e-04   1.1649994956288233e-04
   1.8653206380689396e+00   1.9018204126913541e-04   1.2923343151828955e-04
   1.8775924843720249e+00   1.8160311506728167e-04   1.4135519952200099e-04
   1.8898643306751099e+00   1.7226522572744645e-04   1.5279899668855414e-04
   1.9021361769781950e+00   1.6225527840326727e-04   1.6349869305132945e-04
   1.9144080232812801e+00   1.5166268024234555e-04   1.7338605605216395e-04
   1.9266798695843652e+00   1.4059930317643428e-04   1.8241174787934984e-04
   1.9389517158874505e+00   1.2920845997103507e-04   1.9057358493216442e-04
   1.9512235621905356e+00   1.1764291390351311e-04   1.9791434594034559e-04
   1.9634954084936207e+00   1.0603178496312158e-04   2.0448364985262463e-04
   1.9757672547967058e+00   9.4470678807678763e-05   2.1030782435327050e-04
   1.9880391010997909e+00   8.3039488726903866e-05   2.1541029557151423e-04
   2.0003109474028760e+00   7.1815917835954188e-05   2.1986304117577049e-04
   2.0125827937059610e+00   6.0860219230823799e-05   2.2380494189700042e-04
   2.0248546400090461e+00   5.0184721236939508e-05   2.2739370724776572e-04
   2.0371264863121317e+00   3.9740774434403435e-05   2.3073647498559127e-04
   2.0493983326152168e+00   2.9433179898913550e-05   2.3386911301594011e-04
   2.0616701789183018e+00   1.9143554580119159e-05   2.3680263738498151e-04
   2.0739420252213869e+00   8.7395810435047352e-06   2.3958105375549744e-04
   2.0862138715244720e+00  -1.9302319399874978e-06   2.4228023704931452e-04
   2.0984857178275571e+00  -1.3036090929217892e-05   2.4494104900507158e-04
   2.1107575641306422e+00  -2.4746165808210810e-05   2.4750247866917600e-04
   2.1230294104337273e+00  -3.7196241463206154e-05   2.4980487415311172e-04
   2.1353012567368124e+00  -5.0473500840812301e-05   2.5166155618237476e-04
   2.1475731030398975e+00  -6.4623720284125754e-05   2.5292773686267376e-04
   2.1598449493429825e+00  -7.9662718893162431e-05   2.5349585853464340e-04
   2.1721167956460681e+00  -9.5566646949409571e-05   2.5323268852320209e-04
   2.1843886419491532e+00  -1.1224675105158896e-04   2.5193988935052331e-04
   2.1966604882522383e+00  -1.2954422567978440e-04   2.4939335193223687e-04
   2.2089323345553233e+00  -1.4726215985480382e-04   2.4542157411208557e-04
   2.2212041808584084e+00  -1.6520715283735516e-04   2.3994203490829448e-04
   2.2334760271614935e+00  -1.8319900332920531e-04   2.3292723046047496e-04
   2.2457478734645786e+00  -2.0104905043964152e-04   2.2435654594262649e-04
   2.2580197197676637e+00  -2.1854601523651601e-04   2.1420902766045057e-04
   2.2702915660707488e+00  -2.3547158578380076e-04   2.0248989321535881e-04
   2.2825634123738339e+00  -2.5162604437927122e-04   1.8924901919348630e-04
   2.2948352586769194e+00  -2.6683966762713755e-04   1.7457520209849514e-04
   2.3071071049800045e+00  -2.8097194398931150e-04   1.5858206364538941e-04
   2.3193789512830896e+00  -2.9391034114274029e-04   1.4139792892914463e-04
   2.3316507975861747e+00  -3.0556293335212638e-04   1.2315591842703550e-04
   2.3439226438892597e+00  -3.1584084504253547e-04   1.0398610957805842e-04
   2.3561944901923448e+00  -3.2464948648338720e-04   8.4018725846930623e-05
   2.3684663364954299e+00  -3.3190931222866731e-04   6.3395076758590395e-05
   2.3807381827985150e+00  -3.3758912661625384e-04   4.2268795052150054e-05
   2.3930100291016001e+00  -3.4171024462973173e-04   2.0791142220048097e-05
   2.4052818754046852e+00  -3.4430805685986614e-04  -9.0303223573046916e-07
   2.4175537217077703e+00  -3.4539133313762465e-04  -2.2691886712834658e-05
   2.4298255680108558e+00  -3.4494309274930759e-04  -4.4452750921674851e-05
   2.4420974143139409e+00  -3.4296031415508227e-04  -6.6058049864102725e-05
   2.4543692606170260e+00  -3.3948646294498780e-04  -8.7387122068148160e-05
   2.4666411069201111e+00  -3.3460354526163461e-04  -1.0833860872284053e-04
   2.4789129532231962e+00  -3.2839635138127581e-04  -1.2882847199205709e-04
   2.4911847995262812e+00  -3.2092694799104002e-04  -1.4877705096656260e-04
   2.5034566458293663e+00  -3.1223992841720891e-04  -1.6810118011082833e-04
   2.5157284921324514e+00  -3.0238459286378763e-04  -1.8671922601402728e-04
   2.5280003384355365e+00  -2.9142909571877688e-04  -2.0456162126167461e-04
   2.5402721847386216e+00  -2.7945629280916860e-04  -2.2157515446097952e-04
   2.5525440310417071e+00  -2.6655055342321389e-04  -2.3771802243933976e-04
   2.5648158773447922e+00  -2.5278957521383973e-04  -2.5295263470653719e-04
   2.5770877236478773e+00  -2.3824526033353611e-04  -2.6724316297445431e-04
   2.5893595699509624e+00  -2.2298820512266953e-04  -2.8055777909819190e-04
   2.6016314162540475e+00  -2.0708985638420954e-04  -2.9287096463949370e-04
   2.6139032625571326e+00  -1.9062156843567169e-04  -3.0416309174536026e-04
   2.6261751088602177e+00  -1.7365331537757877e-04  -3.1441882123531604e-04
   2.6384469551633027e+00  -1.5625379820172834e-04  -3.2362711668153585e-04
   2.6507188014663878e+00  -1.3849103107454235e-04  -3.3178300390639533e-04
   2.6629906477694729e+00  -1.2043185010653843e-04  -3.3888850395190389e-04
   2.6752624940725580e+00  -1.0214039194129080e-04  -3.4495077345644717e-04
   2.6875343403756435e+00  -8.3677002422518449e-05  -3.4997850247894840e-04
   2.6998061866787286e+00  -6.5098604128108669e-05  -3.5397957965121335e-04
   2.7120780329818137e+00  -4.6460005933091616e-05  -3.5696189789292374e-04
   2.7243498792848988e+00  -2.7814794838351463e-05  -3.5893623584161020e-04
   2.7366217255879839e+00  -9.2150883446048088e-06  -3.5991836249500394e-04
   2.7488935718910690e+00   9.2893290798650327e-06  -3.5992845986207390e-04
   2.7611654181941541e+00   2.7651459476643050e-05  -3.5898852791300679e-04
   2.7734372644972392e+00   4.5826736818953769e-05  -3.5712015412744220e-04
   2.7857091108003242e+00   6.3772414920325337e-05  -3.5434446411466622e-04
   2.7979809571034093e+00   8.1447496114711820e-05  -3.5068396321924841e-04
   2.8102528034064944e+00   9.8813351118539318e-05  -3.4616431745579726e-04
   2.8225246497095799e+00   1.1583436172417039e-04  -3.4081428497075640e-04
   2.8347964960126650e+00   1.3247777889795472e-04  -3.3466369290548583e-04
   2.8470683423157501e+00   1.4871267947094425e-04  -3.2774102738935678e-04
   2.8593401886188352e+00   1.6450877624221160e-04  -3.2007250251048745e-04
   2.8716120349219203e+00   1.7983607810478312e-04  -3.1168327045546043e-04
   2.8838838812250054e+00   1.9466576321445402e-04  -3.0259978263752984e-04
   2.8961557275280905e+00   2.0897162319308529e-04  -2.9285149466147243e-04
   2.9084275738311756e+00   2.2273091020953671e-04  -2.8247070466957920e-04
   2.9206994201342606e+00   2.3592384364963694e-04  -2.7149075946733542e-04
   2.9329712664373457e+00   2.4853205494421919e-04  -2.5994397600968106e-04
   2.9452431127404308e+00   2.6053704461310290e-04  -2.4786065203319797e-04
   2.9575149590435164e+00   2.7191969886946054e-04  -2.3526962381740030e-04
   2.9697868053466014e+00   2.8266113327822382e-04  -2.2219974821351260e-04
   2.9820586516496865e+00   2.9274420182284712e-04  -2.0868118504238542e-04
   2.9943304979527716e+00   3.0215458414643137e-04  -1.9474566650361000e-04
   3.0066023442558567e+00   3.1088070791183026e-04  -1.8042573750285410e-04
   3.0188741905589418e+00   3.1891261841533047e-04  -1.6575364562871258e-04
   3.0311460368620269e+00   3.2624068405059925e-04  -1.5076069652254125e-04
   3.0434178831651120e+00   3.3285509569881770e-04  -1.3547738503651670e-04
   3.0556897294681971e+00   3.3874641038160257e-04  -1.1993398082414927e-04
   3.0679615757712821e+00   3.4390659935371666e-04  -1.0416101477513185e-04
   3.0802334220743677e+00   3.4832973447140696e-04  -8.8189322378445274e-05
   3.0925052683774528e+00   3.5201174272414526e-04  -7.2049709387241129e-05
   3.1047771146805379e+00   3.5494934198753786e-04  -5.5772603769333446e-05
   3.1170489609836229e+00   3.5713889560515217e-04  -3.9388049388003069e-05
   3.1293208072867080e+00   3.5857606517111979e-04  -2.2926089997682094e-05
   3.1415926535897931e+00   3.5925656785782220e-04  -6.4172242071700533e-06
