   4.2887329e-02  -1.1180077e-01  -8.3778858e-01
   4.5188213e-02  -1.7079096e-01  -7.8105381e-01
   4.7721585e-02  -1.7508980e-01  -8.2700954e-01
   5.0349265e-02  -1.7939577e-01  -7.6537856e-01
   5.3049504e-02  -1.8366981e-01  -8.1905762e-01
   5.5819076e-02  -1.8790571e-01  -8.5066349e-01
   5.8656827e-02  -1.9210156e-01  -8.8786373e-01
   6.1562005e-02  -1.9625540e-01  -9.2504666e-01
   6.4533952e-02  -2.0036600e-01  -9.6269321e-01
   6.7571859e-02  -2.0443218e-01  -1.0005037e+00
   7.0674379e-02  -2.0845140e-01  -8.8954221e-01
   7.3839065e-02  -2.1242092e-01  -9.2491260e-01
   7.7057189e-02  -2.1632991e-01  -9.5595891e-01
   8.0248060e-02  -2.2008623e-01  -9.8901969e-01
   8.3289620e-02  -2.2356159e-01  -1.0197319e+00
   8.6442010e-02  -2.2706035e-01  -1.0512934e+00
   8.9872737e-02  -2.3075452e-01  -1.0875827e+00
   9.3404991e-02  -2.3444117e-01  -1.1171009e+00
   9.7007162e-02  -2.3808413e-01  -1.1679959e+00
   1.0067461e-01  -2.4167820e-01  -1.0007378e+00
   1.0440512e-01  -2.4522045e-01  -1.0270861e+00
   1.0819653e-01  -2.4870901e-01  -1.0523000e+00
   1.1204487e-01  -2.5213954e-01  -1.0833236e+00
   1.1592838e-01  -2.5549399e-01  -1.1133581e+00
   1.1967148e-01  -2.5862977e-01  -1.1423185e+00
   1.2322359e-01  -2.6151985e-01  -1.1696694e+00
   1.2700766e-01  -2.6450987e-01  -1.1988677e+00
   1.3111824e-01  -2.6765964e-01  -1.2304994e+00
   1.3531289e-01  -2.7077137e-01  -1.2630167e+00
   1.3957201e-01  -2.7382954e-01  -1.2962235e+00
   1.4388954e-01  -2.7682912e-01  -1.3241805e+00
   1.4825708e-01  -2.7976421e-01  -1.3555626e+00
   1.5262647e-01  -2.8260443e-01  -1.1041214e+00
   1.5677664e-01  -2.8521628e-01  -1.1439258e+00
   1.6083465e-01  -2.8769132e-01  -1.1624297e+00
   1.6520906e-01  -2.9027460e-01  -1.1871473e+00
   1.6983533e-01  -2.9291538e-01  -1.2142650e+00
   1.7453579e-01  -2.9550430e-01  -1.2378237e+00
   1.7929232e-01  -2.9803154e-01  -1.1939400e+00
   1.8408623e-01  -3.0048645e-01  -9.3829624e-01
   1.8870750e-01  -3.0276876e-01  -9.9458185e-01
   1.9288494e-01  -3.0476264e-01  -1.0013677e+00
   1.9726488e-01  -3.0678265e-01  -1.0206364e+00
   2.0219787e-01  -3.0897650e-01  -1.0392266e+00
   2.0725152e-01  -3.1113593e-01  -1.0586523e+00
   2.1236383e-01  -3.1323262e-01  -1.0785840e+00
   2.1750800e-01  -3.1525531e-01  -1.0984239e+00
   2.2249771e-01  -3.1713695e-01  -1.1177346e+00
   2.2722934e-01  -3.1884869e-01  -1.1359770e+00
   2.3218553e-01  -3.2056812e-01  -1.1549427e+00
   2.3751398e-01  -3.2233582e-01  -1.1762370e+00
   2.4291704e-01  -3.2404375e-01  -1.2097748e+00
   2.4834487e-01  -3.2567703e-01  -1.0549832e+00
   2.5343283e-01  -3.2713446e-01  -9.0957457e-01
   2.5830575e-01  -3.2846397e-01  -9.3552384e-01
   2.6357715e-01  -3.2983151e-01  -9.4672290e-01
   2.6917767e-01  -3.3120641e-01  -9.5791075e-01
   2.7485417e-01  -3.3251920e-01  -9.6903178e-01
   2.8046312e-01  -3.3373878e-01  -9.7999240e-01
   2.8563272e-01  -3.3479585e-01  -9.8904985e-01
   2.9084446e-01  -3.3579657e-01  -9.9786114e-01
   2.9658046e-01  -3.3682603e-01  -1.0068527e+00
   3.0246573e-01  -3.3780490e-01  -1.0155599e+00
   3.0832101e-01  -3.3870318e-01  -1.0202985e+00
   3.1362837e-01  -3.3945373e-01  -1.0374688e+00
   3.1882327e-01  -3.4012902e-01  -8.3350516e-01
   3.2464358e-01  -3.4081924e-01  -8.3618128e-01
   3.3072949e-01  -3.4146743e-01  -8.3749069e-01
   3.3675555e-01  -3.4203656e-01  -8.4385567e-01
   3.4184634e-01  -3.4246330e-01  -8.4694586e-01
   3.4702147e-01  -3.4284314e-01  -8.5018320e-01
   3.5321499e-01  -3.4323325e-01  -8.5356195e-01
   3.5945091e-01  -3.4355466e-01  -8.5640441e-01
   3.6542640e-01  -3.4379749e-01  -8.5868342e-01
   3.7123915e-01  -3.4397257e-01  -8.6063446e-01
   3.7737644e-01  -3.4409388e-01  -8.6172553e-01
   3.8376240e-01  -3.4415337e-01  -8.6293136e-01
   3.8944123e-01  -3.4415076e-01  -8.6299744e-01
   3.9458228e-01  -3.4410247e-01  -8.6293960e-01
   4.0047805e-01  -3.4399518e-01  -8.6223741e-01
   4.0698474e-01  -3.4381577e-01  -8.6170965e-01
   4.1283384e-01  -3.4360168e-01  -8.5645388e-01
   4.1827529e-01  -3.4335625e-01  -8.6229211e-01
   4.2444265e-01  -3.4302764e-01  -7.1526458e-01
   4.3105958e-01  -3.4261748e-01  -7.1272603e-01
   4.3670891e-01  -3.4222289e-01  -7.0856265e-01
   4.4197688e-01  -3.4181631e-01  -7.0732809e-01
   4.4828520e-01  -3.4128469e-01  -7.0511349e-01
   4.5493568e-01  -3.4067418e-01  -7.0167468e-01
   4.6111083e-01  -3.4006300e-01  -6.9835217e-01
   4.6743296e-01  -3.3939478e-01  -6.9451861e-01
   4.7422698e-01  -3.3863270e-01  -6.8981343e-01
   4.8000771e-01  -3.3795146e-01  -6.8559779e-01
   4.8580080e-01  -3.3723857e-01  -6.8033304e-01
   4.9264076e-01  -3.3636411e-01  -6.7648061e-01
   4.9921744e-01  -3.3549316e-01  -6.6063114e-01
   5.0570002e-01  -3.3460959e-01  -7.0908471e-01
   5.1249144e-01  -3.3366207e-01  -7.5619710e-01
   5.1915819e-01  -3.3271563e-01  -7.3169421e-01
   5.2579254e-01  -3.3176344e-01  -7.2386545e-01
   5.3257231e-01  -3.3078635e-01  -7.1022070e-01
   5.3921827e-01  -3.2983136e-01  -6.9707378e-01
   5.4601457e-01  -3.2886631e-01  -6.8264250e-01
   5.5257046e-01  -3.2795348e-01  -6.6836429e-01
   5.5899795e-01  -3.2708692e-01  -6.5269130e-01
   5.6594505e-01  -3.2619089e-01  -6.3762142e-01
   5.7170067e-01  -3.2548659e-01  -6.2634023e-01
   5.7734201e-01  -3.2484705e-01  -5.5377158e-01
   5.8412882e-01  -3.2414493e-01  -4.9400394e-01
   5.9085966e-01  -3.2354097e-01  -5.5186141e-01
   5.9765181e-01  -3.2304277e-01  -6.1743572e-01
   6.0368154e-01  -3.2270295e-01  -5.7771022e-01
   6.0974011e-01  -3.2246690e-01  -5.5610062e-01
   6.1558922e-01  -3.2230934e-01  -5.2388453e-01
   6.2151130e-01  -3.2221657e-01  -5.1845683e-01
   6.2793211e-01  -3.2216187e-01  -5.7218706e-01
   6.3425109e-01  -3.2214186e-01  -6.0264418e-01
   6.4070357e-01  -3.2213339e-01  -5.3008446e-01
   6.4697214e-01  -3.2211854e-01  -5.2886106e-01
   6.5303911e-01  -3.2208024e-01  -5.9411010e-01
   6.5892432e-01  -3.2200270e-01  -4.9483794e-01
   6.6428880e-01  -3.2188629e-01  -3.6557900e-01
   6.6994568e-01  -3.2169401e-01  -2.9444001e-01
   6.7624154e-01  -3.2138880e-01  -3.6345247e-01
   6.8243757e-01  -3.2096433e-01  -4.7571676e-01
   6.8846176e-01  -3.2041928e-01  -5.3695368e-01
   6.9363061e-01  -3.1982684e-01  -5.6718662e-01
   6.9926867e-01  -3.1902183e-01  -5.3052788e-01
   7.0516209e-01  -3.1800155e-01  -4.0767889e-01
   7.1016162e-01  -3.1696345e-01  -3.7156749e-01
   7.1563000e-01  -3.1561611e-01  -4.2833825e-01
   7.2160141e-01  -3.1388878e-01  -4.7682979e-01
   7.2686014e-01  -3.1211270e-01  -4.9888210e-01
   7.3183554e-01  -3.1018025e-01  -5.2488487e-01
   7.3737973e-01  -3.0771235e-01  -5.5761745e-01
   7.4313609e-01  -3.0477895e-01  -5.8863245e-01
   7.4819173e-01  -3.0185523e-01  -6.1506454e-01
   7.5257771e-01  -2.9902267e-01  -6.3893447e-01
   7.5698429e-01  -2.9587415e-01  -6.6169617e-01
   7.6189187e-01  -2.9198628e-01  -6.8300036e-01
   7.6719201e-01  -2.8730475e-01  -7.0921428e-01
   7.7256433e-01  -2.8199781e-01  -7.4842501e-01
   7.7780656e-01  -2.7622316e-01  -7.2414217e-01
   7.8276751e-01  -2.7016574e-01  -5.6738610e-01
   7.8742875e-01  -2.6390070e-01  -3.8158727e-01
   7.9187559e-01  -2.5736260e-01  -3.1135268e-01
   7.9621221e-01  -2.5041760e-01  -3.4352971e-01
   8.0051455e-01  -2.4293131e-01  -3.8311808e-01
   8.0480670e-01  -2.3482636e-01  -3.9321530e-01
   8.0908743e-01  -2.2606241e-01  -3.8620573e-01
   8.1335280e-01  -2.1660795e-01  -3.8460147e-01
   8.1757123e-01  -2.0650018e-01  -3.9012612e-01
   8.2165124e-01  -1.9594752e-01  -3.9695946e-01
   8.2545713e-01  -1.8536247e-01  -4.0168765e-01
   8.2891622e-01  -1.7508797e-01  -4.0470997e-01
   8.3212850e-01  -1.6499679e-01  -4.0732839e-01
   8.3529426e-01  -1.5470049e-01  -4.1011597e-01
   8.3859273e-01  -1.4388413e-01  -4.1324248e-01
   8.4204513e-01  -1.3279422e-01  -4.1678209e-01
   8.4543672e-01  -1.2247230e-01  -4.2055595e-01
   8.4856705e-01  -1.1375745e-01  -4.2430220e-01
   8.5149404e-01  -1.0658524e-01  -4.2773759e-01
   8.5444204e-01  -1.0056794e-01  -4.3010362e-01
   8.5750939e-01  -9.5832213e-02  -4.3119599e-01
   8.6050568e-01  -9.2929577e-02  -4.3098310e-01
   8.6328196e-01  -9.1997237e-02  -4.3181663e-01
   8.6600803e-01  -9.2981190e-02  -4.3669490e-01
   8.6884303e-01  -9.6247063e-02  -4.4622460e-01
   8.7161039e-01  -1.0185018e-01  -4.5981720e-01
   8.7418264e-01  -1.0941318e-01  -4.7554295e-01
   8.7676549e-01  -1.1943957e-01  -4.9330311e-01
   8.7940109e-01  -1.3218974e-01  -5.1334984e-01
   8.8190685e-01  -1.4650689e-01  -5.3406697e-01
   8.8434967e-01  -1.6225346e-01  -5.5265948e-01
   8.8683582e-01  -1.7974038e-01  -5.6678981e-01
   8.8925594e-01  -1.9786452e-01  -5.7581218e-01
   8.9159606e-01  -2.1613590e-01  -5.8304352e-01
   8.9394638e-01  -2.3492836e-01  -6.1101763e-01
   8.9626609e-01  -2.5361943e-01  -6.6834038e-01
   8.9850515e-01  -2.7151966e-01  -7.5149453e-01
   9.0075161e-01  -2.8906487e-01  -8.4286199e-01
   9.0296561e-01  -3.0572786e-01  -9.1074780e-01
   9.0510943e-01  -3.2110438e-01  -9.5661408e-01
   9.0726703e-01  -3.3570462e-01  -1.0423668e+00
   9.0938358e-01  -3.4907904e-01  -1.2082485e+00
   9.1145370e-01  -3.6126043e-01  -1.3633744e+00
   9.1351927e-01  -3.7268324e-01  -1.3425900e+00
   9.1554664e-01  -3.8333818e-01  -1.3099468e+00
   9.1754617e-01  -3.9344934e-01  -1.5552257e+00
   9.1953388e-01  -4.0323016e-01  -1.8792547e+00
   9.2147442e-01  -4.1262303e-01  -1.9365968e+00
   9.2340532e-01  -4.2191340e-01  -1.7821216e+00
   9.2530325e-01  -4.3108945e-01  -1.8004416e+00
   9.2716053e-01  -4.4021314e-01  -2.5815646e+00
   9.2901192e-01  -4.4955014e-01  -2.9509903e+00
   9.3082013e-01  -4.5899936e-01  -2.8860205e+00
   9.3260288e-01  -4.6870642e-01  -2.9073172e+00
   9.3435855e-01  -4.7863044e-01  -2.9861044e+00
   9.3607278e-01  -4.8861145e-01  -2.9334613e+00
   9.3775502e-01  -4.9863305e-01  -2.6676361e+00
   9.3941229e-01  -5.0866789e-01  -5.6859754e+00
   9.4104810e-01  -5.1865604e-01  -6.0034828e+00
   9.4264249e-01  -5.2837152e-01  -6.0677495e+00
   9.4419365e-01  -5.3770831e-01  -6.1046178e+00
   9.4572658e-01  -5.4673332e-01  -6.1293764e+00
   9.4722819e-01  -5.5529523e-01  -6.1527271e+00
   9.4868970e-01  -5.6329283e-01  -6.1599994e+00
   9.5011695e-01  -5.7071680e-01  -6.1727768e+00
   9.5152163e-01  -5.7759591e-01  -6.1761282e+00
   9.5290751e-01  -5.8390762e-01  -6.1691311e+00
   9.5424731e-01  -5.8951410e-01  -6.1680401e+00
   9.5554324e-01  -5.9441872e-01  -6.1570462e+00
   9.5682048e-01  -5.9870766e-01  -6.1452662e+00
   9.5808005e-01  -6.0236265e-01  -6.1203128e+00
   9.5931485e-01  -6.0534777e-01  -6.1129712e+00
   9.6050937e-01  -6.0763307e-01  -6.0749407e+00
   9.6166751e-01  -6.0924552e-01  -6.0496860e+00
   9.6280582e-01  -6.1021224e-01  -6.0236855e+00
   9.6392965e-01  -6.1053253e-01  -5.9953931e+00
   9.6503467e-01  -6.1019530e-01  -5.9553407e+00
   9.6610541e-01  -6.0922178e-01  -5.9170399e+00
   9.6713660e-01  -6.0764973e-01  -5.8813591e+00
   9.6814406e-01  -6.0548260e-01  -5.8503134e+00
   9.6913787e-01  -6.0271366e-01  -5.7989086e+00
   9.7012000e-01  -5.9935398e-01  -5.7549148e+00
   9.7108662e-01  -5.9545969e-01  -5.7253228e+00
   9.7202545e-01  -5.9112930e-01  -5.6716678e+00
   9.7292524e-01  -5.8648832e-01  -5.6237088e+00
   9.7379661e-01  -5.8154255e-01  -5.5854580e+00
   9.7465532e-01  -5.7624654e-01  -5.5327177e+00
   9.7550456e-01  -5.7060850e-01  -5.4847535e+00
   9.7634385e-01  -5.6465422e-01  -5.4462064e+00
   9.7716935e-01  -5.5842973e-01  -5.3855313e+00
   9.7797274e-01  -5.5202747e-01  -5.3341960e+00
   9.7874271e-01  -5.4557049e-01  -5.2975540e+00
   9.7948146e-01  -5.3908000e-01  -5.2536468e+00
   9.8020402e-01  -5.3244932e-01  -5.1935759e+00
   9.8091768e-01  -5.2563299e-01  -5.1442663e+00
   9.8162327e-01  -5.1862831e-01  -5.1027722e+00
   9.8232079e-01  -5.1144612e-01  -5.0520834e+00
   9.8300840e-01  -5.0411610e-01  -4.9986630e+00
   9.8368153e-01  -4.9670493e-01  -4.9497902e+00
   9.8432615e-01  -4.8940384e-01  -4.9074381e+00
   9.8493817e-01  -4.8231088e-01  -4.8612735e+00
   9.8552773e-01  -4.7534179e-01  -4.8121880e+00
   9.8610216e-01  -4.6844550e-01  -4.7639524e+00
   9.8666728e-01  -4.6157142e-01  -4.7166630e+00
   9.8722553e-01  -4.5470924e-01  -4.6706097e+00
   9.8777690e-01  -4.4787437e-01  -4.6271606e+00
   9.8832080e-01  -4.4109186e-01  -4.5851342e+00
   9.8885638e-01  -4.3438663e-01  -4.5400649e+00
   9.8938116e-01  -4.2780126e-01  -4.4927824e+00
   9.8989140e-01  -4.2139856e-01  -4.4461958e+00
   9.9037745e-01  -4.1530858e-01  -4.4013846e+00
   9.9083133e-01  -4.0963715e-01  -4.3589736e+00
   9.9125592e-01  -4.0435109e-01  -4.3194193e+00
   9.9166152e-01  -3.9932641e-01  -4.2834530e+00
   9.9205718e-01  -3.9445446e-01  -4.2501096e+00
   9.9244601e-01  -3.8969520e-01  -4.2160178e+00
   9.9282964e-01  -3.8503771e-01  -4.1792700e+00
   9.9320846e-01  -3.8047591e-01  -4.1407819e+00
   9.9358262e-01  -3.7601272e-01  -4.1035295e+00
   9.9395262e-01  -3.7164392e-01  -4.0679679e+00
   9.9431854e-01  -3.6737066e-01  -4.0326251e+00
   9.9467940e-01  -3.6320880e-01  -3.9957625e+00
   9.9503397e-01  -3.5916875e-01  -3.9575946e+00
   9.9538094e-01  -3.5527113e-01  -3.9208769e+00
   9.9571785e-01  -3.5153845e-01  -3.8875425e+00
   9.9604119e-01  -3.4801045e-01  -3.8575887e+00
   9.9634617e-01  -3.4473132e-01  -3.8289498e+00
   9.9662799e-01  -3.4174496e-01  -3.8007602e+00
   9.9688593e-01  -3.3905373e-01  -3.7735225e+00
   9.9712468e-01  -3.3659611e-01  -3.7473118e+00
   9.9734935e-01  -3.3431087e-01  -3.7226300e+00
   9.9756256e-01  -3.3217755e-01  -3.6994899e+00
   9.9776891e-01  -3.3013972e-01  -3.6772831e+00
   9.9797191e-01  -3.2815774e-01  -3.6555697e+00
   9.9817209e-01  -3.2623362e-01  -3.6341626e+00
   9.9837102e-01  -3.2434775e-01  -3.6125442e+00
   9.9856983e-01  -3.2249329e-01  -3.5906200e+00
   9.9876972e-01  -3.2065335e-01  -3.5681780e+00
   9.9897157e-01  -3.1882810e-01  -3.5451929e+00
   9.9917783e-01  -3.1699229e-01  -3.5213730e+00
   9.9939259e-01  -3.1512074e-01  -3.4963952e+00
   9.9961945e-01  -3.1317530e-01  -3.4696734e+00
   9.9986821e-01  -3.1109733e-01  -3.4401524e+00
