  3.60215360e-01
  7.79356340e-03
  2.58206300e-04
 255   2   2
  6.25285417e-01  -2.86125305e-02
  6.25787216e-01  -3.78517650e-02
  6.26324045e-01  -4.70915796e-02
  6.26920710e-01  -5.63322809e-02
  6.27590070e-01  -6.55744219e-02
  6.28337619e-01  -7.48199693e-02
  6.29165711e-01  -8.40729373e-02
  6.30075544e-01  -9.33387513e-02
  6.31068027e-01  -1.02623212e-01
  6.32143937e-01  -1.11932128e-01
  6.33303796e-01  -1.21271404e-01
  6.34548015e-01  -1.30647091e-01
  6.35876962e-01  -1.40065521e-01
  6.37290834e-01  -1.49533429e-01
  6.38789798e-01  -1.59057873e-01
  6.40374130e-01  -1.68646293e-01
  6.42044103e-01  -1.78306682e-01
  6.43799930e-01  -1.88047582e-01
  6.45641769e-01  -1.97878183e-01
  6.47569602e-01  -2.07808574e-01
  6.49583351e-01  -2.17849655e-01
  6.51683186e-01  -2.28013046e-01
  6.53869564e-01  -2.38311371e-01
  6.56143140e-01  -2.48758342e-01
  6.58504842e-01  -2.59368647e-01
  6.60955893e-01  -2.70158240e-01
  6.63497694e-01  -2.81144647e-01
  6.66131769e-01  -2.92347024e-01
  6.68859725e-01  -3.03786544e-01
  6.71683298e-01  -3.15486720e-01
  6.74604833e-01  -3.27472982e-01
  6.77627893e-01  -3.39772419e-01
  6.80757118e-01  -3.52414600e-01
  6.83996956e-01  -3.65433371e-01
  6.87350014e-01  -3.78869378e-01
  6.90816465e-01  -3.92771891e-01
  6.94394913e-01  -4.07199102e-01
  6.98083421e-01  -4.22218937e-01
  7.01879849e-01  -4.37911133e-01
  7.05782150e-01  -4.54369095e-01
  7.09788816e-01  -4.71702534e-01
  7.13900327e-01  -4.90040708e-01
  7.18125133e-01  -5.09538063e-01
  7.22491040e-01  -5.30387474e-01
  7.27062287e-01  -5.52767163e-01
  7.31984166e-01  -5.76534618e-01
  7.37581820e-01  -6.00715537e-01
  7.44446151e-01  -6.23380185e-01
  7.53329137e-01  -6.42364978e-01
  7.64795239e-01  -6.56235559e-01
  7.78896443e-01  -6.64515062e-01
  7.95178552e-01  -6.67294468e-01
  8.12944667e-01  -6.65082492e-01
  8.31473977e-01  -6.58971773e-01
  8.50121008e-01  -6.50469765e-01
  8.68407767e-01  -6.40902709e-01
  8.86091518e-01  -6.31002623e-01
  9.03118735e-01  -6.21000056e-01
  9.19512523e-01  -6.10927992e-01
  9.35300925e-01  -6.00799624e-01
  9.50504097e-01  -5.90638056e-01
  9.65140122e-01  -5.80466710e-01
  9.79227740e-01  -5.70306343e-01
  9.92786201e-01  -5.60175747e-01
  1.00583520e+00  -5.50092489e-01
  1.01839523e+00  -5.40073948e-01
  1.03048735e+00  -5.30137734e-01
  1.04213245e+00  -5.20299203e-01
  1.05335052e+00  -5.10566768e-01
  1.06416048e+00  -5.00940059e-01
  1.07458031e+00  -4.91413816e-01
  1.08462773e+00  -4.81984208e-01
  1.09432060e+00  -4.72652234e-01
  1.10367636e+00  -4.63421761e-01
  1.11271061e+00  -4.54293943e-01
  1.12143619e+00  -4.45262767e-01
  1.12986345e+00  -4.36316134e-01
  1.13800211e+00  -4.27441873e-01
  1.14586270e+00  -4.18633225e-01
  1.15345654e+00  -4.09889210e-01
  1.16079434e+00  -4.01210351e-01
  1.16788447e+00  -3.92593886e-01
  1.17473256e+00  -3.84032415e-01
  1.18134325e+00  -3.75517163e-01
  1.18772275e+00  -3.67043012e-01
  1.19387984e+00  -3.58610705e-01
  1.19982444e+00  -3.50224362e-01
  1.20556538e+00  -3.41886954e-01
  1.21110921e+00  -3.33597764e-01
  1.21646071e+00  -3.25353296e-01
  1.22162434e+00  -3.17149778e-01
  1.22660507e+00  -3.08984745e-01
  1.23140841e+00  -3.00857092e-01
  1.23604056e+00  -2.92766682e-01
  1.24050862e+00  -2.84714215e-01
  1.24482040e+00  -2.76700991e-01
  1.24898375e+00  -2.68728222e-01
  1.25300611e+00  -2.60796377e-01
  1.25689455e+00  -2.52905134e-01
  1.26065609e+00  -2.45053793e-01
  1.26429814e+00  -2.37241628e-01
  1.26782833e+00  -2.29467813e-01
  1.27125370e+00  -2.21730935e-01
  1.27457986e+00  -2.14028432e-01
  1.27781089e+00  -2.06356541e-01
  1.28094972e+00  -1.98710785e-01
  1.28399850e+00  -1.91086427e-01
  1.28695883e+00  -1.83478654e-01
  1.28983198e+00  -1.75882721e-01
  1.29261911e+00  -1.68294095e-01
  1.29532112e+00  -1.60708399e-01
  1.29793838e+00  -1.53121288e-01
  1.30047043e+00  -1.45528366e-01
  1.30291599e+00  -1.37925218e-01
  1.30527312e+00  -1.30307517e-01
  1.30753925e+00  -1.22671136e-01
  1.30971111e+00  -1.15012187e-01
  1.31178457e+00  -1.07327033e-01
  1.31375457e+00  -9.96123336e-02
  1.31561548e+00  -9.18651531e-02
  1.31736138e+00  -8.40830895e-02
  1.31898620e+00  -7.62643245e-02
  1.32048398e+00  -6.84076216e-02
  1.32184912e+00  -6.05123200e-02
  1.32307640e+00  -5.25783104e-02
  1.32416035e+00  -4.46063454e-02
  1.32509367e+00  -3.66000887e-02
  1.32586526e+00  -2.85692614e-02
  1.32646305e+00  -2.05240463e-02
  1.32688451e+00  -1.24537808e-02
  1.32714269e+00  -4.31843712e-03
  1.32725249e+00   3.90967466e-03
  1.32721070e+00   1.21949982e-02
  1.32699802e+00   2.04643031e-02
  1.32659901e+00   2.86857377e-02
  1.32601254e+00   3.68897893e-02
  1.32524603e+00   4.51164300e-02
  1.32430774e+00   5.33756869e-02
  1.32320426e+00   6.16579494e-02
  1.32194075e+00   6.99548531e-02
  1.32052156e+00   7.82641293e-02
  1.31895060e+00   8.65863274e-02
  1.31723152e+00   9.49228206e-02
  1.31536765e+00   1.03275467e-01
  1.31336213e+00   1.11646584e-01
  1.31121783e+00   1.20038935e-01
  1.30893735e+00   1.28455789e-01
  1.30652323e+00   1.36901086e-01
  1.30397822e+00   1.45379660e-01
  1.30130548e+00   1.53897397e-01
  1.29850834e+00   1.62461208e-01
  1.29558951e+00   1.71078528e-01
  1.29254975e+00   1.79756323e-01
  1.28938686e+00   1.88500142e-01
  1.28609565e+00   1.97313852e-01
  1.28266899e+00   2.06200025e-01
  1.27909894e+00   2.15160622e-01
  1.27537771e+00   2.24197713e-01
  1.27149806e+00   2.33313832e-01
  1.26745290e+00   2.42511558e-01
  1.26323430e+00   2.51792490e-01
  1.25883264e+00   2.61156243e-01
  1.25423642e+00   2.70599835e-01
  1.24943260e+00   2.80117697e-01
  1.24440752e+00   2.89702516e-01
  1.23914817e+00   2.99346634e-01
  1.23364328e+00   3.09043474e-01
  1.22788361e+00   3.18788655e-01
  1.22186155e+00   3.28579751e-01
  1.21556953e+00   3.38413447e-01
  1.20899801e+00   3.48281696e-01
  1.20213533e+00   3.58171908e-01
  1.19497058e+00   3.68073164e-01
  1.18749684e+00   3.77982632e-01
  1.17971096e+00   3.87904868e-01
  1.17161003e+00   3.97844892e-01
  1.16318832e+00   4.07802532e-01
  1.15443720e+00   4.17772099e-01
  1.14534688e+00   4.27745064e-01
  1.13590774e+00   4.37713017e-01
  1.12611096e+00   4.47670461e-01
  1.11594853e+00   4.57616000e-01
  1.10541267e+00   4.67549217e-01
  1.09449469e+00   4.77464442e-01
  1.08318433e+00   4.87347101e-01
  1.07147044e+00   4.97175818e-01
  1.05934251e+00   5.06926747e-01
  1.04679161e+00   5.16575168e-01
  1.03381055e+00   5.26093308e-01
  1.02039393e+00   5.35447232e-01
  1.00653852e+00   5.44595990e-01
  9.92243996e-01   5.53493136e-01
  9.77513541e-01   5.62088541e-01
  9.62354248e-01   5.70330178e-01
  9.46777173e-01   5.78166339e-01
  9.30797824e-01   5.85545220e-01
  9.14437905e-01   5.92407692e-01
  8.97728084e-01   5.98676969e-01
  8.80710345e-01   6.04250020e-01
  8.63439611e-01   6.08981500e-01
  8.45986781e-01   6.12671799e-01
  8.28446869e-01   6.15111880e-01
  8.10955467e-01   6.16156056e-01
  7.93706984e-01   6.15668746e-01
  7.76960638e-01   6.13337738e-01
  7.61032103e-01   6.08618236e-01
  7.46267999e-01   6.00953668e-01
  7.32982004e-01   5.90057501e-01
  7.21364262e-01   5.76029424e-01
  7.11428615e-01   5.59325113e-01
  7.03028112e-01   5.40654232e-01
  6.95905847e-01   5.20827068e-01
  6.89757409e-01   5.00595370e-01
  6.84299620e-01   4.80538660e-01
  6.79318812e-01   4.61015929e-01
  6.74678094e-01   4.42188930e-01
  6.70300320e-01   4.24089975e-01
  6.66149300e-01   4.06684503e-01
  6.62214010e-01   3.89909335e-01
  6.58495834e-01   3.73694768e-01
  6.55000656e-01   3.57976045e-01
  6.51734874e-01   3.42697399e-01
  6.48703311e-01   3.27812820e-01
  6.45908311e-01   3.13285374e-01
  6.43349482e-01   2.99085899e-01
  6.41023596e-01   2.85191777e-01
  6.38924542e-01   2.71585720e-01
  6.37043563e-01   2.58254595e-01
  6.35369609e-01   2.45188419e-01
  6.33889372e-01   2.32379523e-01
  6.32587342e-01   2.19821889e-01
  6.31446244e-01   2.07510530e-01
  6.30447439e-01   1.95440825e-01
  6.29571517e-01   1.83607903e-01
  6.28799827e-01   1.72005932e-01
  6.28116253e-01   1.60627289e-01
  6.27507920e-01   1.49462238e-01
  6.26964818e-01   1.38499435e-01
  6.26479189e-01   1.27726620e-01
  6.26045110e-01   1.17131057e-01
  6.25658272e-01   1.06699854e-01
  6.25315892e-01   9.64201439e-02
  6.25016628e-01   8.62791820e-02
  6.24760725e-01   7.62645589e-02
  6.24550153e-01   6.63643748e-02
  6.24387241e-01   5.65672102e-02
  6.24272180e-01   4.68620854e-02
  6.24203360e-01   3.72384029e-02
  6.24181622e-01   2.76861771e-02
  6.24212445e-01   1.81972325e-02
  6.24301181e-01   8.76664116e-03
  6.24445665e-01  -6.07707482e-04
  6.24634123e-01  -9.92854117e-03
  6.24849969e-01  -1.92045531e-02
  6.25077969e-01  -2.84542245e-02
  1.44975753e+00   5.42847678e-03
  1.44975732e+00  -1.20246027e-02
  1.44975585e+00  -2.94776821e-02
  1.44975142e+00  -4.69307611e-02
  1.44973975e+00  -6.43838366e-02
  1.44971162e+00  -8.18368934e-02
  1.44964912e+00  -9.92898611e-02
  1.44952040e+00  -1.16742467e-01
  1.44927405e+00  -1.34193809e-01
  1.44883431e+00  -1.51641354e-01
  1.44809990e+00  -1.69078987e-01
  1.44694914e+00  -1.86494103e-01
  1.44525330e+00  -2.03864608e-01
  1.44289786e+00  -2.21158011e-01
  1.43980695e+00  -2.38335195e-01
  1.43596221e+00  -2.55359508e-01
  1.43140753e+00  -2.72207786e-01
  1.42623721e+00  -2.88877453e-01
  1.42057353e+00  -3.05386030e-01
  1.41454325e+00  -3.21764250e-01
  1.40825984e+00  -3.38047031e-01
  1.40181399e+00  -3.54266193e-01
  1.39527142e+00  -3.70446578e-01
  1.38867550e+00  -3.86605284e-01
  1.38205225e+00  -4.02752810e-01
  1.37541563e+00  -4.18894843e-01
  1.36877162e+00  -4.35033837e-01
  1.36212055e+00  -4.51169919e-01
  1.35545734e+00  -4.67301000e-01
  1.34876996e+00  -4.83422071e-01
  1.34203617e+00  -4.99523810e-01
  1.33521969e+00  -5.15590726e-01
  1.32826712e+00  -5.31599221e-01
  1.32110741e+00  -5.47516161e-01
  1.31365616e+00  -5.63298726e-01
  1.30582558e+00  -5.78896559e-01
  1.29753925e+00  -5.94257113e-01
  1.28874794e+00  -6.09334331e-01
  1.27944101e+00  -6.24098843e-01
  1.26964857e+00  -6.38545915e-01
  1.25943353e+00  -6.52697355e-01
  1.24887736e+00  -6.66596198e-01
  1.23806478e+00  -6.80296502e-01
  1.22707139e+00  -6.93852158e-01
  1.21595580e+00  -7.07307783e-01
  1.20475497e+00  -7.20692531e-01
  1.19348113e+00  -7.34015838e-01
  1.18211809e+00  -7.47263165e-01
  1.17061600e+00  -7.60389944e-01
  1.15888497e+00  -7.73312562e-01
  1.14679073e+00  -7.85895916e-01
  1.13415821e+00  -7.97938686e-01
  1.12079297e+00  -8.09162361e-01
  1.10653151e+00  -8.19221785e-01
  1.09131489e+00  -8.27766636e-01
  1.07524022e+00  -8.34560789e-01
  1.05852887e+00  -8.39591080e-01
  1.04142613e+00  -8.43068208e-01
  1.02411973e+00  -8.45325152e-01
  1.00672138e+00  -8.46706006e-01
  9.89286469e-01  -8.47502417e-01
  9.71838721e-01  -8.47934156e-01
  9.54387011e-01  -8.48153144e-01
  9.36934236e-01  -8.48256518e-01
  9.19481214e-01  -8.48301611e-01
  9.02028143e-01  -8.48319364e-01
  8.84575064e-01  -8.48324525e-01
  8.67121985e-01  -8.48322006e-01
  8.49668910e-01  -8.48309420e-01
  8.32215863e-01  -8.48275883e-01
  8.14762961e-01  -8.48197120e-01
  7.97310709e-01  -8.48026901e-01
  7.79860963e-01  -8.47685395e-01
  7.62419585e-01  -8.47045958e-01
  7.45002627e-01  -8.45923430e-01
  7.27648353e-01  -8.44069299e-01
  7.10435829e-01  -8.41182908e-01
  6.93504221e-01  -8.36950843e-01
  6.77055654e-01  -8.31118189e-01
  6.61323343e-01  -8.23564272e-01
  6.46516642e-01  -8.14326845e-01
  6.32789597e-01  -8.03549948e-01
  6.20260143e-01  -7.91401318e-01
  6.09053537e-01  -7.78022710e-01
  5.99323815e-01  -7.63534707e-01
  5.91224192e-01  -7.48076337e-01
  5.84832758e-01  -7.31836905e-01
  5.80084391e-01  -7.15042948e-01
  5.76767311e-01  -6.97908302e-01
  5.74584676e-01  -6.80592296e-01
  5.73230146e-01  -6.63191831e-01
  5.72437971e-01  -6.45756703e-01
  5.72002649e-01  -6.28309033e-01
  5.71778815e-01  -6.10857379e-01
  5.71671638e-01  -5.93404626e-01
  5.71624077e-01  -5.75951610e-01
  5.71604608e-01  -5.58498541e-01
  5.71597293e-01  -5.41045463e-01
  5.71594781e-01  -5.23592384e-01
  5.71593997e-01  -5.06139304e-01
  5.71593776e-01  -4.88686225e-01
  5.71593720e-01  -4.71233146e-01
  5.71593708e-01  -4.53780067e-01
  5.71593705e-01  -4.36326987e-01
  5.71593705e-01  -4.18873908e-01
  5.71593705e-01  -4.01420828e-01
  5.71593705e-01  -3.83967749e-01
  5.71593705e-01  -3.66514669e-01
  5.71593705e-01  -3.49061590e-01
  5.71593705e-01  -3.31608510e-01
  5.71593705e-01  -3.14155431e-01
  5.71593705e-01  -2.96702351e-01
  5.71593705e-01  -2.79249272e-01
  5.71593705e-01  -2.61796192e-01
  5.71593705e-01  -2.44343112e-01
  5.71593705e-01  -2.26890033e-01
  5.71593705e-01  -2.09436953e-01
  5.71593705e-01  -1.91983874e-01
  5.71593705e-01  -1.74530794e-01
  5.71593705e-01  -1.57077716e-01
  5.71593705e-01  -1.39624636e-01
  5.71593705e-01  -1.22171557e-01
  5.71593705e-01  -1.04718477e-01
  5.71593705e-01  -8.72653974e-02
  5.71593705e-01  -6.98123179e-02
  5.71593705e-01  -5.23592384e-02
  5.71593705e-01  -3.49061590e-02
  5.71593705e-01  -1.74530794e-02
  5.71593705e-01   0.00000000e+00
  5.71593705e-01   1.74530794e-02
  5.71593705e-01   3.49061590e-02
  5.71593705e-01   5.23592384e-02
  5.71593705e-01   6.98123179e-02
  5.71593705e-01   8.72653974e-02
  5.71593705e-01   1.04718477e-01
  5.71593705e-01   1.22171557e-01
  5.71593705e-01   1.39624636e-01
  5.71593705e-01   1.57077716e-01
  5.71593705e-01   1.74530794e-01
  5.71593705e-01   1.91983874e-01
  5.71593705e-01   2.09436953e-01
  5.71593705e-01   2.26890033e-01
  5.71593705e-01   2.44343112e-01
  5.71593705e-01   2.61796192e-01
  5.71593705e-01   2.79249272e-01
  5.71593705e-01   2.96702351e-01
  5.71593705e-01   3.14155431e-01
  5.71593705e-01   3.31608510e-01
  5.71593705e-01   3.49061590e-01
  5.71593705e-01   3.66514669e-01
  5.71593705e-01   3.83967749e-01
  5.71593705e-01   4.01420828e-01
  5.71593705e-01   4.18873908e-01
  5.71593705e-01   4.36326987e-01
  5.71593708e-01   4.53780067e-01
  5.71593720e-01   4.71233146e-01
  5.71593776e-01   4.88686225e-01
  5.71593997e-01   5.06139304e-01
  5.71594781e-01   5.23592384e-01
  5.71597293e-01   5.41045463e-01
  5.71604608e-01   5.58498541e-01
  5.71624077e-01   5.75951610e-01
  5.71671638e-01   5.93404626e-01
  5.71778815e-01   6.10857379e-01
  5.72002649e-01   6.28309033e-01
  5.72437971e-01   6.45756703e-01
  5.73230146e-01   6.63191831e-01
  5.74584676e-01   6.80592296e-01
  5.76767311e-01   6.97908302e-01
  5.80084391e-01   7.15042948e-01
  5.84832758e-01   7.31836905e-01
  5.91224192e-01   7.48076337e-01
  5.99323815e-01   7.63534707e-01
  6.09053537e-01   7.78022710e-01
  6.20260143e-01   7.91401318e-01
  6.32789597e-01   8.03549948e-01
  6.46516642e-01   8.14326845e-01
  6.61323343e-01   8.23564272e-01
  6.77055654e-01   8.31118189e-01
  6.93504221e-01   8.36950842e-01
  7.10435829e-01   8.41182905e-01
  7.27648356e-01   8.44069285e-01
  7.45002635e-01   8.45923360e-01
  7.62419608e-01   8.47045659e-01
  7.79861017e-01   8.47684273e-01
  7.97310814e-01   8.48023146e-01
  8.14763138e-01   8.48185750e-01
  8.32216120e-01   8.48244461e-01
  8.49669195e-01   8.48229584e-01
  8.67122017e-01   8.48134489e-01
  8.84573729e-01   8.47915414e-01
  9.02021553e-01   8.47486656e-01
  9.19457542e-01   8.46714046e-01
  9.36861964e-01   8.45411595e-01
  9.54192612e-01   8.43348374e-01
  9.71372660e-01   8.40274383e-01
  9.88286503e-01   8.35971062e-01
  1.00479761e+00   8.30316331e-01
  1.02079114e+00   8.23330452e-01
  1.03621790e+00   8.15168522e-01
  1.05110827e+00   8.06064394e-01
  1.06555090e+00   7.96265356e-01
  1.07965767e+00   7.85988663e-01
  1.09353493e+00   7.75404134e-01
  1.10726826e+00   7.64633533e-01
  1.12091836e+00   7.53757644e-01
  1.13452360e+00   7.42825702e-01
  1.14810508e+00   7.31864262e-01
  1.16167120e+00   7.20883810e-01
  1.17522012e+00   7.09882130e-01
  1.18873954e+00   6.98844222e-01
  1.20220396e+00   6.87739292e-01
  1.21557014e+00   6.76516306e-01
  1.22877203e+00   6.65100501e-01
  1.24171697e+00   6.53394119e-01
  1.25428568e+00   6.41284726e-01
  1.26633977e+00   6.28663001e-01
  1.27773992e+00   6.15447713e-01
  1.28837485e+00   6.01609206e-01
  1.29819202e+00   5.87179038e-01
  1.30721467e+00   5.72239145e-01
  1.31553494e+00   5.56896947e-01
  1.32328774e+00   5.41260292e-01
  1.33061913e+00   5.25421690e-01
  1.33766176e+00   5.09452604e-01
  1.34452145e+00   4.93404091e-01
  1.35127400e+00   4.77310206e-01
  1.35796856e+00   4.61192119e-01
  1.36463399e+00   4.45061955e-01
  1.37128517e+00   4.28925913e-01
  1.37792784e+00   4.12786372e-01
  1.38456099e+00   3.96642912e-01
  1.39117659e+00   3.80492251e-01
  1.39775704e+00   3.64327236e-01
  1.40427070e+00   3.48135193e-01
  1.41066654e+00   3.31896245e-01
  1.41686969e+00   3.15582719e-01
  1.42278019e+00   2.99160900e-01
  1.42827765e+00   2.82596233e-01
  1.43323376e+00   2.65861632e-01
  1.43753294e+00   2.48946348e-01
  1.44109671e+00   2.31860999e-01
  1.44390361e+00   2.14635115e-01
  1.44599530e+00   1.97307823e-01
  1.44746564e+00   1.79916778e-01
  1.44843837e+00   1.62490817e-01
  1.44904261e+00   1.45048195e-01
  1.44939411e+00   1.27598652e-01
  1.44958499e+00   1.10146616e-01
  1.44968145e+00   9.26938028e-02
  1.44972663e+00   7.52407818e-02
  1.44974617e+00   5.77877132e-02
  1.44975394e+00   4.03346355e-02
  1.44975674e+00   2.28815562e-02
  1.44975753e+00   5.42847678e-03
 281
   2
  2.53698820e-03
  7.61076190e-03
  1.26840880e-02
  1.77569330e-02
  2.28292910e-02
  2.79010780e-02
  3.29722290e-02
  3.80425920e-02
  4.31120020e-02
  4.81803410e-02
  5.32474420e-02
  5.83132540e-02
  6.33775930e-02
  6.84403500e-02
  7.35014210e-02
  7.85606300e-02
  8.36179250e-02
  8.86730910e-02
  9.37260730e-02
  9.87766960e-02
  1.03824810e-01
  1.08870390e-01
  1.13913190e-01
  1.18953220e-01
  1.23990200e-01
  1.29024020e-01
  1.34054680e-01
  1.39081910e-01
  1.44105730e-01
  1.49125850e-01
  1.54142190e-01
  1.59154700e-01
  1.64163110e-01
  1.69167500e-01
  1.74167520e-01
  1.79163120e-01
  1.84154240e-01
  1.89140590e-01
  1.94122300e-01
  1.99098960e-01
  2.04070520e-01
  2.09036990e-01
  2.13998010e-01
  2.18953780e-01
  2.23903820e-01
  2.28848010e-01
  2.33786560e-01
  2.38718990e-01
  2.43645390e-01
  2.48565540e-01
  2.53479150e-01
  2.58386530e-01
  2.63287080e-01
  2.68180750e-01
  2.73067750e-01
  2.77947520e-01
  2.82820200e-01
  2.87685630e-01
  2.92543420e-01
  2.97393920e-01
  3.02236600e-01
  3.07071230e-01
  3.11898310e-01
  3.16717050e-01
  3.21527350e-01
  3.26329740e-01
  3.31123370e-01
  3.35908240e-01
  3.40684760e-01
  3.45452110e-01
  3.50210330e-01
  3.54959820e-01
  3.59699740e-01
  3.64430090e-01
  3.69151410e-01
  3.73862740e-01
  3.78564010e-01
  3.83255920e-01
  3.87937530e-01
  3.92608600e-01
  3.97269830e-01
  4.01920590e-01
  4.06560400e-01
  4.11189720e-01
  4.15808540e-01
  4.20415990e-01
  4.25012200e-01
  4.29597740e-01
  4.34171760e-01
  4.38733880e-01
  4.43284690e-01
  4.47824230e-01
  4.52351460e-01
  4.56866340e-01
  4.61369640e-01
  4.65860970e-01
  4.70339440e-01
  4.74805210e-01
  4.79258870e-01
  4.83700060e-01
  4.88127880e-01
  4.92542410e-01
  4.96944320e-01
  5.01333460e-01
  5.05708760e-01
  5.10070020e-01
  5.14418060e-01
  5.18752810e-01
  5.23073820e-01
  5.27380280e-01
  5.31672360e-01
  5.35950620e-01
  5.40214920e-01
  5.44464910e-01
  5.48699710e-01
  5.52919420e-01
  5.57124640e-01
  5.61315240e-01
  5.65491090e-01
  5.69651590e-01
  5.73796140e-01
  5.77925110e-01
  5.82038800e-01
  5.86137080e-01
  5.90219810e-01
  5.94286870e-01
  5.98337480e-01
  6.02371320e-01
  6.06388900e-01
  6.10390280e-01
  6.14375330e-01
  6.18343910e-01
  6.22295910e-01
  6.26231170e-01
  6.30149570e-01
  6.34050410e-01
  6.37933470e-01
  6.41799240e-01
  6.45647640e-01
  6.49478570e-01
  6.53291880e-01
  6.57087440e-01
  6.60865140e-01
  6.64624830e-01
  6.68366400e-01
  6.72089720e-01
  6.75794660e-01
  6.79481100e-01
  6.83148910e-01
  6.86797980e-01
  6.90428190e-01
  6.94039410e-01
  6.97631530e-01
  7.01204440e-01
  7.04758030e-01
  7.08292180e-01
  7.11806790e-01
  7.15301760e-01
  7.18776990e-01
  7.22232380e-01
  7.25667830e-01
  7.29083280e-01
  7.32478620e-01
  7.35853800e-01
  7.39208720e-01
  7.42543340e-01
  7.45857590e-01
  7.49151430e-01
  7.52424810e-01
  7.55677700e-01
  7.58909370e-01
  7.62119130e-01
  7.65307550e-01
  7.68475190e-01
  7.71622060e-01
  7.74748180e-01
  7.77853590e-01
  7.80938340e-01
  7.84001730e-01
  7.87042330e-01
  7.90060840e-01
  7.93058720e-01
  7.96036090e-01
  7.98993100e-01
  8.01929120e-01
  8.04842080e-01
  8.07732820e-01
  8.10603620e-01
  8.13454710e-01
  8.16285620e-01
  8.19093670e-01
  8.21879760e-01
  8.24646920e-01
  8.27395490e-01
  8.30122550e-01
  8.32827320e-01
  8.35513220e-01
  8.38181530e-01
  8.40829060e-01
  8.43454890e-01
  8.46062760e-01
  8.48653900e-01
  8.51223770e-01
  8.53772860e-01
  8.56306320e-01
  8.58821190e-01
  8.61315470e-01
  8.63792720e-01
  8.66253580e-01
  8.68694320e-01
  8.71117170e-01
  8.73525000e-01
  8.75913170e-01
  8.78283400e-01
  8.80639150e-01
  8.82975680e-01
  8.85295040e-01
  8.87599570e-01
  8.89885300e-01
  8.92155500e-01
  8.94409580e-01
  8.96645240e-01
  8.98867770e-01
  9.01072020e-01
  9.03258310e-01
  9.05431170e-01
  9.07586020e-01
  9.09726950e-01
  9.11850420e-01
  9.13956100e-01
  9.16048030e-01
  9.18122140e-01
  9.20182270e-01
  9.22224500e-01
  9.24250540e-01
  9.26260440e-01
  9.28252480e-01
  9.30229480e-01
  9.32188440e-01
  9.34131920e-01
  9.36057160e-01
  9.37966420e-01
  9.39857330e-01
  9.41731770e-01
  9.43587820e-01
  9.45426930e-01
  9.47247750e-01
  9.49051210e-01
  9.50836650e-01
  9.52604400e-01
  9.54354630e-01
  9.56086970e-01
  9.57802540e-01
  9.59500210e-01
  9.61182080e-01
  9.62846330e-01
  9.64496030e-01
  9.66128770e-01
  9.67748430e-01
  9.69352350e-01
  9.70944690e-01
  9.72523210e-01
  9.74090650e-01
  9.75647900e-01
  9.77194060e-01
  9.78734560e-01
  9.80267200e-01
  9.81795340e-01
  9.83318250e-01
  9.84837360e-01
  9.86352110e-01
  9.87862140e-01
  9.89366400e-01
  9.90860940e-01
  9.92347390e-01
  9.93810140e-01
  9.95253000e-01
  9.96657200e-01
  9.98004970e-01
  9.99334990e-01
  1.00000000e+00
 -1.52027600e+00
 -1.52022450e+00
 -1.52012710e+00
 -1.51998380e+00
 -1.51979420e+00
 -1.51955800e+00
 -1.51927520e+00
 -1.51894530e+00
 -1.51856820e+00
 -1.51814370e+00
 -1.51767160e+00
 -1.51715150e+00
 -1.51658340e+00
 -1.51596700e+00
 -1.51530210e+00
 -1.51458850e+00
 -1.51382610e+00
 -1.51301460e+00
 -1.51215380e+00
 -1.51124370e+00
 -1.51028400e+00
 -1.50927470e+00
 -1.50821550e+00
 -1.50710630e+00
 -1.50594700e+00
 -1.50473750e+00
 -1.50347760e+00
 -1.50216710e+00
 -1.50080580e+00
 -1.49939360e+00
 -1.49793030e+00
 -1.49641580e+00
 -1.49484990e+00
 -1.49323260e+00
 -1.49156370e+00
 -1.48984320e+00
 -1.48807100e+00
 -1.48624710e+00
 -1.48437130e+00
 -1.48244380e+00
 -1.48046440e+00
 -1.47843320e+00
 -1.47635020e+00
 -1.47421540e+00
 -1.47202890e+00
 -1.46979090e+00
 -1.46750120e+00
 -1.46516020e+00
 -1.46276790e+00
 -1.46032440e+00
 -1.45783000e+00
 -1.45528460e+00
 -1.45268870e+00
 -1.45004250e+00
 -1.44734600e+00
 -1.44459960e+00
 -1.44180340e+00
 -1.43895780e+00
 -1.43606320e+00
 -1.43311960e+00
 -1.43012760e+00
 -1.42708750e+00
 -1.42399940e+00
 -1.42086380e+00
 -1.41768130e+00
 -1.41445180e+00
 -1.41117610e+00
 -1.40785440e+00
 -1.40448690e+00
 -1.40107450e+00
 -1.39761750e+00
 -1.39411580e+00
 -1.39057060e+00
 -1.38698200e+00
 -1.38335010e+00
 -1.37967600e+00
 -1.37596000e+00
 -1.37220210e+00
 -1.36840330e+00
 -1.36456420e+00
 -1.36068460e+00
 -1.35676550e+00
 -1.35280750e+00
 -1.34881080e+00
 -1.34477570e+00
 -1.34070340e+00
 -1.33659420e+00
 -1.33244790e+00
 -1.32826570e+00
 -1.32404840e+00
 -1.31979590e+00
 -1.31550840e+00
 -1.31118750e+00
 -1.30683350e+00
 -1.30244620e+00
 -1.29802620e+00
 -1.29357490e+00
 -1.28909260e+00
 -1.28457910e+00
 -1.28003510e+00
 -1.27546200e+00
 -1.27086000e+00
 -1.26622900e+00
 -1.26156950e+00
 -1.25688300e+00
 -1.25217020e+00
 -1.24743060e+00
 -1.24266480e+00
 -1.23787350e+00
 -1.23305810e+00
 -1.22821880e+00
 -1.22335550e+00
 -1.21846880e+00
 -1.21355930e+00
 -1.20862850e+00
 -1.20367670e+00
 -1.19870380e+00
 -1.19371010e+00
 -1.18869640e+00
 -1.18366370e+00
 -1.17861320e+00
 -1.17354470e+00
 -1.16845840e+00
 -1.16335490e+00
 -1.15823480e+00
 -1.15309850e+00
 -1.14794740e+00
 -1.14278250e+00
 -1.13760350e+00
 -1.13241070e+00
 -1.12720450e+00
 -1.12198570e+00
 -1.11675480e+00
 -1.11151250e+00
 -1.10625910e+00
 -1.10099620e+00
 -1.09572430e+00
 -1.09044320e+00
 -1.08515340e+00
 -1.07985540e+00
 -1.07454990e+00
 -1.06923720e+00
 -1.06391810e+00
 -1.05859290e+00
 -1.05326240e+00
 -1.04792690e+00
 -1.04258700e+00
 -1.03724320e+00
 -1.03189610e+00
 -1.02654600e+00
 -1.02119360e+00
 -1.01583930e+00
 -1.01048350e+00
 -1.00512670e+00
 -9.99769180e-01
 -9.94411510e-01
 -9.89054110e-01
 -9.83697320e-01
 -9.78341450e-01
 -9.72986830e-01
 -9.67633780e-01
 -9.62282580e-01
 -9.56933490e-01
 -9.51586700e-01
 -9.46242380e-01
 -9.40900620e-01
 -9.35561610e-01
 -9.30225410e-01
 -9.24891920e-01
 -9.19561120e-01
 -9.14234150e-01
 -9.08911980e-01
 -9.03593420e-01
 -8.98277310e-01
 -8.92963300e-01
 -8.87651010e-01
 -8.82339920e-01
 -8.77029480e-01
 -8.71720390e-01
 -8.66414490e-01
 -8.61109940e-01
 -8.55803510e-01
 -8.50494130e-01
 -8.45180600e-01
 -8.39863080e-01
 -8.34544180e-01
 -8.29221370e-01
 -8.23890540e-01
 -8.18551820e-01
 -8.13206830e-01
 -8.07861220e-01
 -8.02513840e-01
 -7.97159110e-01
 -7.91796560e-01
 -7.86431900e-01
 -7.81066690e-01
 -7.75693960e-01
 -7.70310710e-01
 -7.64923000e-01
 -7.59532200e-01
 -7.54129930e-01
 -7.48712750e-01
 -7.43289260e-01
 -7.37857460e-01
 -7.32405150e-01
 -7.26937300e-01
 -7.21456870e-01
 -7.15954450e-01
 -7.10426800e-01
 -7.04880450e-01
 -6.99308390e-01
 -6.93701760e-01
 -6.88068950e-01
 -6.82403540e-01
 -6.76694500e-01
 -6.70950420e-01
 -6.65163400e-01
 -6.59324250e-01
 -6.53439620e-01
 -6.47497540e-01
 -6.41495710e-01
 -6.35436310e-01
 -6.29300690e-01
 -6.23098560e-01
 -6.16824700e-01
 -6.10460950e-01
 -6.04015550e-01
 -5.97471110e-01
 -5.90833070e-01
 -5.84095720e-01
 -5.77239200e-01
 -5.70274320e-01
 -5.63185130e-01
 -5.55964770e-01
 -5.48595300e-01
 -5.41211030e-01
 -5.34029600e-01
 -5.27269770e-01
 -5.21178540e-01
 -5.15973620e-01
 -5.11876270e-01
 -5.09089400e-01
 -5.07820790e-01
 -5.08266340e-01
 -5.10623000e-01
 -5.15079340e-01
 -5.21811240e-01
 -5.30992330e-01
 -5.42814700e-01
 -5.57483490e-01
 -5.75140100e-01
 -5.95837950e-01
 -6.19759490e-01
 -6.47511280e-01
 -6.79853560e-01
 -7.17847940e-01
 -7.62901900e-01
 -8.16137200e-01
 -8.78629910e-01
 -9.51204380e-01
 -1.03548790e+00
 -1.13307080e+00
 -1.24497440e+00
 -1.37018990e+00
 -1.50702650e+00
 -1.64999920e+00
 -1.78965850e+00
 -1.91728040e+00
 -2.02432730e+00
 -2.10253470e+00
 -2.13846230e+00
 -2.11203010e+00
 -2.00645630e+00
 -1.83260490e+00
 -1.61361040e+00
 -1.37334030e+00
 -1.12811760e+00
 -8.95912500e-01
 -6.92444390e-01
 -5.23491300e-01
 -4.54913340e-01
  2.84315610e+00
  2.84296970e+00
  2.84260530e+00
  2.84206240e+00
  2.84134080e+00
  2.84044020e+00
  2.83936020e+00
  2.83810060e+00
  2.83666110e+00
  2.83504140e+00
  2.83324130e+00
  2.83126070e+00
  2.82909910e+00
  2.82675660e+00
  2.82423290e+00
  2.82152780e+00
  2.81864120e+00
  2.81557300e+00
  2.81232310e+00
  2.80889140e+00
  2.80527790e+00
  2.80148240e+00
  2.79750500e+00
  2.79334560e+00
  2.78900440e+00
  2.78448130e+00
  2.77977620e+00
  2.77488920e+00
  2.76982010e+00
  2.76456910e+00
  2.75913610e+00
  2.75352120e+00
  2.74772460e+00
  2.74174620e+00
  2.73558630e+00
  2.72924520e+00
  2.72272280e+00
  2.71601970e+00
  2.70913570e+00
  2.70207150e+00
  2.69482730e+00
  2.68740320e+00
  2.67980020e+00
  2.67201790e+00
  2.66405760e+00
  2.65591960e+00
  2.64760380e+00
  2.63911140e+00
  2.63044260e+00
  2.62159830e+00
  2.61257940e+00
  2.60338570e+00
  2.59401880e+00
  2.58447940e+00
  2.57476760e+00
  2.56488490e+00
  2.55483170e+00
  2.54460900e+00
  2.53421820e+00
  2.52365910e+00
  2.51293370e+00
  2.50204320e+00
  2.49098720e+00
  2.47976810e+00
  2.46838700e+00
  2.45684350e+00
  2.44514020e+00
  2.43327810e+00
  2.42125710e+00
  2.40907990e+00
  2.39674750e+00
  2.38425960e+00
  2.37161930e+00
  2.35882760e+00
  2.34588390e+00
  2.33279170e+00
  2.31955230e+00
  2.30616470e+00
  2.29263240e+00
  2.27895720e+00
  2.26513800e+00
  2.25117760e+00
  2.23707860e+00
  2.22284070e+00
  2.20846470e+00
  2.19395450e+00
  2.17931090e+00
  2.16453290e+00
  2.14962440e+00
  2.13458760e+00
  2.11942190e+00
  2.10412800e+00
  2.08871060e+00
  2.07317110e+00
  2.05750780e+00
  2.04172320e+00
  2.02582150e+00
  2.00980350e+00
  1.99366800e+00
  1.97741750e+00
  1.96105660e+00
  1.94458600e+00
  1.92800450e+00
  1.91131390e+00
  1.89451930e+00
  1.87762290e+00
  1.86062250e+00
  1.84352000e+00
  1.82631810e+00
  1.80902130e+00
  1.79163040e+00
  1.77414430e+00
  1.75656500e+00
  1.73889510e+00
  1.72113960e+00
  1.70329960e+00
  1.68537400e+00
  1.66736470e+00
  1.64927360e+00
  1.63110500e+00
  1.61286280e+00
  1.59454700e+00
  1.57615790e+00
  1.55769760e+00
  1.53916840e+00
  1.52057250e+00
  1.50191510e+00
  1.48319970e+00
  1.46442570e+00
  1.44559480e+00
  1.42670940e+00
  1.40777210e+00
  1.38878590e+00
  1.36975340e+00
  1.35067760e+00
  1.33156430e+00
  1.31241690e+00
  1.29323580e+00
  1.27402390e+00
  1.25478480e+00
  1.23552190e+00
  1.21623910e+00
  1.19694030e+00
  1.17762950e+00
  1.15831120e+00
  1.13898970e+00
  1.11966970e+00
  1.10035620e+00
  1.08105440e+00
  1.06176980e+00
  1.04250800e+00
  1.02327530e+00
  1.00407800e+00
  9.84922750e-01
  9.65816700e-01
  9.46767480e-01
  9.27783140e-01
  9.08872090e-01
  8.90043310e-01
  8.71306240e-01
  8.52671050e-01
  8.34148490e-01
  8.15749910e-01
  7.97487390e-01
  7.79373770e-01
  7.61422680e-01
  7.43648800e-01
  7.26067520e-01
  7.08695180e-01
  6.91549420e-01
  6.74652530e-01
  6.58027790e-01
  6.41693100e-01
  6.25667950e-01
  6.09976410e-01
  5.94643930e-01
  5.79697520e-01
  5.65166250e-01
  5.51084280e-01
  5.37490950e-01
  5.24417600e-01
  5.11894860e-01
  4.99963060e-01
  4.88663750e-01
  4.78042480e-01
  4.68158160e-01
  4.59056140e-01
  4.50710450e-01
  4.43072470e-01
  4.36084490e-01
  4.29698010e-01
  4.23862280e-01
  4.18525850e-01
  4.13646400e-01
  4.09190290e-01
  4.05121870e-01
  4.01401950e-01
  3.97997720e-01
  3.94883890e-01
  3.92033550e-01
  3.89416580e-01
  3.87007910e-01
  3.84788760e-01
  3.82736610e-01
  3.80826860e-01
  3.79042400e-01
  3.77365810e-01
  3.75776690e-01
  3.74257570e-01
  3.72794140e-01
  3.71368940e-01
  3.69964660e-01
  3.68568660e-01
  3.67164940e-01
  3.65736620e-01
  3.64271980e-01
  3.62755330e-01
  3.61170510e-01
  3.59505750e-01
  3.57744120e-01
  3.55871460e-01
  3.53874930e-01
  3.51734730e-01
  3.49440370e-01
  3.46976640e-01
  3.44322230e-01
  3.41466590e-01
  3.38387820e-01
  3.35074340e-01
  3.31508850e-01
  3.27666170e-01
  3.23538230e-01
  3.19101460e-01
  3.14334590e-01
  3.09210720e-01
  3.03817850e-01
  2.98306850e-01
  2.92827460e-01
  2.87549850e-01
  2.82618620e-01
  2.78181240e-01
  2.74366580e-01
  2.71309270e-01
  2.69129170e-01
  2.67947630e-01
  2.67874770e-01
  2.69018500e-01
  2.71479310e-01
  2.75356330e-01
  2.80746490e-01
  2.87734800e-01
  2.96391660e-01
  3.06803950e-01
  3.19098570e-01
  3.33426220e-01
  3.49945600e-01
  3.68878170e-01
  3.90339520e-01
  4.14460040e-01
  4.41265210e-01
  4.71015310e-01
  5.03912160e-01
  5.39995350e-01
  5.78731950e-01
  6.19429340e-01
  6.60521460e-01
  6.99547230e-01
  7.34326940e-01
  7.62633880e-01
  7.82347140e-01
  7.88454150e-01
  7.72178210e-01
  7.26295940e-01
  6.54523750e-01
  5.65115110e-01
  4.67048350e-01
  3.67838250e-01
  2.75643440e-01
  1.96914090e-01
  1.32845380e-01
  1.01542960e-01
