   4.9174615e-06   2.8947007e+00   1.4872493e-01
   4.9174615e-03   2.8956032e+00   1.4872493e-01
   9.8332136e-03   2.8970295e+00   1.4872489e-01
   1.4747390e-02   2.8984426e+00   1.4872477e-01
   1.9660483e-02   2.8994348e+00   1.4872453e-01
   2.4573111e-02   2.9000258e+00   1.4872412e-01
   2.9485994e-02   2.9000468e+00   1.4872348e-01
   3.4399911e-02   2.8995428e+00   1.4872255e-01
   3.9315514e-02   2.8986111e+00   1.4872125e-01
   4.4233364e-02   2.8972809e+00   1.4871952e-01
   4.9153972e-02   2.8956055e+00   1.4871729e-01
   5.4077840e-02   2.8935518e+00   1.4871445e-01
   5.9005458e-02   2.8911900e+00   1.4871094e-01
   6.3937244e-02   2.8885483e+00   1.4870665e-01
   6.8873577e-02   2.8856665e+00   1.4870149e-01
   7.3814795e-02   2.8825644e+00   1.4869536e-01
   7.8761225e-02   2.8792649e+00   1.4868814e-01
   8.3713145e-02   2.8758135e+00   1.4867974e-01
   8.8670790e-02   2.8722337e+00   1.4867003e-01
   9.3634487e-02   2.8685580e+00   1.4865890e-01
   9.8604465e-02   2.8648244e+00   1.4864621e-01
   1.0358060e-01   2.8611043e+00   1.4863185e-01
   1.0856289e-01   2.8574343e+00   1.4861567e-01
   1.1355131e-01   2.8538188e+00   1.4859753e-01
   1.1854584e-01   2.8502450e+00   1.4857730e-01
   1.2354655e-01   2.8466939e+00   1.4855482e-01
   1.2855350e-01   2.8431451e+00   1.4852994e-01
   1.3356683e-01   2.8395695e+00   1.4850249e-01
   1.3858672e-01   2.8359583e+00   1.4847232e-01
   1.4361335e-01   2.8322972e+00   1.4843924e-01
   1.4864695e-01   2.8285880e+00   1.4840309e-01
   1.5368771e-01   2.8248410e+00   1.4836368e-01
   1.5873582e-01   2.8210668e+00   1.4832082e-01
   1.6379146e-01   2.8172800e+00   1.4827431e-01
   1.6885478e-01   2.8134889e+00   1.4822397e-01
   1.7392593e-01   2.8097136e+00   1.4816956e-01
   1.7900503e-01   2.8059657e+00   1.4811089e-01
   1.8409219e-01   2.8022489e+00   1.4804774e-01
   1.8918752e-01   2.7985693e+00   1.4797988e-01
   1.9429113e-01   2.7949339e+00   1.4790707e-01
   1.9940311e-01   2.7913624e+00   1.4782909e-01
   2.0452351e-01   2.7878810e+00   1.4774568e-01
   2.0965236e-01   2.7845114e+00   1.4765660e-01
   2.1478964e-01   2.7812805e+00   1.4756159e-01
   2.1993526e-01   2.7782506e+00   1.4746039e-01
   2.2508903e-01   2.7754954e+00   1.4735274e-01
   2.3025063e-01   2.7730860e+00   1.4723836e-01
   2.3541963e-01   2.7710818e+00   1.4711700e-01
   2.4059548e-01   2.7695657e+00   1.4698839e-01
   2.4577753e-01   2.7686060e+00   1.4685225e-01
   2.5096503e-01   2.7682281e+00   1.4670831e-01
   2.5615723e-01   2.7684283e+00   1.4655632e-01
   2.6135345e-01   2.7692074e+00   1.4639600e-01
   2.6655300e-01   2.7705261e+00   1.4622707e-01
   2.7175533e-01   2.7723274e+00   1.4604927e-01
   2.7696001e-01   2.7745396e+00   1.4586230e-01
   2.8216676e-01   2.7771118e+00   1.4566590e-01
   2.8737537e-01   2.7799833e+00   1.4545976e-01
   2.9258578e-01   2.7831114e+00   1.4524358e-01
   2.9779796e-01   2.7864561e+00   1.4501707e-01
   3.0301198e-01   2.7899934e+00   1.4477992e-01
   3.0822794e-01   2.7937072e+00   1.4453180e-01
   3.1344596e-01   2.7975792e+00   1.4427240e-01
   3.1866620e-01   2.8015979e+00   1.4400140e-01
   3.2388883e-01   2.8057637e+00   1.4371847e-01
   3.2911401e-01   2.8100732e+00   1.4342328e-01
   3.3434191e-01   2.8145309e+00   1.4311549e-01
   3.3957270e-01   2.8191404e+00   1.4279478e-01
   3.4480652e-01   2.8239090e+00   1.4246079e-01
   3.5004351e-01   2.8288524e+00   1.4211319e-01
   3.5528376e-01   2.8339798e+00   1.4175165e-01
   3.6052735e-01   2.8392965e+00   1.4137582e-01
   3.6577436e-01   2.8448115e+00   1.4098537e-01
   3.7102483e-01   2.8505306e+00   1.4057996e-01
   3.7627879e-01   2.8564492e+00   1.4015926e-01
   3.8153627e-01   2.8625622e+00   1.3972293e-01
   3.8679727e-01   2.8688624e+00   1.3927066e-01
   3.9206179e-01   2.8753432e+00   1.3880210e-01
   3.9732978e-01   2.8819970e+00   1.3831695e-01
   4.0260114e-01   2.8888148e+00   1.3781489e-01
   4.0787568e-01   2.8957975e+00   1.3729564e-01
   4.1315309e-01   2.9029451e+00   1.3675893e-01
   4.1843283e-01   2.9102542e+00   1.3620450e-01
   4.2371408e-01   2.9177264e+00   1.3563217e-01
   4.2899553e-01   2.9253705e+00   1.3504183e-01
   4.3427508e-01   2.9331819e+00   1.3443346e-01
   4.3954932e-01   2.9411517e+00   1.3380727e-01
   4.4481240e-01   2.9492676e+00   1.3316381e-01
   4.5005367e-01   2.9575099e+00   1.3250436e-01
   4.5525203e-01   2.9658283e+00   1.3183171e-01
   4.6036056e-01   2.9741303e+00   1.3115247e-01
   4.6525991e-01   2.9822070e+00   1.3048393e-01
   4.6962538e-01   2.9894889e+00   1.2987403e-01
   4.7281784e-01   2.9948661e+00   1.2941946e-01
   4.7417619e-01   2.9971679e+00   1.2922385e-01
   4.7489736e-01   2.9983932e+00   1.2911947e-01
   4.7527665e-01   2.9990386e+00   1.2906442e-01
   4.7552416e-01   2.9994601e+00   1.2902844e-01
   4.7572493e-01   2.9998022e+00   1.2899923e-01
   4.7590520e-01   3.0001095e+00   1.2897297e-01
   4.7609767e-01   3.0004379e+00   1.2894491e-01
   4.7631698e-01   3.0008123e+00   1.2891290e-01
   4.7662176e-01   3.0013330e+00   1.2886837e-01
   4.7710770e-01   3.0021644e+00   1.2879723e-01
   4.7813926e-01   3.0039335e+00   1.2864564e-01
   4.8061578e-01   3.0082059e+00   1.2827862e-01
   4.8459184e-01   3.0151455e+00   1.2768014e-01
   4.8936539e-01   3.0236254e+00   1.2694659e-01
   4.9446249e-01   3.0329105e+00   1.2614513e-01
   4.9970178e-01   3.0427608e+00   1.2530165e-01
   5.0501521e-01   3.0531238e+00   1.2442584e-01
   5.1037364e-01   3.0640239e+00   1.2352178e-01
   5.1576273e-01   3.0754948e+00   1.2259142e-01
   5.2117459e-01   3.0875584e+00   1.2163582e-01
   5.2660444e-01   3.1002376e+00   1.2065561e-01
   5.3204918e-01   3.1135188e+00   1.1965124e-01
   5.3750669e-01   3.1273837e+00   1.1862299e-01
   5.4297546e-01   3.1418167e+00   1.1757114e-01
   5.4845441e-01   3.1567790e+00   1.1649592e-01
   5.5394287e-01   3.1722519e+00   1.1539750e-01
   5.5944038e-01   3.1882308e+00   1.1427609e-01
   5.6494614e-01   3.2046973e+00   1.1313199e-01
   5.7045976e-01   3.2216554e+00   1.1196546e-01
   5.7598092e-01   3.2391243e+00   1.1077680e-01
   5.8150930e-01   3.2571166e+00   1.0956634e-01
   5.8704459e-01   3.2756552e+00   1.0833444e-01
   5.9258647e-01   3.2947699e+00   1.0708153e-01
   5.9813459e-01   3.3144875e+00   1.0580807e-01
   6.0368860e-01   3.3348403e+00   1.0451458e-01
   6.0924808e-01   3.3558697e+00   1.0320162e-01
   6.1481258e-01   3.3776163e+00   1.0186984e-01
   6.2038158e-01   3.4001186e+00   1.0051990e-01
   6.2595451e-01   3.4234167e+00   9.9152559e-02
   6.3153079e-01   3.4475378e+00   9.7768613e-02
   6.3710980e-01   3.4724982e+00   9.6368904e-02
   6.4269079e-01   3.4983164e+00   9.4954353e-02
   6.4827295e-01   3.5249823e+00   9.3525949e-02
   6.5385548e-01   3.5524898e+00   9.2084704e-02
   6.5943754e-01   3.5808302e+00   9.0631687e-02
   6.6501817e-01   3.6099804e+00   8.9168030e-02
   6.7059622e-01   3.6399408e+00   8.7694946e-02
   6.7617025e-01   3.6707104e+00   8.6213758e-02
   6.8173830e-01   3.7022921e+00   8.4725945e-02
   6.8729759e-01   3.7346966e+00   8.3233236e-02
   6.9284387e-01   3.7679288e+00   8.1737771e-02
   6.9837016e-01   3.8019720e+00   8.0242444e-02
   7.0386398e-01   3.8367713e+00   7.8751656e-02
   7.0929649e-01   3.8721441e+00   7.7274255e-02
   7.1459507e-01   3.9075792e+00   7.5831031e-02
   7.1955297e-01   3.9415855e+00   7.4479326e-02
   7.2358348e-01   3.9698324e+00   7.3380023e-02
   7.2590308e-01   3.9863319e+00   7.2747331e-02
   7.2678694e-01   3.9926659e+00   7.2506264e-02
   7.2716242e-01   3.9953645e+00   7.2403855e-02
   7.2744173e-01   3.9973750e+00   7.2327679e-02
   7.2763269e-01   3.9987510e+00   7.2275602e-02
   7.2780985e-01   4.0000287e+00   7.2227285e-02
   7.2797445e-01   4.0012168e+00   7.2182396e-02
   7.2817585e-01   4.0026716e+00   7.2127471e-02
   7.2842956e-01   4.0045062e+00   7.2058282e-02
   7.2885037e-01   4.0075539e+00   7.1943528e-02
   7.2971896e-01   4.0138629e+00   7.1706677e-02
   7.3208363e-01   4.0311639e+00   7.1062000e-02
   7.3621748e-01   4.0618464e+00   6.9935603e-02
   7.4118395e-01   4.0994470e+00   6.8583772e-02
   7.4645994e-01   4.1402869e+00   6.7150006e-02
   7.5185504e-01   4.1830162e+00   6.5686973e-02
   7.5730238e-01   4.2271877e+00   6.4213573e-02
   7.6277408e-01   4.2726411e+00   6.2737976e-02
   7.6825645e-01   4.3193387e+00   6.1264397e-02
   7.7374160e-01   4.3673012e+00   5.9795352e-02
   7.7922422e-01   4.4166008e+00   5.8332524e-02
   7.8469955e-01   4.4673247e+00   5.6877311e-02
   7.9016348e-01   4.5196045e+00   5.5430778e-02
   7.9561109e-01   4.5736079e+00   5.3994021e-02
   8.0103550e-01   4.6294689e+00   5.2568483e-02
   8.0642556e-01   4.6873669e+00   5.1156508e-02
   8.1176052e-01   4.7472851e+00   4.9762741e-02
   8.1699449e-01   4.8088517e+00   4.8398157e-02
   8.2200384e-01   4.8704946e+00   4.7093772e-02
   8.2641792e-01   4.9270959e+00   4.5944830e-02
   8.2937823e-01   4.9662665e+00   4.5174066e-02
   8.3068630e-01   4.9838765e+00   4.4833337e-02
   8.3116596e-01   4.9903797e+00   4.4708360e-02
   8.3143730e-01   4.9940695e+00   4.4637652e-02
   8.3162661e-01   4.9966484e+00   4.4588318e-02
   8.3178621e-01   4.9988256e+00   4.4546723e-02
   8.3192871e-01   5.0007718e+00   4.4509582e-02
   8.3207858e-01   5.0028210e+00   4.4470517e-02
   8.3226110e-01   5.0053197e+00   4.4422943e-02
   8.3254479e-01   5.0092109e+00   4.4348987e-02
   8.3309056e-01   5.0167210e+00   4.4206688e-02
   8.3416450e-01   5.0315924e+00   4.3926578e-02
   8.3697967e-01   5.0711569e+00   4.3191613e-02
   8.4129461e-01   5.1334339e+00   4.2062958e-02
   8.4618775e-01   5.2065184e+00   4.0780304e-02
   8.5127098e-01   5.2854337e+00   3.9445699e-02
   8.5641146e-01   5.3685870e+00   3.8095022e-02
   8.6155563e-01   5.4554591e+00   3.6743537e-02
   8.6667100e-01   5.5457819e+00   3.5401045e-02
   8.7172278e-01   5.6391558e+00   3.4077920e-02
   8.7664703e-01   5.7345093e+00   3.2792035e-02
   8.8127418e-01   5.8283467e+00   3.1588341e-02
   8.8514110e-01   5.9101809e+00   3.0586659e-02
   8.8741548e-01   5.9598673e+00   2.9999601e-02
   8.8826386e-01   5.9787092e+00   2.9781053e-02
   8.8862419e-01   5.9867636e+00   2.9688304e-02
   8.8884601e-01   5.9917374e+00   2.9631231e-02
   8.8901436e-01   5.9955200e+00   2.9587928e-02
   8.8914078e-01   5.9983653e+00   2.9555415e-02
   8.8926849e-01   6.0012434e+00   2.9522576e-02
   8.8940227e-01   6.0042625e+00   2.9488184e-02
   8.8955859e-01   6.0077959e+00   2.9448004e-02
   8.8976657e-01   6.0125061e+00   2.9394560e-02
   8.9021500e-01   6.0226983e+00   2.9279381e-02
   8.9098544e-01   6.0403256e+00   2.9081668e-02
   8.9321656e-01   6.0922221e+00   2.8510398e-02
   8.9696759e-01   6.1824504e+00   2.7554602e-02
   9.0141095e-01   6.2945228e+00   2.6430740e-02
   9.0605669e-01   6.4182852e+00   2.5266582e-02
   9.1069636e-01   6.5493221e+00   2.4116447e-02
   9.1517511e-01   6.6836533e+00   2.3019417e-02
   9.1919439e-01   6.8114890e+00   2.2047127e-02
   9.2211418e-01   6.9091149e+00   2.1348648e-02
   9.2345894e-01   6.9555272e+00   2.1029299e-02
   9.2397636e-01   6.9736396e+00   2.0906830e-02
   9.2424186e-01   6.9829891e+00   2.0844079e-02
   9.2440008e-01   6.9885792e+00   2.0806711e-02
   9.2454826e-01   6.9938270e+00   2.0771734e-02
   9.2465619e-01   6.9976568e+00   2.0746271e-02
   9.2476412e-01   7.0014930e+00   2.0720817e-02
   9.2489343e-01   7.0060975e+00   2.0690335e-02
   9.2504826e-01   7.0116229e+00   2.0653857e-02
   9.2520308e-01   7.0171617e+00   2.0617400e-02
   9.2557278e-01   7.0304416e+00   2.0530432e-02
   9.2615978e-01   7.0516858e+00   2.0392596e-02
   9.2765660e-01   7.1067627e+00   2.0042522e-02
   9.3077850e-01   7.2260368e+00   1.9319086e-02
   9.3465257e-01   7.3830729e+00   1.8434579e-02
   9.3864899e-01   7.5568557e+00   1.7538392e-02
   9.4230972e-01   7.7279798e+00   1.6732670e-02
   9.4508320e-01   7.8662397e+00   1.6132144e-02
   9.4630826e-01   7.9299029e+00   1.5869615e-02
   9.4682126e-01   7.9570615e+00   1.5760171e-02
   9.4708367e-01   7.9710715e+00   1.5704296e-02
   9.4725239e-01   7.9801204e+00   1.5668413e-02
   9.4742110e-01   7.9892025e+00   1.5632560e-02
   9.4751742e-01   7.9944018e+00   1.5612106e-02
   9.4761198e-01   7.9995166e+00   1.5592035e-02
   9.4770653e-01   8.0046416e+00   1.5571974e-02
   9.4781573e-01   8.0105728e+00   1.5548819e-02
   9.4796375e-01   8.0186348e+00   1.5517452e-02
   9.4811723e-01   8.0270216e+00   1.5484952e-02
   9.4841316e-01   8.0432720e+00   1.5422358e-02
   9.4898882e-01   8.0751841e+00   1.5300858e-02
   9.5036178e-01   8.1529607e+00   1.5012441e-02
   9.5308784e-01   8.3148183e+00   1.4444994e-02
   9.5631030e-01   8.5199453e+00   1.3781205e-02
   9.5924352e-01   8.7200314e+00   1.3179771e-02
   9.6119179e-01   8.8603534e+00   1.2778675e-02
   9.6202364e-01   8.9220836e+00   1.2606219e-02
   9.6236496e-01   8.9477082e+00   1.2535145e-02
   9.6263852e-01   8.9683404e+00   1.2478025e-02
   9.6277194e-01   8.9784298e+00   1.2450113e-02
   9.6288075e-01   8.9866719e+00   1.2427320e-02
   9.6296783e-01   8.9932776e+00   1.2409060e-02
   9.6305491e-01   8.9998914e+00   1.2390783e-02
   9.6314744e-01   9.0069281e+00   1.2371344e-02
   9.6324149e-01   9.0140894e+00   1.2351564e-02
   9.6334951e-01   9.0223248e+00   1.2328818e-02
   9.6350306e-01   9.0340495e+00   1.2296436e-02
   9.6372886e-01   9.0513297e+00   1.2248699e-02
   9.6412940e-01   9.0820946e+00   1.2163658e-02
   9.6499168e-01   9.1487524e+00   1.1978772e-02
   9.6709761e-01   9.3132995e+00   1.1513182e-02
   9.7000763e-01   9.5372684e+00   1.0819416e-02
   9.7293206e-01   9.7418952e+00   1.0032346e-02
   9.7536292e-01   9.8834101e+00   9.2908569e-03
   9.7657974e-01   9.9438527e+00   8.8890698e-03
   9.7714698e-01   9.9698381e+00   8.6952677e-03
   9.7743147e-01   9.9823672e+00   8.5965628e-03
   9.7761431e-01   9.9902433e+00   8.5325917e-03
   9.7773875e-01   9.9955249e+00   8.4888121e-03
   9.7782773e-01   9.9992624e+00   8.4573845e-03
   9.7791671e-01   1.0002966e+01   8.4258544e-03
   9.7799571e-01   1.0006226e+01   8.3977712e-03
   9.7807365e-01   1.0009417e+01   8.3699875e-03
   9.7815159e-01   1.0012583e+01   8.3421229e-03
   9.7826446e-01   1.0017125e+01   8.3016242e-03
   9.7838613e-01   1.0021963e+01   8.2577744e-03
   9.7858455e-01   1.0029719e+01   8.1858192e-03
   9.7889803e-01   1.0041634e+01   8.0709718e-03
   9.7957266e-01   1.0065857e+01   7.8185983e-03
   9.8115270e-01   1.0112244e+01   7.1949261e-03
   9.8394739e-01   1.0159459e+01   5.9546715e-03
   9.8727502e-01   1.0175381e+01   4.2975253e-03
   9.9064143e-01   1.0234039e+01   2.6598635e-03
   9.9369083e-01   1.0371992e+01   1.4413271e-03
   9.9599924e-01   1.0574057e+01   7.5194431e-04
   9.9736170e-01   1.0735096e+01   4.3836060e-04
   9.9800578e-01   1.0824877e+01   3.1211906e-04
   9.9833447e-01   1.0874675e+01   2.5276914e-04
   9.9853605e-01   1.0906680e+01   2.1800061e-04
   9.9867429e-01   1.0929311e+01   1.9485700e-04
   9.9877817e-01   1.0946697e+01   1.7783516e-04
   9.9886669e-01   1.0961779e+01   1.6357597e-04
   9.9893581e-01   1.0973731e+01   1.5259797e-04
   9.9900432e-01   1.0985730e+01   1.4185154e-04
   9.9906908e-01   1.0997220e+01   1.3181350e-04
   9.9913346e-01   1.1008782e+01   1.2195157e-04
   9.9920428e-01   1.1021669e+01   1.1123556e-04
   9.9927772e-01   1.1035221e+01   1.0026922e-04
   9.9936227e-01   1.1051067e+01   8.7825706e-05
   9.9945109e-01   1.1068006e+01   7.4958961e-05
   9.9954602e-01   1.1086445e+01   6.1441049e-05
   9.9963680e-01   1.1104416e+01   4.8734735e-05
   9.9972433e-01   1.1122069e+01   3.6683813e-05
   9.9979904e-01   1.1137393e+01   2.6553782e-05
   9.9987163e-01   1.1152517e+01   1.6846645e-05
   9.9993581e-01   1.1166088e+01   8.3724466e-06
   1.0000000e+00   1.1179851e+01   0.0000000e+00
