   0.0000000e+00   0.0000000e+00
   1.0774401e-02   3.0108365e-10
   2.1551315e-02   1.2118353e-09
   3.2325257e-02   2.7231687e-09
   4.3096407e-02   4.7210899e-09
   5.3864660e-02   7.2100707e-09
   6.4627725e-02   1.0098226e-08
   7.5386053e-02   1.3240374e-08
   8.6138027e-02   1.6592282e-08
   9.6883592e-02   2.0020549e-08
   1.0762171e-01   2.3275468e-08
   1.1835185e-01   2.6312174e-08
   1.2907276e-01   2.8864841e-08
   1.3978336e-01   3.0727404e-08
   1.5048267e-01   3.1745227e-08
   1.6117080e-01   3.1616416e-08
   1.7184653e-01   3.0094562e-08
   1.8250940e-01   2.6887551e-08
   1.9315864e-01   2.1720608e-08
   2.0379314e-01   1.4286011e-08
   2.1441095e-01   4.2471903e-09
   2.2501269e-01   8.7637817e-09
   2.3559770e-01   2.5138435e-08
   2.4616517e-01   4.5228657e-08
   2.5671445e-01   6.9437933e-08
   2.6724478e-01   9.8238389e-08
   2.7775513e-01   1.3206510e-07
   2.8824313e-01   1.7137104e-07
   2.9870993e-01   2.1664242e-07
   3.0915484e-01   2.6839550e-07
   3.1957714e-01   3.2719579e-07
   3.2997612e-01   3.9354308e-07
   3.4035105e-01   4.6803814e-07
   3.5070125e-01   5.5127675e-07
   3.6102555e-01   6.4391709e-07
   3.7132161e-01   7.4652459e-07
   3.8159079e-01   8.5972795e-07
   3.9183231e-01   9.8423758e-07
   4.0204553e-01   1.1207994e-06
   4.1222971e-01   1.2701626e-06
   4.2238414e-01   1.4330238e-06
   4.3250811e-01   1.6101088e-06
   4.4260089e-01   1.8022597e-06
   4.5266173e-01   2.0103809e-06
   4.6268921e-01   2.2352111e-06
   4.7268148e-01   2.4776544e-06
   4.8263949e-01   2.7385905e-06
   4.9256247e-01   3.0189011e-06
   5.0244962e-01   3.3195882e-06
   5.1230010e-01   3.6416111e-06
   5.2211301e-01   3.9859240e-06
   5.3188742e-01   4.3537489e-06
   5.4162233e-01   4.7459272e-06
   5.5131667e-01   5.1633148e-06
   5.6096929e-01   5.6071532e-06
   5.7057891e-01   6.0786493e-06
   5.8014415e-01   6.5787892e-06
   5.8966337e-01   7.1087520e-06
   5.9913475e-01   7.6697321e-06
   6.0855604e-01   8.2627442e-06
   6.1792453e-01   8.8887114e-06
   6.2723672e-01   9.5487008e-06
   6.3648807e-01   1.0243434e-05
   6.4567224e-01   1.0973698e-05
   6.5478013e-01   1.1740004e-05
   6.6379773e-01   1.2541954e-05
   6.7270233e-01   1.3378237e-05
   6.8145400e-01   1.4245252e-05
   6.8997727e-01   1.5134676e-05
   6.9811668e-01   1.6027506e-05
   7.0553973e-01   1.6880282e-05
   7.1150226e-01   1.7593207e-05
   7.1535510e-01   1.8067536e-05
   7.1746121e-01   1.8331482e-05
   7.1859091e-01   1.8474432e-05
   7.1926132e-01   1.8559704e-05
   7.1967253e-01   1.8612171e-05
   7.1997573e-01   1.8650937e-05
   7.2019698e-01   1.8679266e-05
   7.2036278e-01   1.8700519e-05
   7.2049504e-01   1.8717487e-05
   7.2060349e-01   1.8731409e-05
   7.2069426e-01   1.8743068e-05
   7.2077164e-01   1.8753013e-05
   7.2083946e-01   1.8761732e-05
   7.2089848e-01   1.8769323e-05
   7.2095139e-01   1.8776131e-05
   7.2099927e-01   1.8782292e-05
   7.2104298e-01   1.8787919e-05
   7.2108331e-01   1.8793111e-05
   7.2112092e-01   1.8797955e-05
   7.2115614e-01   1.8802492e-05
   7.2118902e-01   1.8806728e-05
   7.2122057e-01   1.8810794e-05
   7.2125107e-01   1.8814725e-05
   7.2127998e-01   1.8818452e-05
   7.2130833e-01   1.8822107e-05
   7.2133605e-01   1.8825681e-05
   7.2136315e-01   1.8829176e-05
   7.2139009e-01   1.8832651e-05
   7.2141679e-01   1.8836095e-05
   7.2144356e-01   1.8839549e-05
   7.2147042e-01   1.8843016e-05
   7.2149776e-01   1.8846545e-05
   7.2152536e-01   1.8850107e-05
   7.2155394e-01   1.8853797e-05
   7.2158330e-01   1.8857588e-05
   7.2161343e-01   1.8861478e-05
   7.2164553e-01   1.8865626e-05
   7.2167907e-01   1.8869959e-05
   7.2171441e-01   1.8874526e-05
   7.2175205e-01   1.8879391e-05
   7.2179287e-01   1.8884668e-05
   7.2183727e-01   1.8890409e-05
   7.2188581e-01   1.8896688e-05
   7.2194009e-01   1.8903711e-05
   7.2200090e-01   1.8911580e-05
   7.2206934e-01   1.8920442e-05
   7.2214915e-01   1.8930779e-05
   7.2224242e-01   1.8942868e-05
   7.2235429e-01   1.8957375e-05
   7.2249299e-01   1.8975380e-05
   7.2266666e-01   1.8997945e-05
   7.2291216e-01   1.9029888e-05
   7.2322241e-01   1.9070324e-05
   7.2366935e-01   1.9128712e-05
   7.2437042e-01   1.9220618e-05
   7.2562461e-01   1.9385988e-05
   7.2789021e-01   1.9687782e-05
   7.3212868e-01   2.0263131e-05
   7.3822476e-01   2.1115961e-05
   7.4548672e-01   2.2172259e-05
   7.5332261e-01   2.3363663e-05
   7.6141839e-01   2.4653211e-05
   7.6962568e-01   2.6024195e-05
   7.7787134e-01   2.7469194e-05
   7.8611615e-01   2.8985157e-05
   7.9433266e-01   3.0569931e-05
   8.0250726e-01   3.2223602e-05
   8.1062989e-01   3.3946578e-05
   8.1869250e-01   3.5739768e-05
   8.2668782e-01   3.7603171e-05
   8.3460888e-01   3.9537519e-05
   8.4244822e-01   4.1542323e-05
   8.5019709e-01   4.3617166e-05
   8.5784251e-01   4.5759351e-05
   8.6534293e-01   4.7957466e-05
   8.7268467e-01   5.0205815e-05
   8.7981345e-01   5.2485599e-05
   8.8662991e-01   5.4759021e-05
   8.9295087e-01   5.6952141e-05
   8.9843964e-01   5.8926616e-05
   9.0253920e-01   6.0444960e-05
   9.0500162e-01   6.1375346e-05
   9.0629091e-01   6.1868109e-05
   9.0707293e-01   6.2168927e-05
   9.0761555e-01   6.2378520e-05
   9.0794464e-01   6.2505982e-05
   9.0818268e-01   6.2598344e-05
   9.0836280e-01   6.2668322e-05
   9.0850382e-01   6.2723166e-05
   9.0861740e-01   6.2767373e-05
   9.0871134e-01   6.2803958e-05
   9.0879060e-01   6.2834844e-05
   9.0885803e-01   6.2861132e-05
   9.0891677e-01   6.2884041e-05
   9.0896858e-01   6.2904254e-05
   9.0901464e-01   6.2922228e-05
   9.0905604e-01   6.2938389e-05
   9.0909379e-01   6.2953129e-05
   9.0912863e-01   6.2966733e-05
   9.0915972e-01   6.2978881e-05
   9.0918925e-01   6.2990417e-05
   9.0921684e-01   6.3001197e-05
   9.0924242e-01   6.3011197e-05
   9.0926714e-01   6.3020857e-05
   9.0929003e-01   6.3029809e-05
   9.0931237e-01   6.3038545e-05
   9.0933353e-01   6.3046820e-05
   9.0935401e-01   6.3054828e-05
   9.0937407e-01   6.3062675e-05
   9.0939318e-01   6.3070151e-05
   9.0941229e-01   6.3077629e-05
   9.0943070e-01   6.3084835e-05
   9.0944895e-01   6.3091978e-05
   9.0946713e-01   6.3099094e-05
   9.0948503e-01   6.3106099e-05
   9.0950292e-01   6.3113105e-05
   9.0952090e-01   6.3120143e-05
   9.0953894e-01   6.3127209e-05
   9.0955699e-01   6.3134276e-05
   9.0957562e-01   6.3141571e-05
   9.0959432e-01   6.3148896e-05
   9.0961341e-01   6.3156375e-05
   9.0963327e-01   6.3164156e-05
   9.0965312e-01   6.3171937e-05
   9.0967454e-01   6.3180330e-05
   9.0969606e-01   6.3188765e-05
   9.0971914e-01   6.3197813e-05
   9.0974283e-01   6.3207099e-05
   9.0976840e-01   6.3217127e-05
   9.0979475e-01   6.3227461e-05
   9.0982395e-01   6.3238914e-05
   9.0985451e-01   6.3250902e-05
   9.0988769e-01   6.3263923e-05
   9.0992439e-01   6.3278329e-05
   9.0996439e-01   6.3294032e-05
   9.1001154e-01   6.3312547e-05
   9.1006539e-01   6.3333699e-05
   9.1011923e-01   6.3354856e-05
   9.1018504e-01   6.3380724e-05
   9.1026463e-01   6.3412029e-05
   9.1034423e-01   6.3443350e-05
   9.1045961e-01   6.3488775e-05
   9.1058802e-01   6.3539375e-05
   9.1075065e-01   6.3603514e-05
   9.1096929e-01   6.3689852e-05
   9.1126536e-01   6.3806960e-05
   9.1168457e-01   6.3973133e-05
   9.1232392e-01   6.4227385e-05
   9.1352062e-01   6.4705954e-05
   9.1545264e-01   6.5485922e-05
   9.1878862e-01   6.6854370e-05
   9.2344561e-01   6.8812333e-05
   9.2893319e-01   7.1193746e-05
   9.3486343e-01   7.3860245e-05
   9.4097073e-01   7.6711809e-05
   9.4703471e-01   7.9654449e-05
   9.5295591e-01   8.2638303e-05
   9.5865645e-01   8.5618930e-05
   9.6397312e-01   8.8498214e-05
   9.6845054e-01   9.0999549e-05
   9.7198852e-01   9.3027077e-05
   9.7440762e-01   9.4439969e-05
   9.7587248e-01   9.5306041e-05
   9.7668312e-01   9.5788765e-05
   9.7724828e-01   9.6126761e-05
   9.7762448e-01   9.6352406e-05
   9.7787721e-01   9.6504296e-05
   9.7806707e-01   9.6618558e-05
   9.7821518e-01   9.6707784e-05
   9.7833343e-01   9.6779082e-05
   9.7843071e-01   9.6837776e-05
   9.7851189e-01   9.6886782e-05
   9.7858053e-01   9.6928241e-05
   9.7864046e-01   9.6964452e-05
   9.7869244e-01   9.6995868e-05
   9.7873829e-01   9.7023592e-05
   9.7877938e-01   9.7048438e-05
   9.7881654e-01   9.7070920e-05
   9.7884957e-01   9.7090901e-05
   9.7887996e-01   9.7109298e-05
   9.7890847e-01   9.7126550e-05
   9.7893424e-01   9.7142153e-05
   9.7895846e-01   9.7156816e-05
   9.7898124e-01   9.7170614e-05
   9.7900241e-01   9.7183434e-05
   9.7902261e-01   9.7195671e-05
   9.7904175e-01   9.7207263e-05
   9.7905977e-01   9.7218184e-05
   9.7907763e-01   9.7229005e-05
   9.7909389e-01   9.7238856e-05
   9.7911014e-01   9.7248708e-05
   9.7912580e-01   9.7258199e-05
   9.7914070e-01   9.7267228e-05
   9.7915559e-01   9.7276257e-05
   9.7916997e-01   9.7284976e-05
   9.7918392e-01   9.7293430e-05
   9.7919786e-01   9.7301884e-05
   9.7921156e-01   9.7310193e-05
   9.7922496e-01   9.7318319e-05
   9.7923836e-01   9.7326446e-05
   9.7925172e-01   9.7334555e-05
   9.7926499e-01   9.7342602e-05
   9.7927825e-01   9.7350649e-05
   9.7929152e-01   9.7358696e-05
   9.7930504e-01   9.7366905e-05
   9.7931858e-01   9.7375121e-05
   9.7933212e-01   9.7383337e-05
   9.7934619e-01   9.7391875e-05
   9.7936041e-01   9.7400508e-05
   9.7937463e-01   9.7409141e-05
   9.7938966e-01   9.7418264e-05
   9.7940497e-01   9.7427562e-05
   9.7942028e-01   9.7436860e-05
   9.7943697e-01   9.7446996e-05
   9.7945378e-01   9.7457206e-05
   9.7947127e-01   9.7467824e-05
   9.7948998e-01   9.7479194e-05
   9.7950880e-01   9.7490628e-05
   9.7952983e-01   9.7503405e-05
   9.7955086e-01   9.7516184e-05
   9.7957458e-01   9.7530600e-05
   9.7959886e-01   9.7545362e-05
   9.7962572e-01   9.7561693e-05
   9.7965457e-01   9.7579238e-05
   9.7968552e-01   9.7598061e-05
   9.7971982e-01   9.7618927e-05
   9.7975795e-01   9.7642126e-05
   9.7980019e-01   9.7667832e-05
   9.7984746e-01   9.7696611e-05
   9.7990121e-01   9.7729342e-05
   9.7996328e-01   9.7767155e-05
   9.8004360e-01   9.7816104e-05
   9.8012987e-01   9.7868709e-05
   9.8023297e-01   9.7931615e-05
   9.8037115e-01   9.8015988e-05
   9.8051407e-01   9.8103324e-05
   9.8073160e-01   9.8236413e-05
   9.8100866e-01   9.8406178e-05
   9.8139065e-01   9.8640716e-05
   9.8196333e-01   9.8993372e-05
   9.8292423e-01   9.9587904e-05
   9.8441476e-01   1.0051709e-04
   9.8661808e-01   1.0190604e-04
   9.8935707e-01   1.0365851e-04
   9.9221584e-01   1.0551837e-04
   9.9445396e-01   1.0699679e-04
   9.9605816e-01   1.0806851e-04
   9.9702986e-01   1.0872250e-04
   9.9772339e-01   1.0919145e-04
   9.9813877e-01   1.0947321e-04
   9.9843515e-01   1.0967464e-04
   9.9865589e-01   1.0982486e-04
   9.9882550e-01   1.0994042e-04
   9.9896096e-01   1.1003280e-04
   9.9907055e-01   1.1010758e-04
   9.9916248e-01   1.1017034e-04
   9.9923978e-01   1.1022314e-04
   9.9930546e-01   1.1026802e-04
   9.9936243e-01   1.1030696e-04
   9.9941348e-01   1.1034187e-04
   9.9945845e-01   1.1037262e-04
   9.9949805e-01   1.1039971e-04
   9.9953495e-01   1.1042496e-04
   9.9956751e-01   1.1044724e-04
   9.9959747e-01   1.1046775e-04
   9.9962676e-01   1.1048780e-04
   9.9965094e-01   1.1050435e-04
   9.9967512e-01   1.1052091e-04
   9.9969926e-01   1.1053744e-04
   9.9971880e-01   1.1055082e-04
   9.9973834e-01   1.1056421e-04
   9.9975787e-01   1.1057759e-04
   9.9977686e-01   1.1059060e-04
   9.9979291e-01   1.1060160e-04
   9.9980896e-01   1.1061260e-04
   9.9982501e-01   1.1062361e-04
   9.9984106e-01   1.1063461e-04
   9.9985602e-01   1.1064486e-04
   9.9986974e-01   1.1065427e-04
   9.9988347e-01   1.1066367e-04
   9.9989719e-01   1.1067308e-04
   9.9991091e-01   1.1068249e-04
   9.9992464e-01   1.1069190e-04
   9.9993721e-01   1.1070052e-04
   9.9994977e-01   1.1070913e-04
   9.9996233e-01   1.1071775e-04
   9.9997488e-01   1.1072636e-04
   9.9998744e-01   1.1073497e-04
   1.0000000e+00   1.1074359e-04
