   0.0000000e+00   1.5668024e+00
   3.6880762e-05   1.5712846e+00
   1.4752981e-04   2.4282376e+00
   3.3193418e-04   2.1199357e+00
   5.9007619e-04   1.8965688e+00
   9.2192367e-04   1.8750714e+00
   1.3274342e-03   1.8530814e+00
   1.8065473e-03   1.8538644e+00
   2.3592125e-03   1.8556199e+00
   2.9853646e-03   1.8588816e+00
   3.6849294e-03   1.8627702e+00
   4.4578240e-03   1.8668920e+00
   5.3039581e-03   1.8711885e+00
   6.2231919e-03   1.8756834e+00
   7.2154437e-03   1.8800529e+00
   8.2806000e-03   1.8845371e+00
   9.4185364e-03   1.8890159e+00
   1.0629119e-02   1.8934827e+00
   1.1912210e-02   1.8980363e+00
   1.3267587e-02   1.9024517e+00
   1.4695120e-02   1.9069228e+00
   1.6194665e-02   1.9113949e+00
   1.7766043e-02   1.9158454e+00
   1.9409062e-02   1.9202307e+00
   2.1123524e-02   1.9245836e+00
   2.2909132e-02   1.9289577e+00
   2.4765616e-02   1.9332875e+00
   2.6692786e-02   1.9375884e+00
   2.8690320e-02   1.9418431e+00
   3.0757811e-02   1.9459716e+00
   3.2894663e-02   1.9501920e+00
   3.5099843e-02   1.9543261e+00
   3.7369587e-02   1.9583871e+00
   3.9688134e-02   1.9623990e+00
   4.1823673e-02   1.9659232e+00
   4.3945118e-02   1.9693642e+00
   4.6419254e-02   1.9732167e+00
   4.9008657e-02   1.9771292e+00
   5.1673205e-02   1.9809609e+00
   5.4407946e-02   1.9847285e+00
   5.7211378e-02   1.9885038e+00
   6.0082643e-02   1.9922430e+00
   6.3021107e-02   1.9959414e+00
   6.6026165e-02   1.9995618e+00
   6.9096925e-02   2.0031471e+00
   7.2232260e-02   2.0067312e+00
   7.5430453e-02   2.0102109e+00
   7.8686056e-02   2.0136240e+00
   8.1971469e-02   2.0169728e+00
   8.4924317e-02   2.0199618e+00
   8.8057019e-02   2.0229604e+00
   9.1526252e-02   2.0261841e+00
   9.5087061e-02   2.0294693e+00
   9.8718504e-02   2.0326319e+00
   1.0241556e-01   2.0357576e+00
   1.0617602e-01   2.0388818e+00
   1.0999816e-01   2.0419287e+00
   1.1387967e-01   2.0449556e+00
   1.1781313e-01   2.0478641e+00
   1.2175794e-01   2.0507714e+00
   1.2523338e-01   2.0531967e+00
   1.2846744e-01   2.0553620e+00
   1.3255250e-01   2.0582143e+00
   1.3675932e-01   2.0609077e+00
   1.4103692e-01   2.0636148e+00
   1.4537639e-01   2.0662691e+00
   1.4977287e-01   2.0688208e+00
   1.5421929e-01   2.0713988e+00
   1.5868448e-01   2.0738939e+00
   1.6269893e-01   2.0760000e+00
   1.6650410e-01   2.0780105e+00
   1.7105051e-01   2.0803519e+00
   1.7575197e-01   2.0826960e+00
   1.8052379e-01   2.0849402e+00
   1.8535269e-01   2.0871750e+00
   1.9022689e-01   2.0893800e+00
   1.9509850e-01   2.0913949e+00
   1.9941793e-01   2.0932982e+00
   2.0330546e-01   2.0949170e+00
   2.0829274e-01   2.0968219e+00
   2.1340780e-01   2.0987808e+00
   2.1858640e-01   2.1006636e+00
   2.2381089e-01   2.1025565e+00
   2.2904232e-01   2.1043340e+00
   2.3386327e-01   2.1059435e+00
   2.3868277e-01   2.1074997e+00
   2.4405096e-01   2.1090900e+00
   2.4951512e-01   2.1107936e+00
   2.5502962e-01   2.1123513e+00
   2.6054744e-01   2.1138088e+00
   2.6551634e-01   2.1151368e+00
   2.7056963e-01   2.1164726e+00
   2.7618167e-01   2.1178744e+00
   2.8192125e-01   2.1191134e+00
   2.8770334e-01   2.1203958e+00
   2.9339819e-01   2.1217192e+00
   2.9859616e-01   2.1226940e+00
   3.0413082e-01   2.1237318e+00
   3.1006168e-01   2.1249019e+00
   3.1605853e-01   2.1259756e+00
   3.2201563e-01   2.1269211e+00
   3.2665023e-01   2.1276478e+00
   3.3206520e-01   2.1284689e+00
   3.3816594e-01   2.1293100e+00
   3.4436115e-01   2.1301904e+00
   3.5052166e-01   2.1309384e+00
   3.5550141e-01   2.1315161e+00
   3.6151218e-01   2.1321320e+00
   3.6784081e-01   2.1328116e+00
   3.7418824e-01   2.1334425e+00
   3.7973527e-01   2.1338181e+00
   3.8443613e-01   2.1341691e+00
   3.9078640e-01   2.1346843e+00
   3.9729257e-01   2.1351494e+00
   4.0358384e-01   2.1354115e+00
   4.0942340e-01   2.1356444e+00
   4.1578079e-01   2.1360092e+00
   4.2242319e-01   2.1362223e+00
   4.2885559e-01   2.1363673e+00
   4.3416214e-01   2.1365075e+00
   4.4081169e-01   2.1366025e+00
   4.4757965e-01   2.1365863e+00
   4.5387973e-01   2.1366250e+00
   4.5975403e-01   2.1365375e+00
   4.6658432e-01   2.1364455e+00
   4.7316497e-01   2.1363975e+00
   4.7929561e-01   2.1361528e+00
   4.8603261e-01   2.1359485e+00
   4.9291651e-01   2.1355856e+00
   4.9822397e-01   2.1353586e+00
   5.0402332e-01   2.1351727e+00
   5.1101393e-01   2.1347235e+00
   5.1696609e-01   2.1342802e+00
   5.2320254e-01   2.1338325e+00
   5.3023858e-01   2.1334063e+00
   5.3647413e-01   2.1328132e+00
   5.4307399e-01   2.1322304e+00
   5.5020891e-01   2.1316120e+00
   5.5607648e-01   2.1309735e+00
   5.6296952e-01   2.1302674e+00
   5.6993333e-01   2.1294340e+00
   5.7460005e-01   2.1288312e+00
   5.8171555e-01   2.1280177e+00
   5.8851193e-01   2.1271721e+00
   5.9430693e-01   2.1262870e+00
   6.0126817e-01   2.1253145e+00
   6.0708868e-01   2.1245571e+00
   6.1412354e-01   2.1234081e+00
   6.2080433e-01   2.1223210e+00
   6.2753980e-01   2.1211901e+00
   6.3349891e-01   2.1201781e+00
   6.3962625e-01   2.1191362e+00
   6.4529867e-01   2.1179419e+00
   6.5085326e-01   2.1169188e+00
   6.5676597e-01   2.1158319e+00
   6.6207098e-01   2.1147167e+00
   6.6836969e-01   2.1133488e+00
   6.7415660e-01   2.1121714e+00
   6.8075305e-01   2.1106109e+00
   6.8685956e-01   2.1091577e+00
   6.9334178e-01   2.1077006e+00
   6.9812377e-01   2.1064459e+00
   7.0350566e-01   2.1049713e+00
   7.0988059e-01   2.1032877e+00
   7.1443206e-01   2.1020338e+00
   7.1956812e-01   2.1005209e+00
   7.2579278e-01   2.0987312e+00
   7.3051547e-01   2.0971919e+00
   7.3539907e-01   2.0956271e+00
   7.4117333e-01   2.0937211e+00
   7.4691849e-01   2.0917484e+00
   7.5136327e-01   2.0900526e+00
   7.5575433e-01   2.0883996e+00
   7.6090940e-01   2.0864649e+00
   7.6649058e-01   2.0840506e+00
   7.7181457e-01   2.0819845e+00
   7.7632361e-01   2.0798749e+00
   7.8015612e-01   2.0780227e+00
   7.8379853e-01   2.0763727e+00
   7.8760076e-01   2.0745604e+00
   7.9159906e-01   2.0725140e+00
   7.9578735e-01   2.0701554e+00
   8.0008930e-01   2.0676929e+00
   8.0442080e-01   2.0653073e+00
   8.0871252e-01   2.0627278e+00
   8.1288649e-01   2.0600558e+00
   8.1682754e-01   2.0574264e+00
   8.2055707e-01   2.0548234e+00
   8.2410823e-01   2.0523390e+00
   8.2745428e-01   2.0497912e+00
   8.3062111e-01   2.0474184e+00
   8.3370731e-01   2.0449195e+00
   8.3680492e-01   2.0423774e+00
   8.4002238e-01   2.0397196e+00
   8.4342184e-01   2.0366259e+00
   8.4691005e-01   2.0333624e+00
   8.5028534e-01   2.0301305e+00
   8.5337638e-01   2.0271901e+00
   8.5621059e-01   2.0245016e+00
   8.5895904e-01   2.0218051e+00
   8.6182193e-01   2.0190112e+00
   8.6485371e-01   2.0160716e+00
   8.6778559e-01   2.0132208e+00
   8.7048239e-01   2.0105089e+00
   8.7299572e-01   2.0080081e+00
   8.7564268e-01   2.0054922e+00
   8.7839507e-01   2.0030388e+00
   8.8100589e-01   2.0007936e+00
   8.8339255e-01   1.9988185e+00
   8.8583975e-01   1.9970317e+00
   8.8837477e-01   1.9952552e+00
   8.9080552e-01   1.9936736e+00
   8.9309593e-01   1.9922776e+00
   8.9539296e-01   1.9909199e+00
   8.9776609e-01   1.9897487e+00
   9.0005679e-01   1.9886388e+00
   9.0221001e-01   1.9876978e+00
   9.0443274e-01   1.9869176e+00
   9.0669419e-01   1.9862331e+00
   9.0876446e-01   1.9857741e+00
   9.1085754e-01   1.9852349e+00
   9.1299200e-01   1.9848163e+00
   9.1503139e-01   1.9844527e+00
   9.1702854e-01   1.9841607e+00
   9.1904740e-01   1.9839097e+00
   9.2103956e-01   1.9837578e+00
   9.2294954e-01   1.9836189e+00
   9.2486889e-01   1.9834563e+00
   9.2679295e-01   1.9834394e+00
   9.2860905e-01   1.9834061e+00
   9.3045011e-01   1.9835302e+00
   9.3225143e-01   1.9835665e+00
   9.3400915e-01   1.9835831e+00
   9.3575718e-01   1.9838365e+00
   9.3746589e-01   1.9841649e+00
   9.3912845e-01   1.9843374e+00
   9.4080009e-01   1.9846276e+00
   9.4242136e-01   1.9849788e+00
   9.4397854e-01   1.9851987e+00
   9.4554404e-01   1.9855503e+00
   9.4705547e-01   1.9858434e+00
   9.4853222e-01   1.9861739e+00
   9.4996699e-01   1.9864594e+00
   9.5138637e-01   1.9866713e+00
   9.5278966e-01   1.9874338e+00
   9.5414856e-01   1.9862581e+00
   9.5546291e-01   1.9915392e+00
   9.5675011e-01   2.0087136e+00
   9.5802785e-01   2.0164693e+00
   9.5928017e-01   2.0152437e+00
   9.6048115e-01   2.0163997e+00
   9.6164781e-01   2.0168529e+00
   9.6279659e-01   2.0175075e+00
   9.6393226e-01   2.0181505e+00
   9.6505029e-01   2.0187236e+00
   9.6613835e-01   2.0193540e+00
   9.6717445e-01   2.0199854e+00
   9.6818978e-01   2.0205330e+00
   9.6919055e-01   2.0212040e+00
   9.7018259e-01   2.0217041e+00
   9.7115802e-01   2.0221208e+00
   9.7210111e-01   2.0224541e+00
   9.7300747e-01   2.0230760e+00
   9.7388729e-01   2.0234060e+00
   9.7475442e-01   2.0237028e+00
   9.7561227e-01   2.0240855e+00
   9.7645908e-01   2.0242213e+00
   9.7729249e-01   2.0247512e+00
   9.7809817e-01   2.0248509e+00
   9.7886736e-01   2.0249441e+00
   9.7961134e-01   2.0254180e+00
   9.8034066e-01   2.0253576e+00
   9.8106028e-01   2.0256283e+00
   9.8177247e-01   2.0258133e+00
   9.8247534e-01   2.0257860e+00
   9.8316728e-01   2.0260680e+00
   9.8384081e-01   2.0259198e+00
   9.8448445e-01   2.0263139e+00
   9.8509938e-01   2.0263401e+00
   9.8568887e-01   2.0261707e+00
   9.8626578e-01   2.0262172e+00
   9.8683373e-01   2.0262976e+00
   9.8739519e-01   2.0265814e+00
   9.8795018e-01   2.0262635e+00
   9.8849803e-01   2.0262312e+00
   9.8903729e-01   2.0266005e+00
   9.8956600e-01   2.0263240e+00
   9.9007322e-01   2.0264659e+00
   9.9055250e-01   2.0263661e+00
   9.9099678e-01   2.0261974e+00
   9.9141696e-01   2.0262677e+00
   9.9182281e-01   2.0260664e+00
   9.9221975e-01   2.0262699e+00
   9.9261048e-01   2.0263512e+00
   9.9299549e-01   2.0260952e+00
   9.9337589e-01   2.0259892e+00
   9.9375229e-01   2.0262051e+00
   9.9412464e-01   2.0259848e+00
   9.9449248e-01   2.0258339e+00
   9.9485306e-01   2.0257963e+00
   9.9520823e-01   2.0257771e+00
   9.9555397e-01   2.0258920e+00
   9.9588788e-01   2.0256530e+00
   9.9620565e-01   2.0255987e+00
   9.9650186e-01   2.0252176e+00
   9.9677285e-01   2.0251818e+00
   9.9702138e-01   2.0258890e+00
   9.9725379e-01   2.0249998e+00
   9.9747312e-01   2.0249977e+00
   9.9768270e-01   2.0248180e+00
   9.9788878e-01   2.0251290e+00
   9.9809127e-01   2.0247836e+00
   9.9829147e-01   2.0241543e+00
   9.9849119e-01   2.0245763e+00
   9.9869073e-01   2.0240158e+00
   9.9889195e-01   2.0236358e+00
   9.9909482e-01   2.0235788e+00
   9.9930286e-01   2.0231744e+00
   9.9951970e-01   2.0218993e+00
   9.9974848e-01   2.0207150e+00
   1.0000000e+00   2.0180201e+00
