   8.1000000000000000e+01   4.1600000000000000e+02
  -1.9976330000000001e-10   8.3999217000000004e-13
  -1.7108722999999999e-10  -5.6050020000000000e-12
   4.9075841000000002e-10  -6.6283463000000005e-11
  -4.1490503999999997e-11   1.1385503000000000e-10
  -6.6551472000000005e-10  -6.2679061000000004e-11
   8.3285417999999998e-10  -3.7238144000000000e-11
   2.1959587000000000e-10   5.8992915999999998e-11
  -1.5607737999999999e-09   9.3674352000000003e-11
   1.1872040000000000e-09  -2.3094652000000000e-10
   1.2425741000000000e-09   1.5357525000000001e-10
  -3.1708939000000000e-09   1.1129200999999999e-10
   1.0961932999999999e-09  -2.2451417999999999e-10
   3.7902927000000002e-09  -4.5187955000000003e-11
  -5.1225935000000001e-09   4.5407573000000000e-10
  -1.2357125000000000e-09  -4.4351790999999998e-10
   8.8845315999999994e-09  -1.6350925000000001e-10
  -6.1189499999999998e-09   6.8710030000000003e-10
  -7.7173688000000006e-09  -2.4760698000000003e-10
   1.6271621000000000e-08  -8.4004299999999995e-10
  -3.3202921000000002e-09   1.1510563000000000e-09
  -2.0582198999999999e-08   2.4485434999999999e-11
   2.2643311000000000e-08  -1.4150047000000000e-09
   9.1488107000000006e-09   1.0226807000000000e-09
  -4.0129243000000003e-08   1.0491877000000001e-09
   2.2251466000000002e-08  -2.2643693999999999e-09
   3.6568779000000000e-08   5.4205978000000004e-10
  -5.8693241000000002e-08   2.2994919000000001e-09
   2.0488649999999998e-09  -2.2358536999999998e-09
   7.0929159999999997e-08  -8.5309774000000005e-10
  -5.6671340999999998e-08   2.8714362000000002e-09
  -3.7235137000000003e-08  -9.5406348999999995e-10
   7.8384360999999995e-08  -1.7625306000000001e-09
  -1.3403232000000000e-08   1.2603762000000000e-09
  -3.1139762000000003e-08   9.3734536999999992e-10
  -4.1379310000000002e-08   3.4640516999999999e-10
   7.2413619999999997e-09  -4.1374449999999997e-09
   2.9391115999999999e-07   5.2931852999999995e-10
  -3.6074571000000000e-07   9.9406788999999997e-09
  -4.3064912999999998e-07  -1.0032163999999999e-08
   6.6924493000000002e-07  -7.7082121000000000e-09
   1.3521731000000001e-08  -1.7234293000000001e-09
   2.1482751000000001e-06   9.7290429999999994e-09
  -5.3419834999999997e-06   6.1096266999999996e-08
  -6.4728549999999997e-06  -1.3484238000000001e-07
   1.0010342000000000e-04   1.4128458000000000e-07
   2.2077357999999999e-06  -1.2972328000000001e-07
   7.8167435999999998e-06   1.2473338000000001e-07
  -6.8849712999999998e-06  -1.0706287000000001e-08
  -7.4039994999999996e-07  -4.8417104000000003e-08
   3.2724756000000000e-06   4.9635141000000003e-08
  -1.5345739000000001e-06   7.8984587999999997e-09
  -9.9574939000000007e-07  -3.3181676000000002e-08
   1.3450705000000000e-06   1.6378739000000000e-08
  -2.2024309000000000e-07   1.4792267000000000e-08
  -6.4621024999999997e-07  -1.9916406999999999e-08
   4.8568359999999997e-07   3.2320174000000002e-09
   8.9393264000000003e-08   1.1148611000000000e-08
  -3.3145369000000001e-07  -8.2935238000000001e-09
   1.3874882000000000e-07  -2.6274987999999999e-09
   1.1191005999999999e-07   7.4751233000000004e-09
  -1.4428628000000001e-07  -3.0961573000000002e-09
   1.8749714000000001e-08  -2.6351333000000000e-09
   7.2587764000000005e-08   3.3442424000000000e-09
  -5.3529990000000000e-08  -3.7863737999999998e-11
  -1.1849379000000001e-08  -2.3282036000000002e-09
   3.7340281000000002e-08   1.6464843000000000e-09
  -1.5013355000000001e-08   2.5964620000000001e-10
  -1.2896846000000000e-08  -1.0283296000000000e-09
   1.6428128000000001e-08   2.5595773999999998e-10
  -1.8857486000000000e-09   6.5181930000000001e-10
  -8.3009859999999999e-09  -7.0261144999999996e-10
   5.9298076999999999e-09   1.6884268000000000e-10
   1.3281748000000001e-09   2.0172686000000001e-10
  -4.2773107999999998e-09  -8.5928180000000004e-11
   1.7445934999999999e-09  -1.9655959000000000e-10
   1.4146946000000000e-09   2.8732861999999998e-10
  -1.7912911000000001e-09  -1.6508164000000000e-10
   2.3710274999999999e-10   3.5505380999999998e-11
   8.7329874000000005e-10  -1.6080074999999999e-11
  -6.8283418999999996e-10   6.0873995000000005e-11
  -1.6410778000000000e-10  -1.4331880000000001e-10
