   1.6100000000000000e+02   4.9000000000000000e+02
  -3.0875065046962744e-08   6.6328695469102903e-08
  -5.5693182976091175e-08   3.6055302672703863e-08
  -3.3588030159676159e-08   9.3951179230619116e-09
  -8.3299554853305473e-09   1.1882320752524930e-08
  -2.6511744697631851e-08   2.4557144925332232e-08
  -4.8465879408108279e-08   8.4185456110579538e-09
  -5.1695660870552411e-08   6.7620329449778831e-09
  -4.2237955853497694e-08   2.7418523930849560e-08
  -3.6627419667342364e-08   3.1626868125242007e-08
   6.0429824009512892e-09   1.0896389795787777e-08
   3.5886189080814142e-08   1.8192853733383481e-10
   4.6551349390384111e-08  -3.3492546225113255e-08
   4.3962692293628295e-08  -7.5084988744429302e-08
   5.0816523938193725e-08  -9.7578525814644962e-08
   1.4473309873308291e-08  -9.2126008353119767e-08
  -1.2820407353068468e-08  -9.3514178467114209e-08
  -3.1536058626802223e-09  -6.9288879973425460e-08
  -1.5084496838019462e-08  -4.9225710746148220e-08
  -3.3900977033778664e-08  -7.0649154499115252e-08
  -4.1382865132799997e-08  -8.9960233280382177e-08
  -3.7424255383446525e-08  -7.0811955898830489e-08
  -1.0210137475826650e-07  -6.6047143600003317e-08
  -1.3168018519278352e-07  -7.9208011909169634e-08
  -1.2222314426394938e-07  -1.3878253218042278e-08
  -1.4405216753323360e-07   3.4537373647675654e-09
  -1.5348931879959121e-07  -8.9730839548649481e-08
  -9.0962246949863961e-08  -1.3461168376909104e-07
  -2.6857146682427798e-08  -8.9193034181023568e-08
  -5.4070652540510778e-08  -1.3181630693476628e-07
  -7.9993625866779652e-08  -2.3740584334582888e-07
  -3.4153091279569518e-08  -1.8089726221417377e-07
  -8.7144916416535986e-09  -2.2141179962668676e-07
   8.9892510880035196e-08  -4.1155254759573339e-07
   2.2420926305621540e-07  -3.7764800475147954e-07
   2.2112154519100988e-07  -1.5243924419112305e-07
   2.1729783624282606e-07  -2.5871925380526810e-07
   3.2845752158889868e-07  -5.0876340223667182e-07
   4.8104226705224906e-07  -3.9743576654969562e-07
   3.9944623371796475e-07  -2.2242650095678078e-07
   3.9764658027290253e-07  -2.0045675049570721e-07
   5.6981221468825406e-07  -1.1264529490593106e-07
   3.9902781333747741e-07  -2.4178917374810849e-08
   1.4195607583988019e-07  -1.2317525862617845e-07
   3.5714947457515299e-07   2.7129482966429611e-07
   5.2671797309558814e-07   9.0504422850404998e-07
  -4.8564395738666696e-08   5.6736715338764974e-07
  -4.8371292711174303e-07   1.7385078467075692e-07
  -1.0795177627687013e-07   1.2173695366022053e-06
   3.5965401476813318e-09   1.8681678770883451e-06
  -7.5822111165891861e-07   5.6728164689206013e-07
  -1.1185368704511506e-06   2.5820739000119060e-07
  -7.0196696544147964e-07   1.9493625795081416e-06
  -6.9088068320815659e-07   1.7822053672196316e-06
  -1.2523955053621440e-06  -5.1669094541590974e-07
  -1.5841835777639924e-06  -4.0533895024800241e-07
  -1.3000881047325038e-06   1.1219958385053428e-06
  -6.7778306422251637e-07  -4.9208001560264049e-07
  -3.6677282986295768e-07  -2.8735195462792177e-06
  -8.6883968863038735e-07  -2.1238927702126425e-06
  -1.1824248350979057e-06  -1.5590773066640004e-06
  -2.6721835524559715e-07  -3.6476967459024638e-06
   3.0426844552700117e-07  -4.5562927363088873e-06
  -8.8501765016087799e-07  -3.7370685789757404e-06
  -1.1835139583623914e-06  -4.4181665414526950e-06
   8.7057581432255058e-07  -5.0893788007094986e-06
   2.5723190067250484e-06  -4.0301557009254070e-06
   2.4532795114945984e-06  -2.9346261039743545e-06
   2.9465938525756834e-06  -2.1885288594993788e-07
   4.0526678431665856e-06   4.1171309479806673e-06
   1.0283870322325634e-06   2.8829203896859507e-06
  -3.4983353084090019e-06   9.6737988569217905e-08
   3.7876854724992217e-06   1.3262912920104715e-05
   2.4252930921393382e-05   3.2336578828318999e-05
   2.6277153793921208e-05   3.0691357345162251e-05
  -1.7851214334859261e-05   3.0439191633511374e-05
  -6.9914734254654346e-05   5.4184008263990974e-05
  -6.7559020526027324e-05   4.8748377142112036e-05
  -3.4497632884886261e-05   9.0311794318641325e-06
  -1.0894591745441300e-06   6.8372834509764936e-05
  -3.0388577966017128e-07   2.1103036283146940e-04
   2.6064246281686217e-05   3.5484274832207809e-04
   4.7420186026472150e-05   2.1928286221056407e-04
   3.5998395015200478e-05   8.1005966053386390e-05
   5.6131780670819793e-05   2.0243128760590744e-05
   7.9868782683050249e-05   5.4128743275462548e-05
   7.8435466355969525e-05   5.3058807244293680e-05
   2.6539893176866165e-05   2.5210510639680138e-05
  -1.6689816625924362e-05   2.4393087411538225e-05
  -1.5622726325235701e-05   2.7092921507640100e-05
   1.9494614057746368e-06   1.0124689011947786e-05
   6.2943556121830563e-06  -8.8576698244466946e-07
   2.7523031047241571e-07   3.2947482590590816e-06
  -2.9548014842542678e-06   5.0888902755150520e-06
  -1.7634985008305711e-06   1.0982824909023873e-06
  -1.5234064909201989e-06  -9.7950351413654631e-07
  -2.2199842826094087e-06  -1.2248917134417353e-06
  -1.1004313198657311e-06  -1.6402511577215356e-06
   5.9959830149058351e-07  -8.4951576756210419e-07
   1.3914664560019966e-07  -5.3784797802474833e-07
  -1.1579149513709006e-06  -1.8736607254574928e-06
  -6.3555518161879139e-07  -1.3423306614848423e-06
   3.4503678869328468e-07   4.4705739402192550e-07
   1.0308986641469988e-07  -5.6060742526214708e-07
  -4.8845934862743646e-07  -1.9134335011603696e-06
  -3.9773595817863672e-07  -1.1126062970509533e-07
   6.7898977334277173e-08   1.0581500903786558e-06
   3.6834164641036969e-07  -8.2484113248252761e-07
   1.6419353816459141e-07  -1.2578114744181287e-06
  -2.6306535559087279e-07   7.8005559648086031e-07
  -1.3966515141106108e-07   7.9881183704325706e-07
   4.0545242385069284e-07  -9.2785322584095039e-07
   2.1533475802058114e-07  -5.9232310809616915e-07
  -3.6107276207591623e-07   7.5978479652690460e-07
  -8.3502778149513907e-08   1.9650198992288237e-07
   4.4146846518106185e-07  -7.0320694848777748e-07
   1.5342512974354358e-07  -1.2744572255909441e-07
  -2.8955135842002283e-07   3.9633199758103172e-07
  -2.3600051957225895e-08  -6.1006505403572781e-08
   2.5339395297171769e-07  -2.8961801681842412e-07
   3.4895899159236193e-08  -4.2410117577963827e-08
  -1.1889383440193808e-07  -6.8743475869900620e-09
   4.7201679537713054e-08   5.6332146033971485e-09
   1.9314165344851964e-08   5.8410117624631800e-08
  -1.0563341622634003e-07  -7.0637661715157066e-08
  -1.1693090864265511e-08  -1.6063810008866479e-07
   3.0718247967119224e-08   9.3160110494214407e-08
  -4.7289607528466892e-08   1.8771410142108621e-07
  -1.2791934914061440e-07  -6.4317803018767782e-08
  -6.9028227622962230e-08  -1.3679894235587622e-07
  -3.5419547709307819e-08   6.9081310596773110e-09
  -6.2219257709790543e-08  -2.7324861844420404e-09
  -5.8418562025070754e-08  -1.0738615241178353e-07
  -1.1773598700365956e-07  -4.3787324924230945e-08
  -1.6807341588156505e-07  -3.7991562711864342e-08
  -1.1529550385338805e-07  -1.1791817705880488e-07
  -5.2590364305781369e-08  -1.0465790773166336e-07
  -5.1733739081298942e-08  -3.6200849302182103e-08
  -5.5055152764273535e-08  -6.8110943269257849e-08
  -2.2114128508363251e-08  -1.3819341277136314e-07
  -2.6809853998384208e-08  -1.2302320731501967e-07
  -6.7380520305211493e-08  -1.2146925807884661e-07
  -4.0101199814271185e-08  -1.3137743175340285e-07
  -2.4652713301920093e-08  -1.0064536619884794e-07
  -2.1318765464912507e-08  -6.6706327427770958e-08
  -1.4256402875508745e-08  -7.3599338043161071e-08
   1.0021356119541285e-08  -8.3874526819853992e-08
  -6.8601600962177510e-09  -6.8940737445346095e-08
  -3.6124277945837586e-08  -6.3804291033451624e-08
  -2.5161857868249271e-08  -3.5158067528435078e-08
  -2.6726210425663280e-08   8.5165961164437878e-09
  -1.7503330954628181e-08   4.1424399300477605e-08
   8.9643391760508869e-09   4.9824010018268773e-08
   4.6215249681612710e-08   6.7175338689028083e-08
   4.4465979575175538e-08   5.8776362409438064e-08
   4.4988195824297033e-08   3.3070775595459242e-08
   3.2711194058356186e-08   2.8746084210997365e-08
   3.2150057317423909e-09   3.8175007828156469e-08
  -1.9809229022388251e-08   1.8130061580866334e-08
   3.9932284435130393e-09   8.6152008642675785e-09
   2.7676980625352636e-08   2.9939082654755741e-08
   6.5639312181518189e-09   5.7077352761326410e-08
