   0.0000000e+00   2.4340198e+00
   8.1114257e-04   2.4340198e+00
   1.5403841e-03   2.4281224e+00
   2.1987667e-03   2.4720139e+00
   2.7981591e-03   2.4595882e+00
   3.3421591e-03   2.3971706e+00
   3.8411252e-03   2.4127846e+00
   4.3001756e-03   2.4853798e+00
   4.7243564e-03   2.4264484e+00
   5.1206635e-03   2.3806665e+00
   5.4896845e-03   2.4540849e+00
   5.8372429e-03   2.4407881e+00
   6.1661163e-03   2.3529656e+00
   6.4784006e-03   2.4334245e+00
   6.7760763e-03   2.4353666e+00
   7.0609878e-03   2.4373422e+00
   7.3348272e-03   2.4374610e+00
   7.5996922e-03   2.4291519e+00
   7.8560354e-03   2.4252641e+00
   8.1051703e-03   2.4164072e+00
   8.3475839e-03   2.4092105e+00
   8.5848479e-03   2.4714941e+00
   8.8176889e-03   2.3713655e+00
   9.0467631e-03   2.4262982e+00
   9.2726562e-03   2.4767635e+00
   9.4958841e-03   2.3699093e+00
   9.7168947e-03   2.4891980e+00
   9.9360758e-03   2.3794054e+00
   1.0153756e-02   2.4169486e+00
   1.0370156e-02   2.4519435e+00
   1.0585494e-02   2.4132703e+00
   1.0799908e-02   2.4448156e+00
   1.1013490e-02   2.4061877e+00
   1.1226231e-02   2.4370889e+00
   1.1438197e-02   2.4001594e+00
   1.1649363e-02   2.4307940e+00
   1.1859683e-02   2.4615993e+00
   1.2069095e-02   2.4289049e+00
   1.2277531e-02   2.3983987e+00
   1.2484930e-02   2.4322733e+00
   1.2691237e-02   2.4049674e+00
   1.2896400e-02   2.4405062e+00
   1.3100399e-02   2.4157996e+00
   1.3303230e-02   2.4520807e+00
   1.3504843e-02   2.4296768e+00
   1.3705341e-02   2.4070830e+00
   1.3904818e-02   2.4425095e+00
   1.4103370e-02   2.4190156e+00
   1.4301115e-02   2.3949997e+00
   1.4498190e-02   2.4266292e+00
   1.4694747e-02   2.4560370e+00
   1.4890951e-02   2.4277900e+00
   1.5086975e-02   2.3982319e+00
   1.5282998e-02   2.4210866e+00
   1.5479197e-02   2.4411343e+00
   1.5675748e-02   2.4060433e+00
   1.5872819e-02   2.4212770e+00
   1.6070574e-02   2.4337824e+00
   1.6269204e-02   2.4432132e+00
   1.6468791e-02   2.4019316e+00
   1.6669434e-02   2.4567741e+00
   1.6871208e-02   2.4136923e+00
   1.7074163e-02   2.4175263e+00
   1.7278324e-02   2.4204321e+00
   1.7483694e-02   2.4227008e+00
   1.7690264e-02   2.4244971e+00
   1.7897974e-02   2.4264590e+00
   1.8106769e-02   2.4285313e+00
   1.8316580e-02   2.4308999e+00
   1.8527379e-02   2.4331237e+00
   1.8739051e-02   2.3956269e+00
   1.8951526e-02   2.4397035e+00
   1.9164767e-02   2.4037887e+00
   1.9378763e-02   2.4464202e+00
   1.9593542e-02   2.4106838e+00
   1.9809171e-02   2.4503443e+00
   2.0025776e-02   2.4128431e+00
   2.0243537e-02   2.4106708e+00
   2.0462668e-02   2.4416935e+00
   2.0683463e-02   2.4326371e+00
   2.0906273e-02   2.4194964e+00
   2.1131513e-02   2.4017086e+00
   2.1359788e-02   2.4435432e+00
   2.1591732e-02   2.4112802e+00
   2.1827899e-02   2.4363329e+00
   2.2069007e-02   2.4209823e+00
   2.2315845e-02   2.4264882e+00
   2.2569623e-02   2.4181589e+00
   2.2831313e-02   2.4262620e+00
   2.3101871e-02   2.4226322e+00
   2.3382844e-02   2.4277596e+00
   2.3675771e-02   2.4164755e+00
   2.3982331e-02   2.4114962e+00
   2.4304327e-02   2.4308083e+00
   2.4645441e-02   2.4169475e+00
   2.5008977e-02   2.4308618e+00
   2.5395838e-02   2.4309784e+00
   2.5809415e-02   2.4198856e+00
   2.6255302e-02   2.4144298e+00
   2.6738072e-02   2.4287665e+00
   2.7262395e-02   2.4208220e+00
   2.7838147e-02   2.4230622e+00
   2.8472500e-02   2.4209556e+00
   2.9174693e-02   2.4212008e+00
   2.9965077e-02   2.4256573e+00
   3.0847885e-02   2.4221839e+00
   3.1841875e-02   2.4209479e+00
   3.2975963e-02   2.4182079e+00
   3.4265162e-02   2.4200711e+00
   3.5749299e-02   2.4227113e+00
   3.7461781e-02   2.4192826e+00
   3.9481311e-02   2.4177780e+00
   4.1843703e-02   2.4189564e+00
   4.4609290e-02   2.4165942e+00
   4.7845951e-02   2.4156534e+00
   5.1623470e-02   2.4147871e+00
   5.6039771e-02   2.4121388e+00
   6.1200121e-02   2.4091875e+00
   6.7063861e-02   2.4063418e+00
   7.3631638e-02   2.4021484e+00
   8.0927939e-02   2.3973890e+00
   8.8902319e-02   2.3913688e+00
   9.7415249e-02   2.3844054e+00
   1.0641941e-01   2.3762978e+00
   1.1584436e-01   2.3667914e+00
   1.2556404e-01   2.3562093e+00
   1.3553734e-01   2.3445286e+00
   1.4568825e-01   2.3315367e+00
   1.5594958e-01   2.3175584e+00
   1.6628253e-01   2.3023908e+00
   1.7662946e-01   2.2861973e+00
   1.8694798e-01   2.2692424e+00
   1.9718221e-01   2.2512099e+00
   2.0729712e-01   2.2325873e+00
   2.1723001e-01   2.2134386e+00
   2.2690207e-01   2.1938128e+00
   2.3626893e-01   2.1739669e+00
   2.4522271e-01   2.1542138e+00
   2.5360218e-01   2.1349090e+00
   2.6134321e-01   2.1164246e+00
   2.6831897e-01   2.0990809e+00
   2.7436699e-01   2.0833888e+00
   2.7939891e-01   2.0697768e+00
   2.8352980e-01   2.0585220e+00
   2.8685208e-01   2.0490177e+00
   2.8949997e-01   2.0413683e+00
   2.9161456e-01   2.0353923e+00
   2.9332138e-01   2.0302385e+00
   2.9470173e-01   2.0265174e+00
   2.9586171e-01   2.0230946e+00
   2.9682843e-01   2.0198360e+00
   2.9765347e-01   2.0179987e+00
   2.9836818e-01   2.0157805e+00
   2.9900042e-01   2.0145635e+00
   2.9956794e-01   2.0120591e+00
   3.0008275e-01   2.0110515e+00
   3.0054917e-01   2.0106580e+00
   3.0098168e-01   2.0077614e+00
   3.0138618e-01   2.0086656e+00
   3.0176795e-01   2.0061311e+00
   3.0213161e-01   2.0058849e+00
   3.0248122e-01   2.0038093e+00
   3.0281922e-01   2.0031476e+00
   3.0314937e-01   2.0037557e+00
   3.0347460e-01   2.0010457e+00
   3.0379756e-01   2.0015730e+00
   3.0412085e-01   1.9990030e+00
   3.0444711e-01   1.9996530e+00
   3.0477910e-01   1.9993777e+00
   3.0511994e-01   1.9975125e+00
   3.0547148e-01   1.9955823e+00
   3.0583820e-01   1.9963375e+00
   3.0622463e-01   1.9934980e+00
   3.0663592e-01   1.9935459e+00
   3.0707786e-01   1.9929916e+00
   3.0755901e-01   1.9910300e+00
   3.0808218e-01   1.9898575e+00
   3.0866095e-01   1.9880341e+00
   3.0931231e-01   1.9868969e+00
   3.1005747e-01   1.9842643e+00
   3.1091144e-01   1.9825187e+00
   3.1190443e-01   1.9800271e+00
   3.1309620e-01   1.9769780e+00
   3.1451184e-01   1.9732572e+00
   3.1625191e-01   1.9691673e+00
   3.1838344e-01   1.9636619e+00
   3.2101556e-01   1.9571635e+00
   3.2424841e-01   1.9487769e+00
   3.2816460e-01   1.9387503e+00
   3.3284956e-01   1.9265511e+00
   3.3816963e-01   1.9121115e+00
   3.4399636e-01   1.8958107e+00
   3.5017044e-01   1.8781859e+00
   3.5653169e-01   1.8594545e+00
   3.6293589e-01   1.8401398e+00
   3.6924306e-01   1.8206545e+00
   3.7535526e-01   1.8014328e+00
   3.8120414e-01   1.7826355e+00
   3.8673799e-01   1.7646161e+00
   3.9192178e-01   1.7475350e+00
   3.9673546e-01   1.7313492e+00
   4.0117308e-01   1.7162519e+00
   4.0523857e-01   1.7024619e+00
   4.0894636e-01   1.6895265e+00
   4.1230473e-01   1.6778726e+00
   4.1535224e-01   1.6672029e+00
   4.1811616e-01   1.6575772e+00
   4.2062316e-01   1.6486004e+00
   4.2289845e-01   1.6404836e+00
   4.2496478e-01   1.6333071e+00
   4.2684329e-01   1.6264595e+00
   4.2855476e-01   1.6204686e+00
   4.3011827e-01   1.6148521e+00
   4.3154350e-01   1.6096805e+00
   4.3285060e-01   1.6052124e+00
   4.3404662e-01   1.6008139e+00
   4.3514188e-01   1.5966445e+00
   4.3615061e-01   1.5935473e+00
   4.3707549e-01   1.5899142e+00
   4.3793070e-01   1.5866920e+00
   4.3871910e-01   1.5839792e+00
   4.3944545e-01   1.5812089e+00
   4.4011982e-01   1.5792762e+00
   4.4074519e-01   1.5765263e+00
   4.4132407e-01   1.5745528e+00
   4.4186205e-01   1.5731898e+00
   4.4236505e-01   1.5708095e+00
   4.4283593e-01   1.5689527e+00
   4.4327512e-01   1.5680471e+00
   4.4368767e-01   1.5655874e+00
   4.4407645e-01   1.5655615e+00
   4.4444430e-01   1.5633405e+00
   4.4479407e-01   1.5617014e+00
   4.4512567e-01   1.5606751e+00
   4.4544161e-01   1.5608383e+00
   4.4574415e-01   1.5589693e+00
   4.4603508e-01   1.5573426e+00
   4.4631530e-01   1.5570413e+00
   4.4658663e-01   1.5557633e+00
   4.4685046e-01   1.5544247e+00
   4.4710804e-01   1.5536598e+00
   4.4736050e-01   1.5531568e+00
   4.4760878e-01   1.5526939e+00
   4.4785356e-01   1.5521062e+00
   4.4809595e-01   1.5503412e+00
   4.4833682e-01   1.5490253e+00
   4.4857709e-01   1.5490526e+00
   4.4881778e-01   1.5485092e+00
   4.4905975e-01   1.5467466e+00
   4.4930385e-01   1.5455586e+00
   4.4955095e-01   1.5461658e+00
   4.4980197e-01   1.5450687e+00
   4.5005806e-01   1.5427322e+00
   4.5031973e-01   1.5428704e+00
   4.5058783e-01   1.5419266e+00
   4.5086362e-01   1.5416489e+00
   4.5114954e-01   1.5393697e+00
   4.5144556e-01   1.5384405e+00
   4.5175283e-01   1.5386165e+00
   4.5207262e-01   1.5369893e+00
   4.5240623e-01   1.5345545e+00
   4.5275693e-01   1.5351232e+00
   4.5312371e-01   1.5329716e+00
   4.5350803e-01   1.5313120e+00
   4.5391191e-01   1.5307876e+00
   4.5433713e-01   1.5286614e+00
   4.5478543e-01   1.5276615e+00
   4.5525916e-01   1.5256251e+00
   4.5575611e-01   1.5246559e+00
   4.5628053e-01   1.5218539e+00
   4.5683434e-01   1.5208593e+00
   4.5741936e-01   1.5178446e+00
   4.5803568e-01   1.5163112e+00
   4.5868739e-01   1.5142798e+00
   4.5937321e-01   1.5118394e+00
   4.6009641e-01   1.5087731e+00
   4.6086001e-01   1.5069435e+00
   4.6166377e-01   1.5036369e+00
   4.6251259e-01   1.5009953e+00
   4.6340948e-01   1.4974094e+00
   4.6435632e-01   1.4947653e+00
   4.6536082e-01   1.4907046e+00
   4.6642369e-01   1.4875530e+00
   4.6755457e-01   1.4833014e+00
   4.6875682e-01   1.4793377e+00
   4.7004124e-01   1.4747017e+00
   4.7141288e-01   1.4701432e+00
   4.7288540e-01   1.4648844e+00
   4.7446962e-01   1.4596560e+00
   4.7618337e-01   1.4534959e+00
   4.7803552e-01   1.4472523e+00
   4.8004293e-01   1.4402376e+00
   4.8222384e-01   1.4326500e+00
   4.8459782e-01   1.4244436e+00
   4.8718566e-01   1.4154730e+00
   4.9000907e-01   1.4055378e+00
   4.9309015e-01   1.3949113e+00
   4.9645081e-01   1.3832180e+00
   5.0011290e-01   1.3702484e+00
   5.0409218e-01   1.3563481e+00
   5.0840385e-01   1.3410823e+00
   5.1305653e-01   1.3245875e+00
   5.1805263e-01   1.3067623e+00
   5.2338868e-01   1.2876014e+00
   5.2905480e-01   1.2672036e+00
   5.3503492e-01   1.2455164e+00
   5.4130830e-01   1.2226134e+00
   5.4785090e-01   1.1987015e+00
   5.5463581e-01   1.1736899e+00
   5.6163547e-01   1.1478467e+00
   5.6882208e-01   1.1212056e+00
   5.7617013e-01   1.0938554e+00
   5.8365437e-01   1.0659797e+00
   5.9124736e-01   1.0376267e+00
   5.9892742e-01   1.0089071e+00
   6.0667488e-01   9.8001114e-01
   6.1447205e-01   9.5085291e-01
   6.2230308e-01   9.2167922e-01
   6.3015386e-01   8.9249150e-01
   6.3801190e-01   8.6333648e-01
   6.4586610e-01   8.3434029e-01
   6.5370672e-01   8.0548202e-01
   6.6152516e-01   7.7689438e-01
   6.6931386e-01   7.4855333e-01
   6.7706604e-01   7.2057048e-01
   6.8477310e-01   6.9292511e-01
   6.9243167e-01   6.6571216e-01
   7.0003732e-01   6.3891294e-01
   7.0758623e-01   6.1254274e-01
   7.1507514e-01   5.8668900e-01
   7.2250132e-01   5.6134879e-01
   7.2986252e-01   5.3650439e-01
   7.3715692e-01   5.1220382e-01
   7.4438311e-01   4.8847242e-01
   7.5153681e-01   4.6528575e-01
   7.5860651e-01   4.4271616e-01
   7.6560324e-01   4.2073852e-01
   7.7252688e-01   3.9936781e-01
   7.7937762e-01   3.7859833e-01
   7.8615595e-01   3.5842942e-01
   7.9284478e-01   3.3883267e-01
   7.9945085e-01   3.1994804e-01
   8.0598419e-01   3.0162842e-01
   8.1244625e-01   2.8391122e-01
   8.1882698e-01   2.6681607e-01
   8.2511288e-01   2.5034242e-01
   8.3132948e-01   2.3451066e-01
   8.3747910e-01   2.1924652e-01
   8.4353508e-01   2.0456025e-01
   8.4950899e-01   1.9052341e-01
   8.5541998e-01   1.7701199e-01
   8.6125202e-01   1.6413200e-01
   8.6698942e-01   1.5181308e-01
   8.7266933e-01   1.4006876e-01
   8.7827269e-01   1.2885382e-01
   8.8378300e-01   1.1817749e-01
   8.8924259e-01   1.0809792e-01
   8.9461355e-01   9.8481269e-02
   8.9990933e-01   8.9437723e-02
   9.0516240e-01   8.0848451e-02
   9.1029831e-01   7.2775467e-02
   9.1539512e-01   6.5227569e-02
   9.2041287e-01   5.8136812e-02
   9.2535769e-01   5.1514051e-02
   9.3025706e-01   4.5338127e-02
   9.3505474e-01   3.9600589e-02
   9.3982897e-01   3.4329518e-02
   9.4449157e-01   2.9413368e-02
   9.4912966e-01   2.5006427e-02
   9.5367423e-01   2.0937373e-02
   9.5818239e-01   1.7322827e-02
   9.6260942e-01   1.4007741e-02
   9.6699434e-01   1.1085626e-02
   9.7130456e-01   8.5843550e-03
   9.7557337e-01   6.3638285e-03
   9.7976771e-01   4.5511185e-03
   9.8392790e-01   2.9837628e-03
   9.8800759e-01   1.8299180e-03
   9.9206695e-01   9.1764643e-04
   9.9603348e-01   3.4084384e-04
   1.0000000e+00   4.2528612e-05
