   0.0000000e+00  -5.9328790e-04
   8.1114257e-04  -5.9328790e-04
   1.5403841e-03  -5.2764159e-03
   2.1987667e-03   1.0460053e-02
   2.7981591e-03   5.5315397e-03
   3.3421591e-03   4.6775599e-03
   3.8411252e-03   4.4275381e-03
   4.3001756e-03   4.3801984e-03
   4.7243564e-03   4.4244060e-03
   5.1206635e-03   4.5175020e-03
   5.4896845e-03   4.6393114e-03
   5.8372429e-03   4.7798665e-03
   6.1661163e-03   4.9330648e-03
   6.4784006e-03   5.0955235e-03
   6.7760763e-03   5.2648754e-03
   7.0609878e-03   5.4396059e-03
   7.3348272e-03   5.6190297e-03
   7.5996922e-03   5.8029702e-03
   7.8560354e-03   5.9907789e-03
   8.1051703e-03   6.1824996e-03
   8.3475839e-03   6.3777462e-03
   8.5848479e-03   6.5771556e-03
   8.8176889e-03   6.7810294e-03
   9.0467631e-03   6.9894616e-03
   9.2726562e-03   7.2029365e-03
   9.4958841e-03   7.4214964e-03
   9.7168947e-03   7.6454500e-03
   9.9360758e-03   7.8754488e-03
   1.0153756e-02   8.1112401e-03
   1.0370156e-02   8.3535829e-03
   1.0585494e-02   8.6027557e-03
   1.0799908e-02   8.8583972e-03
   1.1013490e-02   9.1214402e-03
   1.1226231e-02   9.3915803e-03
   1.1438197e-02   9.6682199e-03
   1.1649363e-02   9.9528433e-03
   1.1859683e-02   1.0245292e-02
   1.2069095e-02   1.0544209e-02
   1.2277531e-02   1.0850921e-02
   1.2484930e-02   1.1164405e-02
   1.2691237e-02   1.1485747e-02
   1.2896400e-02   1.1815132e-02
   1.3100399e-02   1.2151502e-02
   1.3303230e-02   1.2494310e-02
   1.3504843e-02   1.2845328e-02
   1.3705341e-02   1.3204035e-02
   1.3904818e-02   1.3570857e-02
   1.4103370e-02   1.3944917e-02
   1.4301115e-02   1.4328311e-02
   1.4498190e-02   1.4719453e-02
   1.4694747e-02   1.5121498e-02
   1.4890951e-02   1.5530814e-02
   1.5086975e-02   1.5953419e-02
   1.5282998e-02   1.6387617e-02
   1.5479197e-02   1.6818818e-02
   1.5675748e-02   1.7314653e-02
   1.5872819e-02   1.7647665e-02
   1.6070574e-02   1.8511121e-02
   1.6269204e-02   1.8096876e-02
   1.6468791e-02   2.0409364e-02
   1.6669434e-02   1.8001298e-02
   1.6871208e-02   2.2209016e-02
   1.7074163e-02   1.9868687e-02
   1.7278324e-02   2.0089003e-02
   1.7483694e-02   2.6172388e-02
   1.7690264e-02   1.7115451e-02
   1.7897974e-02   2.6708312e-02
   1.8106769e-02   2.4843829e-02
   1.8316580e-02   2.0253722e-02
   1.8527379e-02   2.8091859e-02
   1.8739051e-02   2.6921964e-02
   1.8951526e-02   2.3495720e-02
   1.9164767e-02   2.7776702e-02
   1.9378763e-02   2.9508904e-02
   1.9593542e-02   2.7802519e-02
   1.9809171e-02   2.8246882e-02
   2.0025776e-02   2.9692496e-02
   2.0243537e-02   3.1165501e-02
   2.0462668e-02   3.2358571e-02
   2.0683463e-02   3.0847314e-02
   2.0906273e-02   2.9379035e-02
   2.1131513e-02   3.3728261e-02
   2.1359788e-02   3.8775446e-02
   2.1591732e-02   3.3131962e-02
   2.1827899e-02   2.3629580e-02
   2.2069007e-02   3.3086177e-02
   2.2315845e-02   5.5263175e-02
   2.2569623e-02   4.1695467e-02
   2.2831313e-02  -1.2383775e-02
   2.3101871e-02   1.0956429e+00
   2.3382844e-02   5.1471609e-01
   2.3675771e-02   9.0728158e-02
   2.3982331e-02   2.0227847e-01
   2.4304327e-02   1.3793920e-01
   2.4645441e-02   1.3252780e-01
   2.5008977e-02   9.7323745e-02
   2.5395838e-02   6.7814265e-02
   2.5809415e-02   3.3125018e-02
   2.6255302e-02   2.2979020e-03
   2.6738072e-02  -2.4384793e-02
   2.7262395e-02  -4.2897599e-02
   2.7838147e-02  -5.2223887e-02
   2.8472500e-02  -5.1517571e-02
   2.9174693e-02  -4.2244797e-02
   2.9965077e-02  -2.6876232e-02
   3.0847885e-02  -9.7657933e-03
   3.1841875e-02   4.4824441e-03
   3.2975963e-02   1.1923755e-02
   3.4265162e-02   1.1072500e-02
   3.5749299e-02   3.9426118e-03
   3.7461781e-02  -4.3173139e-03
   3.9481311e-02  -8.3800409e-03
   4.1843703e-02  -7.0070716e-03
   4.4609290e-02  -4.0835287e-03
   4.7845951e-02  -2.8640264e-03
   5.1623470e-02  -2.6695056e-03
   5.6039771e-02  -2.2827189e-03
   6.1200121e-02  -1.7869787e-03
   6.7063861e-02  -1.3778582e-03
   7.3631638e-02  -1.0486793e-03
   8.0927939e-02  -8.0142131e-04
   8.8902319e-02  -6.0219580e-04
   9.7415249e-02  -4.4361501e-04
   1.0641941e-01  -3.2923472e-04
   1.1584436e-01  -2.3816808e-04
   1.2556404e-01  -1.6776436e-04
   1.3553734e-01  -1.1504681e-04
   1.4568825e-01  -7.1405065e-05
   1.5594958e-01  -3.9180462e-05
   1.6628253e-01  -1.2282200e-05
   1.7662946e-01   8.0673596e-06
   1.8694798e-01   2.4470052e-05
   1.9718221e-01   3.7743742e-05
   2.0729712e-01   4.7317871e-05
   2.1723001e-01   5.4939695e-05
   2.2690207e-01   5.9572128e-05
   2.3626893e-01   6.2398360e-05
   2.4522271e-01   6.3524001e-05
   2.5360218e-01   6.3072699e-05
   2.6134321e-01   6.1409279e-05
   2.6831897e-01   5.8918436e-05
   2.7436699e-01   5.5699558e-05
   2.7939891e-01   5.2347349e-05
   2.8352980e-01   4.9536056e-05
   2.8685208e-01   4.6775343e-05
   2.8949997e-01   4.4232137e-05
   2.9161456e-01   4.2309596e-05
   2.9332138e-01   4.0492400e-05
   2.9470173e-01   3.9170914e-05
   2.9586171e-01   3.8012860e-05
   2.9682843e-01   3.6555149e-05
   2.9765347e-01   3.5766255e-05
   2.9836818e-01   3.4818742e-05
   2.9900042e-01   3.4274268e-05
   2.9956794e-01   3.3807536e-05
   3.0008275e-01   3.2581801e-05
   3.0054917e-01   3.2080748e-05
   3.0098168e-01   3.1388792e-05
   3.0138618e-01   3.0931908e-05
   3.0176795e-01   3.1408501e-05
   3.0213161e-01   3.0685741e-05
   3.0248122e-01   2.8994699e-05
   3.0281922e-01   2.9679979e-05
   3.0314937e-01   2.9044781e-05
   3.0347460e-01   2.8009685e-05
   3.0379756e-01   2.8154084e-05
   3.0412085e-01   2.7323748e-05
   3.0444711e-01   2.7617500e-05
   3.0477910e-01   2.7469029e-05
   3.0511994e-01   2.5510539e-05
   3.0547148e-01   2.5305947e-05
   3.0583820e-01   2.5926890e-05
   3.0622463e-01   2.4600261e-05
   3.0663592e-01   2.3608457e-05
   3.0707786e-01   2.3791006e-05
   3.0755901e-01   2.2985749e-05
   3.0808218e-01   2.1704551e-05
   3.0866095e-01   2.1335546e-05
   3.0931231e-01   2.0438214e-05
   3.1005747e-01   1.9273316e-05
   3.1091144e-01   1.7653020e-05
   3.1190443e-01   1.6311080e-05
   3.1309620e-01   1.4346611e-05
   3.1451184e-01   1.1969057e-05
   3.1625191e-01   9.1137958e-06
   3.1838344e-01   5.2754474e-06
   3.2101556e-01   2.9231021e-07
   3.2424841e-01  -6.1358510e-06
   3.2816460e-01  -1.4547382e-05
   3.3284956e-01  -2.5352484e-05
   3.3816963e-01  -3.9001499e-05
   3.4399636e-01  -5.5726809e-05
   3.5017044e-01  -7.5719806e-05
   3.5653169e-01  -9.9132154e-05
   3.6293589e-01  -1.2619852e-04
   3.6924306e-01  -1.5694892e-04
   3.7535526e-01  -1.9146806e-04
   3.8120414e-01  -2.2988071e-04
   3.8673799e-01  -2.7240251e-04
   3.9192178e-01  -3.1908318e-04
   3.9673546e-01  -3.6996921e-04
   4.0117308e-01  -4.2513850e-04
   4.0523857e-01  -4.8464634e-04
   4.0894636e-01  -5.4853258e-04
   4.1230473e-01  -6.1657505e-04
   4.1535224e-01  -6.8910438e-04
   4.1811616e-01  -7.6625713e-04
   4.2062316e-01  -8.4819375e-04
   4.2289845e-01  -9.3516709e-04
   4.2496478e-01  -1.0274247e-03
   4.2684329e-01  -1.1251230e-03
   4.2855476e-01  -1.2286873e-03
   4.3011827e-01  -1.3385658e-03
   4.3154350e-01  -1.4547354e-03
   4.3285060e-01  -1.5780108e-03
   4.3404662e-01  -1.7083619e-03
   4.3514188e-01  -1.8461133e-03
   4.3615061e-01  -1.9920752e-03
   4.3707549e-01  -2.1459188e-03
   4.3793070e-01  -2.3090969e-03
   4.3871910e-01  -2.4813606e-03
   4.3944545e-01  -2.6627317e-03
   4.4011982e-01  -2.8548392e-03
   4.4074519e-01  -3.0576698e-03
   4.4132407e-01  -3.2710065e-03
   4.4186205e-01  -3.4957860e-03
   4.4236505e-01  -3.7335472e-03
   4.4283593e-01  -3.9848603e-03
   4.4327512e-01  -4.2490000e-03
   4.4368767e-01  -4.5279768e-03
   4.4407645e-01  -4.8224272e-03
   4.4444430e-01  -5.1344250e-03
   4.4479407e-01  -5.4659102e-03
   4.4512567e-01  -5.8150774e-03
   4.4544161e-01  -6.1850229e-03
   4.4574415e-01  -6.5776567e-03
   4.4603508e-01  -6.9946813e-03
   4.4631530e-01  -7.4374001e-03
   4.4658663e-01  -7.9068686e-03
   4.4685046e-01  -8.4059815e-03
   4.4710804e-01  -8.9385666e-03
   4.4736050e-01  -9.5032145e-03
   4.4760878e-01  -1.0100194e-02
   4.4785356e-01  -1.0731352e-02
   4.4809595e-01  -1.1392808e-02
   4.4833682e-01  -1.2077626e-02
   4.4857709e-01  -1.2780056e-02
   4.4881778e-01  -1.3482312e-02
   4.4905975e-01  -1.4164718e-02
   4.4930385e-01  -1.4795800e-02
   4.4955095e-01  -1.5373669e-02
   4.4980197e-01  -1.5831267e-02
   4.5005806e-01  -1.4856264e-02
   4.5031973e-01  -9.6523073e-03
   4.5058783e-01  -2.8801770e-04
   4.5086362e-01   9.1031912e-03
   4.5114954e-01   1.4936748e-02
   4.5144556e-01   1.6740052e-02
   4.5175283e-01   1.5896453e-02
   4.5207262e-01   1.3938773e-02
   4.5240623e-01   1.1839101e-02
   4.5275693e-01   1.0015290e-02
   4.5312371e-01   8.5743853e-03
   4.5350803e-01   7.4720582e-03
   4.5391191e-01   6.6195691e-03
   4.5433713e-01   5.9439101e-03
   4.5478543e-01   5.3898156e-03
   4.5525916e-01   4.9206943e-03
   4.5575611e-01   4.5168301e-03
   4.5628053e-01   4.1608445e-03
   4.5683434e-01   3.8418585e-03
   4.5741936e-01   3.5557286e-03
   4.5803568e-01   3.2974636e-03
   4.5868739e-01   3.0616689e-03
   4.5937321e-01   2.8479556e-03
   4.6009641e-01   2.6521332e-03
   4.6086001e-01   2.4726153e-03
   4.6166377e-01   2.3080432e-03
   4.6251259e-01   2.1559426e-03
   4.6340948e-01   2.0152085e-03
   4.6435632e-01   1.8850437e-03
   4.6536082e-01   1.7638666e-03
   4.6642369e-01   1.6508090e-03
   4.6755457e-01   1.5450931e-03
   4.6875682e-01   1.4460577e-03
   4.7004124e-01   1.3526907e-03
   4.7141288e-01   1.2650568e-03
   4.7288540e-01   1.1819009e-03
   4.7446962e-01   1.1031972e-03
   4.7618337e-01   1.0284145e-03
   4.7803552e-01   9.5725015e-04
   4.8004293e-01   8.8954410e-04
   4.8222384e-01   8.2525104e-04
   4.8459782e-01   7.6395192e-04
   4.8718566e-01   7.0562059e-04
   4.9000907e-01   6.5033872e-04
   4.9309015e-01   5.9787956e-04
   4.9645081e-01   5.4827526e-04
   5.0011290e-01   5.0155733e-04
   5.0409218e-01   4.5779500e-04
   5.0840385e-01   4.1689881e-04
   5.1305653e-01   3.7895283e-04
   5.1805263e-01   3.4392687e-04
   5.2338868e-01   3.1169217e-04
   5.2905480e-01   2.8221179e-04
   5.3503492e-01   2.5534341e-04
   5.4130830e-01   2.3094052e-04
   5.4785090e-01   2.0881821e-04
   5.5463581e-01   1.8879966e-04
   5.6163547e-01   1.7070963e-04
   5.6882208e-01   1.5436950e-04
   5.7617013e-01   1.3960474e-04
   5.8365437e-01   1.2624573e-04
   5.9124736e-01   1.1416771e-04
   5.9892742e-01   1.0323185e-04
   6.0667488e-01   9.3317802e-05
   6.1447205e-01   8.4303090e-05
   6.2230308e-01   7.6114239e-05
   6.3015386e-01   6.8659646e-05
   6.3801190e-01   6.1856758e-05
   6.4586610e-01   5.5654315e-05
   6.5370672e-01   4.9985279e-05
   6.6152516e-01   4.4798141e-05
   6.6931386e-01   4.0053767e-05
   6.7706604e-01   3.5708223e-05
   6.8477310e-01   3.1724240e-05
   6.9243167e-01   2.8073101e-05
   7.0003732e-01   2.4726132e-05
   7.0758623e-01   2.1656412e-05
   7.1507514e-01   1.8839081e-05
   7.2250132e-01   1.6253268e-05
   7.2986252e-01   1.3879013e-05
   7.3715692e-01   1.1694956e-05
   7.4438311e-01   9.6839216e-06
   7.5153681e-01   7.8246786e-06
   7.5860651e-01   6.1008225e-06
   7.6560324e-01   4.4823730e-06
   7.7252688e-01   2.9402960e-06
   7.7937762e-01   1.4267717e-06
   7.8615595e-01  -1.3282506e-07
   7.9284478e-01  -1.8966025e-06
   7.9945085e-01  -4.2982103e-06
   8.0598419e-01  -9.1096579e-06
   8.1244625e-01  -3.6015711e-05
   8.1882698e-01   2.2988049e-05
   8.2511288e-01   9.4779800e-06
   8.3132948e-01   5.9526963e-06
   8.3747910e-01   4.2159158e-06
   8.4353508e-01   3.1232749e-06
   8.4950899e-01   2.3474929e-06
   8.5541998e-01   1.7608648e-06
   8.6125202e-01   1.3037518e-06
   8.6698942e-01   9.4122617e-07
   8.7266933e-01   6.4772048e-07
   8.7827269e-01   4.0799066e-07
   8.8378300e-01   2.0944202e-07
   8.8924259e-01   3.9080490e-08
   8.9461355e-01  -1.1413713e-07
   8.9990933e-01  -2.6745128e-07
   9.0516240e-01  -4.5440866e-07
   9.1029831e-01  -7.6304878e-07
   9.1539512e-01  -1.7027556e-06
   9.2041287e-01   2.8589898e-06
   9.2535769e-01   6.5830569e-07
   9.3025706e-01   1.9333210e-07
   9.3505474e-01  -1.5442109e-08
   9.3982897e-01  -1.4414309e-07
   9.4449157e-01  -2.4083253e-07
   9.4912966e-01  -3.3768648e-07
   9.5367423e-01  -4.7094386e-07
   9.5818239e-01  -7.4379623e-07
   9.6260942e-01  -1.7328207e-06
   9.6699434e-01   2.1111333e-06
   9.7130456e-01   1.0926814e-06
   9.7557337e-01   4.0192231e-09
   9.7976771e-01  -2.0495857e-07
   9.8392790e-01  -3.9534030e-08
   9.8800759e-01  -8.4499993e-09
   9.9206695e-01  -1.3080433e-09
   9.9603348e-01  -2.7602854e-11
   1.0000000e+00   0.0000000e+00
