  -3.1355558e+00   3.1415927e+00   4.5796514e+00  -2.7612651e-02
  -3.1215336e+00   3.1538645e+00   4.5797435e+00  -7.4088168e-02
  -3.1075175e+00   3.1661363e+00   4.5799187e+00  -1.2056367e-01
  -3.0935122e+00   3.1784082e+00   4.5801769e+00  -1.6703920e-01
  -3.0795221e+00   3.1906800e+00   4.5805182e+00  -2.1351447e-01
  -3.0655516e+00   3.2029519e+00   4.5809429e+00  -2.5998908e-01
  -3.0516053e+00   3.2152237e+00   4.5814515e+00  -3.0646276e-01
  -3.0376874e+00   3.2274956e+00   4.5820443e+00  -3.5293545e-01
  -3.0238021e+00   3.2397674e+00   4.5827218e+00  -3.9940714e-01
  -3.0099537e+00   3.2520393e+00   4.5834846e+00  -4.4587764e-01
  -2.9961462e+00   3.2643111e+00   4.5843336e+00  -4.9234658e-01
  -2.9823837e+00   3.2765830e+00   4.5852694e+00  -5.3881358e-01
  -2.9686702e+00   3.2888548e+00   4.5862928e+00  -5.8527855e-01
  -2.9550093e+00   3.3011267e+00   4.5874044e+00  -6.3174176e-01
  -2.9414046e+00   3.3133985e+00   4.5886052e+00  -6.7820350e-01
  -2.9278595e+00   3.3256703e+00   4.5898963e+00  -7.2466376e-01
  -2.9143775e+00   3.3379422e+00   4.5912791e+00  -7.7112192e-01
  -2.9009623e+00   3.3502140e+00   4.5927548e+00  -8.1757706e-01
  -2.8876170e+00   3.3624859e+00   4.5943246e+00  -8.6402835e-01
  -2.8743449e+00   3.3747577e+00   4.5959896e+00  -9.1047560e-01
  -2.8611484e+00   3.3870296e+00   4.5977513e+00  -9.5691918e-01
  -2.8480301e+00   3.3993014e+00   4.5996113e+00  -1.0033596e+00
  -2.8349925e+00   3.4115733e+00   4.6015715e+00  -1.0497971e+00
  -2.8220379e+00   3.4238451e+00   4.6036339e+00  -1.0962312e+00
  -2.8091688e+00   3.4361170e+00   4.6058002e+00  -1.1426611e+00
  -2.7963874e+00   3.4483888e+00   4.6080723e+00  -1.1890859e+00
  -2.7836957e+00   3.4606607e+00   4.6104520e+00  -1.2355052e+00
  -2.7710953e+00   3.4729325e+00   4.6129416e+00  -1.2819189e+00
  -2.7585879e+00   3.4852044e+00   4.6155437e+00  -1.3283269e+00
  -2.7461747e+00   3.4974762e+00   4.6182609e+00  -1.3747288e+00
  -2.7338572e+00   3.5097480e+00   4.6210960e+00  -1.4211240e+00
  -2.7216365e+00   3.5220199e+00   4.6240515e+00  -1.4675120e+00
  -2.7095135e+00   3.5342917e+00   4.6271300e+00  -1.5138924e+00
  -2.6974890e+00   3.5465636e+00   4.6303346e+00  -1.5602652e+00
  -2.6855635e+00   3.5588354e+00   4.6336687e+00  -1.6066301e+00
  -2.6737376e+00   3.5711073e+00   4.6371360e+00  -1.6529865e+00
  -2.6620116e+00   3.5833791e+00   4.6407402e+00  -1.6993335e+00
  -2.6503859e+00   3.5956510e+00   4.6444848e+00  -1.7456696e+00
  -2.6388608e+00   3.6079228e+00   4.6483736e+00  -1.7919939e+00
  -2.6274362e+00   3.6201947e+00   4.6524105e+00  -1.8383057e+00
  -2.6161117e+00   3.6324665e+00   4.6566000e+00  -1.8846045e+00
  -2.6048868e+00   3.6447384e+00   4.6609470e+00  -1.9308899e+00
  -2.5937610e+00   3.6570102e+00   4.6654569e+00  -1.9771613e+00
  -2.5827337e+00   3.6692820e+00   4.6701346e+00  -2.0234179e+00
  -2.5718040e+00   3.6815539e+00   4.6749853e+00  -2.0696585e+00
  -2.5609713e+00   3.6938257e+00   4.6800146e+00  -2.1158819e+00
  -2.5502345e+00   3.7060976e+00   4.6852283e+00  -2.1620865e+00
  -2.5395927e+00   3.7183694e+00   4.6906329e+00  -2.2082703e+00
  -2.5290449e+00   3.7306413e+00   4.6962355e+00  -2.2544306e+00
  -2.5185899e+00   3.7429131e+00   4.7020429e+00  -2.3005655e+00
  -2.5082259e+00   3.7551850e+00   4.7080626e+00  -2.3466735e+00
  -2.4979512e+00   3.7674568e+00   4.7143022e+00  -2.3927544e+00
  -2.4877637e+00   3.7797287e+00   4.7207702e+00  -2.4388080e+00
  -2.4776614e+00   3.7920005e+00   4.7274759e+00  -2.4848328e+00
  -2.4676424e+00   3.8042724e+00   4.7344288e+00  -2.5308255e+00
  -2.4577053e+00   3.8165442e+00   4.7416386e+00  -2.5767806e+00
  -2.4478486e+00   3.8288160e+00   4.7491151e+00  -2.6226925e+00
  -2.4380703e+00   3.8410879e+00   4.7568688e+00  -2.6685566e+00
  -2.4283678e+00   3.8533597e+00   4.7649112e+00  -2.7143708e+00
  -2.4187378e+00   3.8656316e+00   4.7732555e+00  -2.7601344e+00
  -2.4091770e+00   3.8779034e+00   4.7819159e+00  -2.8058462e+00
  -2.3996825e+00   3.8901753e+00   4.7909069e+00  -2.8515023e+00
  -2.3902518e+00   3.9024471e+00   4.8002433e+00  -2.8970956e+00
  -2.3808827e+00   3.9147190e+00   4.8099398e+00  -2.9426169e+00
  -2.3715728e+00   3.9269908e+00   4.8200121e+00  -2.9880565e+00
  -2.3623190e+00   3.9392627e+00   4.8304776e+00  -3.0334066e+00
  -2.3531176e+00   3.9515345e+00   4.8413561e+00  -3.0786608e+00
  -2.3439644e+00   3.9638064e+00   4.8526688e+00  -3.1238131e+00
  -2.3348552e+00   3.9760782e+00   4.8644383e+00  -3.1688564e+00
  -2.3257860e+00   3.9883500e+00   4.8766876e+00  -3.2137806e+00
  -2.3167532e+00   4.0006219e+00   4.8894406e+00  -3.2585726e+00
  -2.3077531e+00   4.0128937e+00   4.9027224e+00  -3.3032168e+00
  -2.2987819e+00   4.0251656e+00   4.9165603e+00  -3.3476960e+00
  -2.2898353e+00   4.0374374e+00   4.9309837e+00  -3.3919919e+00
  -2.2809087e+00   4.0497093e+00   4.9460241e+00  -3.4360852e+00
  -2.2719972e+00   4.0619811e+00   4.9617149e+00  -3.4799554e+00
  -2.2630958e+00   4.0742530e+00   4.9780916e+00  -3.5235807e+00
  -2.2541988e+00   4.0865248e+00   4.9951917e+00  -3.5669363e+00
  -2.2453010e+00   4.0987967e+00   5.0130553e+00  -3.6099939e+00
  -2.2363970e+00   4.1110685e+00   5.0317244e+00  -3.6527197e+00
  -2.2274818e+00   4.1233404e+00   5.0512421e+00  -3.6950737e+00
  -2.2185509e+00   4.1356122e+00   5.0716520e+00  -3.7370100e+00
  -2.2095996e+00   4.1478841e+00   5.0929986e+00  -3.7784781e+00
  -2.2006231e+00   4.1601559e+00   5.1153281e+00  -3.8194247e+00
  -2.1916159e+00   4.1724277e+00   5.1386899e+00  -3.8597933e+00
  -2.1825722e+00   4.1846996e+00   5.1631351e+00  -3.8995229e+00
  -2.1734870e+00   4.1969714e+00   5.1887144e+00  -3.9385443e+00
  -2.1643564e+00   4.2092433e+00   5.2154739e+00  -3.9767781e+00
  -2.1551785e+00   4.2215151e+00   5.2434532e+00  -4.0141340e+00
  -2.1459527e+00   4.2337870e+00   5.2726842e+00  -4.0505135e+00
  -2.1366794e+00   4.2460588e+00   5.3031927e+00  -4.0858138e+00
  -2.1273588e+00   4.2583307e+00   5.3349997e+00  -4.1199314e+00
  -2.1179918e+00   4.2706025e+00   5.3681201e+00  -4.1527632e+00
  -2.1085799e+00   4.2828744e+00   5.4025589e+00  -4.1842061e+00
  -2.0991269e+00   4.2951462e+00   5.4383050e+00  -4.2141562e+00
  -2.0896393e+00   4.3074181e+00   5.4753271e+00  -4.2425104e+00
  -2.0801263e+00   4.3196899e+00   5.5135742e+00  -4.2691706e+00
  -2.0705978e+00   4.3319617e+00   5.5529795e+00  -4.2940502e+00
  -2.0610639e+00   4.3442336e+00   5.5934664e+00  -4.3170801e+00
  -2.0515331e+00   4.3565054e+00   5.6349529e+00  -4.3382113e+00
  -2.0420130e+00   4.3687773e+00   5.6773531e+00  -4.3574151e+00
  -2.0325108e+00   4.3810491e+00   5.7205748e+00  -4.3746808e+00
  -2.0230339e+00   4.3933210e+00   5.7645188e+00  -4.3900134e+00
  -2.0135896e+00   4.4055928e+00   5.8090802e+00  -4.4034325e+00
  -2.0041851e+00   4.4178647e+00   5.8541540e+00  -4.4149722e+00
  -1.9948252e+00   4.4301365e+00   5.8996423e+00  -4.4246803e+00
  -1.9855125e+00   4.4424084e+00   5.9454591e+00  -4.4326173e+00
  -1.9762472e+00   4.4546802e+00   5.9915312e+00  -4.4388520e+00
  -1.9670277e+00   4.4669521e+00   6.0377953e+00  -4.4434585e+00
  -1.9578522e+00   4.4792239e+00   6.0841938e+00  -4.4465123e+00
  -1.9487189e+00   4.4914957e+00   6.1306722e+00  -4.4480887e+00
  -1.9396259e+00   4.5037676e+00   6.1771794e+00  -4.4482626e+00
  -1.9305709e+00   4.5160394e+00   6.2236711e+00  -4.4471078e+00
  -1.9215506e+00   4.5283113e+00   6.2701115e+00  -4.4446968e+00
  -1.9125605e+00   4.5405831e+00   6.3164742e+00  -4.4410995e+00
  -1.9035954e+00   4.5528550e+00   6.3627398e+00  -4.4363817e+00
  -1.8946503e+00   4.5651268e+00   6.4088924e+00  -4.4306051e+00
  -1.8857204e+00   4.5773987e+00   6.4549177e+00  -4.4238271e+00
  -1.8768013e+00   4.5896705e+00   6.5008015e+00  -4.4161020e+00
  -1.8678891e+00   4.6019424e+00   6.5465315e+00  -4.4074811e+00
  -1.8589797e+00   4.6142142e+00   6.5920976e+00  -4.3980126e+00
  -1.8500687e+00   4.6264861e+00   6.6374927e+00  -4.3877418e+00
  -1.8411518e+00   4.6387579e+00   6.6827124e+00  -4.3767101e+00
  -1.8322247e+00   4.6510297e+00   6.7277541e+00  -4.3649553e+00
  -1.8232831e+00   4.6633016e+00   6.7726165e+00  -4.3525122e+00
  -1.8143228e+00   4.6755734e+00   6.8172990e+00  -4.3394134e+00
  -1.8053400e+00   4.6878453e+00   6.8618015e+00  -4.3256893e+00
  -1.7963307e+00   4.7001171e+00   6.9061237e+00  -4.3113686e+00
  -1.7872917e+00   4.7123890e+00   6.9502647e+00  -4.2964782e+00
  -1.7782199e+00   4.7246608e+00   6.9942229e+00  -4.2810432e+00
  -1.7691123e+00   4.7369327e+00   7.0379972e+00  -4.2650867e+00
  -1.7599660e+00   4.7492045e+00   7.0815877e+00  -4.2486297e+00
  -1.7507776e+00   4.7614764e+00   7.1249964e+00  -4.2316917e+00
  -1.7415436e+00   4.7737482e+00   7.1682271e+00  -4.2142904e+00
  -1.7322605e+00   4.7860201e+00   7.2112833e+00  -4.1964421e+00
  -1.7229253e+00   4.7982919e+00   7.2541670e+00  -4.1781625e+00
  -1.7135355e+00   4.8105638e+00   7.2968783e+00  -4.1594663e+00
  -1.7040893e+00   4.8228356e+00   7.3394157e+00  -4.1403681e+00
  -1.6945845e+00   4.8351074e+00   7.3817778e+00  -4.1208817e+00
  -1.6850189e+00   4.8473793e+00   7.4239654e+00  -4.1010197e+00
  -1.6753897e+00   4.8596511e+00   7.4659809e+00  -4.0807931e+00
  -1.6656940e+00   4.8719230e+00   7.5078279e+00  -4.0602113e+00
  -1.6559292e+00   4.8841948e+00   7.5495096e+00  -4.0392829e+00
  -1.6460929e+00   4.8964667e+00   7.5910273e+00  -4.0180164e+00
  -1.6361832e+00   4.9087385e+00   7.6323809e+00  -3.9964203e+00
  -1.6261985e+00   4.9210104e+00   7.6735695e+00  -3.9745036e+00
  -1.6161372e+00   4.9332822e+00   7.7145922e+00  -3.9522747e+00
  -1.6059973e+00   4.9455541e+00   7.7554494e+00  -3.9297410e+00
  -1.5957770e+00   4.9578259e+00   7.7961421e+00  -3.9069088e+00
  -1.5854741e+00   4.9700978e+00   7.8366716e+00  -3.8837835e+00
  -1.5750868e+00   4.9823696e+00   7.8770393e+00  -3.8603698e+00
  -1.5646131e+00   4.9946414e+00   7.9172458e+00  -3.8366724e+00
  -1.5540513e+00   5.0069133e+00   7.9572917e+00  -3.8126965e+00
  -1.5433999e+00   5.0191851e+00   7.9971767e+00  -3.7884467e+00
  -1.5326575e+00   5.0314570e+00   8.0369005e+00  -3.7639278e+00
  -1.5218228e+00   5.0437288e+00   8.0764623e+00  -3.7391440e+00
  -1.5108945e+00   5.0560007e+00   8.1158612e+00  -3.7140990e+00
  -1.4998713e+00   5.0682725e+00   8.1550966e+00  -3.6887961e+00
  -1.4887519e+00   5.0805444e+00   8.1941684e+00  -3.6632386e+00
  -1.4775349e+00   5.0928162e+00   8.2330768e+00  -3.6374290e+00
  -1.4662188e+00   5.1050881e+00   8.2718220e+00  -3.6113699e+00
  -1.4548024e+00   5.1173599e+00   8.3104037e+00  -3.5850632e+00
  -1.4432848e+00   5.1296318e+00   8.3488208e+00  -3.5585112e+00
  -1.4316650e+00   5.1419036e+00   8.3870720e+00  -3.5317160e+00
  -1.4199423e+00   5.1541754e+00   8.4251556e+00  -3.5046799e+00
  -1.4081159e+00   5.1664473e+00   8.4630706e+00  -3.4774047e+00
  -1.3961849e+00   5.1787191e+00   8.5008158e+00  -3.4498922e+00
  -1.3841486e+00   5.1909910e+00   8.5383902e+00  -3.4221436e+00
  -1.3720063e+00   5.2032628e+00   8.5757927e+00  -3.3941600e+00
  -1.3597575e+00   5.2155347e+00   8.6130214e+00  -3.3659421e+00
  -1.3474016e+00   5.2278065e+00   8.6500746e+00  -3.3374911e+00
  -1.3349384e+00   5.2400784e+00   8.6869505e+00  -3.3088078e+00
  -1.3223673e+00   5.2523502e+00   8.7236477e+00  -3.2798929e+00
  -1.3096880e+00   5.2646221e+00   8.7601646e+00  -3.2507469e+00
  -1.2969002e+00   5.2768939e+00   8.7964994e+00  -3.2213698e+00
  -1.2840039e+00   5.2891658e+00   8.8326498e+00  -3.1917619e+00
  -1.2709991e+00   5.3014376e+00   8.8686131e+00  -3.1619235e+00
  -1.2578862e+00   5.3137094e+00   8.9043864e+00  -3.1318550e+00
  -1.2446653e+00   5.3259813e+00   8.9399672e+00  -3.1015570e+00
  -1.2313367e+00   5.3382531e+00   8.9753529e+00  -3.0710294e+00
  -1.2179007e+00   5.3505250e+00   9.0105409e+00  -3.0402720e+00
  -1.2043576e+00   5.3627968e+00   9.0455285e+00  -3.0092841e+00
  -1.1907078e+00   5.3750687e+00   9.0803131e+00  -2.9780651e+00
  -1.1769520e+00   5.3873405e+00   9.1148914e+00  -2.9466142e+00
  -1.1630907e+00   5.3996124e+00   9.1492606e+00  -2.9149310e+00
  -1.1491246e+00   5.4118842e+00   9.1834174e+00  -2.8830149e+00
  -1.1350548e+00   5.4241561e+00   9.2173581e+00  -2.8508655e+00
  -1.1208824e+00   5.4364279e+00   9.2510787e+00  -2.8184824e+00
  -1.1066086e+00   5.4486998e+00   9.2845748e+00  -2.7858651e+00
  -1.0922348e+00   5.4609716e+00   9.3178420e+00  -2.7530132e+00
  -1.0777622e+00   5.4732435e+00   9.3508761e+00  -2.7199258e+00
  -1.0631921e+00   5.4855153e+00   9.3836734e+00  -2.6866019e+00
  -1.0485256e+00   5.4977871e+00   9.4162301e+00  -2.6530400e+00
  -1.0337640e+00   5.5100590e+00   9.4485422e+00  -2.6192385e+00
  -1.0189086e+00   5.5223308e+00   9.4806052e+00  -2.5851959e+00
  -1.0039613e+00   5.5346027e+00   9.5124139e+00  -2.5509112e+00
  -9.8892400e-01   5.5468745e+00   9.5439626e+00  -2.5163838e+00
  -9.7379878e-01   5.5591464e+00   9.5752457e+00  -2.4816132e+00
  -9.5858773e-01   5.5714182e+00   9.6062575e+00  -2.4465989e+00
  -9.4329289e-01   5.5836901e+00   9.6369921e+00  -2.4113401e+00
  -9.2791625e-01   5.5959619e+00   9.6674439e+00  -2.3758354e+00
  -9.1245975e-01   5.6082338e+00   9.6976070e+00  -2.3400834e+00
  -8.9692532e-01   5.6205056e+00   9.7274756e+00  -2.3040822e+00
  -8.8131493e-01   5.6327775e+00   9.7570437e+00  -2.2678304e+00
  -8.6563060e-01   5.6450493e+00   9.7863053e+00  -2.2313265e+00
  -8.4987457e-01   5.6573211e+00   9.8152535e+00  -2.1945694e+00
  -8.3404922e-01   5.6695930e+00   9.8438812e+00  -2.1575584e+00
  -8.1815717e-01   5.6818648e+00   9.8721807e+00  -2.1202929e+00
  -8.0220108e-01   5.6941367e+00   9.9001437e+00  -2.0827728e+00
  -7.8618356e-01   5.7064085e+00   9.9277623e+00  -2.0449976e+00
  -7.7010702e-01   5.7186804e+00   9.9550288e+00  -2.0069668e+00
  -7.5397367e-01   5.7309522e+00   9.9819354e+00  -1.9686794e+00
  -7.3778557e-01   5.7432241e+00   1.0008475e+01  -1.9301340e+00
  -7.2154478e-01   5.7554959e+00   1.0034638e+01  -1.8913292e+00
  -7.0525348e-01   5.7677678e+00   1.0060418e+01  -1.8522641e+00
  -6.8891401e-01   5.7800396e+00   1.0085804e+01  -1.8129383e+00
  -6.7252886e-01   5.7923115e+00   1.0110788e+01  -1.7733521e+00
  -6.5610056e-01   5.8045833e+00   1.0135359e+01  -1.7335061e+00
  -6.3963164e-01   5.8168551e+00   1.0159509e+01  -1.6934013e+00
  -6.2312453e-01   5.8291270e+00   1.0183227e+01  -1.6530385e+00
  -6.0658152e-01   5.8413988e+00   1.0206502e+01  -1.6124183e+00
  -5.9000469e-01   5.8536707e+00   1.0229325e+01  -1.5715414e+00
  -5.7339592e-01   5.8659425e+00   1.0251686e+01  -1.5304082e+00
  -5.5675696e-01   5.8782144e+00   1.0273574e+01  -1.4890193e+00
  -5.4008947e-01   5.8904862e+00   1.0294980e+01  -1.4473755e+00
  -5.2339518e-01   5.9027581e+00   1.0315892e+01  -1.4054781e+00
  -5.0667596e-01   5.9150299e+00   1.0336300e+01  -1.3633291e+00
  -4.8993378e-01   5.9273018e+00   1.0356192e+01  -1.3209312e+00
  -4.7317070e-01   5.9395736e+00   1.0375557e+01  -1.2782880e+00
  -4.5638863e-01   5.9518455e+00   1.0394382e+01  -1.2354032e+00
  -4.3958931e-01   5.9641173e+00   1.0412657e+01  -1.1922806e+00
  -4.2277416e-01   5.9763891e+00   1.0430370e+01  -1.1489240e+00
  -4.0594444e-01   5.9886610e+00   1.0447511e+01  -1.1053367e+00
  -3.8910120e-01   6.0009328e+00   1.0464067e+01  -1.0615227e+00
  -3.7224547e-01   6.0132047e+00   1.0480028e+01  -1.0174861e+00
  -3.5537829e-01   6.0254765e+00   1.0495382e+01  -9.7323181e-01
  -3.3850071e-01   6.0377484e+00   1.0510119e+01  -9.2876537e-01
  -3.2161383e-01   6.0500202e+00   1.0524227e+01  -8.8409311e-01
  -3.0471877e-01   6.0622921e+00   1.0537696e+01  -8.3922198e-01
  -2.8781663e-01   6.0745639e+00   1.0550514e+01  -7.9415946e-01
  -2.7090845e-01   6.0868358e+00   1.0562671e+01  -7.4891350e-01
  -2.5399512e-01   6.0991076e+00   1.0574156e+01  -7.0349226e-01
  -2.3707735e-01   6.1113795e+00   1.0584960e+01  -6.5790408e-01
  -2.2015564e-01   6.1236513e+00   1.0595074e+01  -6.1215737e-01
  -2.0323039e-01   6.1359232e+00   1.0604489e+01  -5.6626075e-01
  -1.8630196e-01   6.1481950e+00   1.0613197e+01  -5.2022325e-01
  -1.6937074e-01   6.1604668e+00   1.0621188e+01  -4.7405452e-01
  -1.5243720e-01   6.1727387e+00   1.0628457e+01  -4.2776490e-01
  -1.3550184e-01   6.1850105e+00   1.0634994e+01  -3.8136531e-01
  -1.1856515e-01   6.1972824e+00   1.0640795e+01  -3.3486706e-01
  -1.0162753e-01   6.2095542e+00   1.0645854e+01  -2.8828167e-01
  -8.4689335e-02   6.2218261e+00   1.0650164e+01  -2.4162082e-01
  -6.7750867e-02   6.2340979e+00   1.0653723e+01  -1.9489634e-01
  -5.0812398e-02   6.2463698e+00   1.0656526e+01  -1.4812028e-01
  -3.3874182e-02   6.2586416e+00   1.0658570e+01  -1.0130485e-01
  -1.6936445e-02   6.2709135e+00   1.0659853e+01  -5.4462367e-02
   6.2737103e-07   6.2831853e+00   1.0660373e+01  -7.6051503e-03
   6.2737103e-07   0.0000000e+00   1.0660373e+01  -7.6051503e-03
   1.6936875e-02   1.2271846e-02   1.0660131e+01   3.9254500e-02
   3.3872138e-02   2.4543693e-02   1.0659126e+01   8.6104264e-02
   5.0806233e-02   3.6815539e-02   1.0657359e+01   1.3293177e-01
   6.7738936e-02   4.9087385e-02   1.0654831e+01   1.7972464e-01
   8.4669999e-02   6.1359232e-02   1.0651545e+01   2.2647054e-01
   1.0159916e-01   7.3631078e-02   1.0647504e+01   2.7315729e-01
   1.1852613e-01   8.5902924e-02   1.0642713e+01   3.1977292e-01
   1.3545058e-01   9.8174770e-02   1.0637175e+01   3.6630558e-01
   1.5237214e-01   1.1044662e-01   1.0630896e+01   4.1274359e-01
   1.6929034e-01   1.2271846e-01   1.0623882e+01   4.5907544e-01
   1.8620473e-01   1.3499031e-01   1.0616139e+01   5.0529001e-01
   2.0311487e-01   1.4726216e-01   1.0607675e+01   5.5137672e-01
   2.2002040e-01   1.5953400e-01   1.0598498e+01   5.9732564e-01
   2.3692097e-01   1.7180585e-01   1.0588616e+01   6.4312743e-01
   2.5381624e-01   1.8407769e-01   1.0578036e+01   6.8877317e-01
   2.7070571e-01   1.9634954e-01   1.0566769e+01   7.3425413e-01
   2.8758873e-01   2.0862139e-01   1.0554823e+01   7.7956167e-01
   3.0446446e-01   2.2089323e-01   1.0542208e+01   8.2468733e-01
   3.2133194e-01   2.3316508e-01   1.0528936e+01   8.6962290e-01
   3.3819012e-01   2.4543693e-01   1.0515016e+01   9.1436060e-01
   3.5503795e-01   2.5770877e-01   1.0500460e+01   9.5889322e-01
   3.7187441e-01   2.6998062e-01   1.0485278e+01   1.0032142e+00
   3.8869852e-01   2.8225246e-01   1.0469482e+01   1.0473176e+00
   4.0550929e-01   2.9452431e-01   1.0453082e+01   1.0911983e+00
   4.2230579e-01   3.0679616e-01   1.0436090e+01   1.1348517e+00
   4.3908699e-01   3.1906800e-01   1.0418516e+01   1.1782739e+00
   4.5585175e-01   3.3133985e-01   1.0400373e+01   1.2214610e+00
   4.7259869e-01   3.4361170e-01   1.0381671e+01   1.2644090e+00
   4.8932617e-01   3.5588354e-01   1.0362422e+01   1.3071139e+00
   5.0603236e-01   3.6815539e-01   1.0342638e+01   1.3495718e+00
   5.2271532e-01   3.8042724e-01   1.0322329e+01   1.3917788e+00
   5.3937316e-01   3.9269908e-01   1.0301508e+01   1.4337322e+00
   5.5600412e-01   4.0497093e-01   1.0280187e+01   1.4754296e+00
   5.7260657e-01   4.1724277e-01   1.0258374e+01   1.5168696e+00
   5.8917891e-01   4.2951462e-01   1.0236082e+01   1.5580512e+00
   6.0571951e-01   4.4178647e-01   1.0213319e+01   1.5989737e+00
   6.2222656e-01   4.5405831e-01   1.0190097e+01   1.6396365e+00
   6.3869806e-01   4.6633016e-01   1.0166425e+01   1.6800387e+00
   6.5513181e-01   4.7860201e-01   1.0142314e+01   1.7201795e+00
   6.7152547e-01   4.9087385e-01   1.0117774e+01   1.7600579e+00
   6.8787660e-01   5.0314570e-01   1.0092815e+01   1.7996730e+00
   7.0418277e-01   5.1541754e-01   1.0067447e+01   1.8390240e+00
   7.2044160e-01   5.2768939e-01   1.0041680e+01   1.8781105e+00
   7.3665083e-01   5.3996124e-01   1.0015521e+01   1.9169329e+00
   7.5280839e-01   5.5223308e-01   9.9889811e+00   1.9554920e+00
   7.6891228e-01   5.6450493e-01   9.9620673e+00   1.9937891e+00
   7.8496051e-01   5.7677678e-01   9.9347877e+00   2.0318255e+00
   8.0095093e-01   5.8904862e-01   9.9071501e+00   2.0696021e+00
   8.1688118e-01   6.0132047e-01   9.8791625e+00   2.1071193e+00
   8.3274874e-01   6.1359232e-01   9.8508330e+00   2.1443775e+00
   8.4855100e-01   6.2586416e-01   9.8221699e+00   2.1813770e+00
   8.6428543e-01   6.3813601e-01   9.7931810e+00   2.2181180e+00
   8.7994970e-01   6.5040785e-01   9.7638738e+00   2.2546015e+00
   8.9554167e-01   6.6267970e-01   9.7342549e+00   2.2908284e+00
   9.1105934e-01   6.7495155e-01   9.7043307e+00   2.3268003e+00
   9.2650080e-01   6.8722339e-01   9.6741072e+00   2.3625186e+00
   9.4186416e-01   6.9949524e-01   9.6435905e+00   2.3979849e+00
   9.5714749e-01   7.1176709e-01   9.6127865e+00   2.4332008e+00
   9.7234884e-01   7.2403893e-01   9.5817011e+00   2.4681675e+00
   9.8746618e-01   7.3631078e-01   9.5503402e+00   2.5028858e+00
   1.0024975e+00   7.4858262e-01   9.5187095e+00   2.5373564e+00
   1.0174406e+00   7.6085447e-01   9.4868151e+00   2.5715794e+00
   1.0322937e+00   7.7312632e-01   9.4546624e+00   2.6055557e+00
   1.0470551e+00   7.8539816e-01   9.4222568e+00   2.6392864e+00
   1.0617233e+00   7.9767001e-01   9.3896029e+00   2.6727727e+00
   1.0762970e+00   8.0994186e-01   9.3567047e+00   2.7060164e+00
   1.0907752e+00   8.2221370e-01   9.3235662e+00   2.7390189e+00
   1.1051566e+00   8.3448555e-01   9.2901914e+00   2.7717811e+00
   1.1194399e+00   8.4675739e-01   9.2565844e+00   2.8043039e+00
   1.1336238e+00   8.5902924e-01   9.2227497e+00   2.8365877e+00
   1.1477069e+00   8.7130109e-01   9.1886919e+00   2.8686330e+00
   1.1616882e+00   8.8357293e-01   9.1544150e+00   2.9004402e+00
   1.1755667e+00   8.9584478e-01   9.1199227e+00   2.9320097e+00
   1.1893417e+00   9.0811663e-01   9.0852183e+00   2.9633420e+00
   1.2030124e+00   9.2038847e-01   9.0503049e+00   2.9944377e+00
   1.2165784e+00   9.3266032e-01   9.0151857e+00   3.0252974e+00
   1.2300391e+00   9.4493217e-01   8.9798634e+00   3.0559219e+00
   1.2433942e+00   9.5720401e-01   8.9443408e+00   3.0863115e+00
   1.2566434e+00   9.6947586e-01   8.9086206e+00   3.1164667e+00
   1.2697864e+00   9.8174770e-01   8.8727055e+00   3.1463873e+00
   1.2828228e+00   9.9401955e-01   8.8365981e+00   3.1760728e+00
   1.2957526e+00   1.0062914e+00   8.8003012e+00   3.2055227e+00
   1.3085755e+00   1.0185632e+00   8.7638177e+00   3.2347369e+00
   1.3212915e+00   1.0308351e+00   8.7271497e+00   3.2637149e+00
   1.3339010e+00   1.0431069e+00   8.6902993e+00   3.2924567e+00
   1.3464042e+00   1.0553788e+00   8.6532679e+00   3.3209618e+00
   1.3588015e+00   1.0676506e+00   8.6160573e+00   3.3492293e+00
   1.3710933e+00   1.0799225e+00   8.5786691e+00   3.3772584e+00
   1.3832800e+00   1.0921943e+00   8.5411054e+00   3.4050481e+00
   1.3953622e+00   1.1044662e+00   8.5033676e+00   3.4325973e+00
   1.4073404e+00   1.1167380e+00   8.4654571e+00   3.4599050e+00
   1.4192155e+00   1.1290099e+00   8.4273751e+00   3.4869700e+00
   1.4309881e+00   1.1412817e+00   8.3891226e+00   3.5137904e+00
   1.4426592e+00   1.1535536e+00   8.3507009e+00   3.5403641e+00
   1.4542294e+00   1.1658254e+00   8.3121117e+00   3.5666890e+00
   1.4656995e+00   1.1780972e+00   8.2733562e+00   3.5927628e+00
   1.4770706e+00   1.1903691e+00   8.2344356e+00   3.6185833e+00
   1.4883438e+00   1.2026409e+00   8.1953501e+00   3.6441482e+00
   1.4995205e+00   1.2149128e+00   8.1560997e+00   3.6694552e+00
   1.5106022e+00   1.2271846e+00   8.1166841e+00   3.6945014e+00
   1.5215901e+00   1.2394565e+00   8.0771037e+00   3.7192836e+00
   1.5324855e+00   1.2517283e+00   8.0373591e+00   3.7437982e+00
   1.5432897e+00   1.2640002e+00   7.9974511e+00   3.7680413e+00
   1.5540038e+00   1.2762720e+00   7.9573808e+00   3.7920087e+00
   1.5646292e+00   1.2885439e+00   7.9171485e+00   3.8156954e+00
   1.5751676e+00   1.3008157e+00   7.8767543e+00   3.8390967e+00
   1.5856206e+00   1.3130876e+00   7.8361980e+00   3.8622074e+00
   1.5959901e+00   1.3253594e+00   7.7954786e+00   3.8850227e+00
   1.6062781e+00   1.3376312e+00   7.7545948e+00   3.9075376e+00
   1.6164866e+00   1.3499031e+00   7.7135454e+00   3.9297465e+00
   1.6266175e+00   1.3621749e+00   7.6723297e+00   3.9516428e+00
   1.6366725e+00   1.3744468e+00   7.6309478e+00   3.9732189e+00
   1.6466534e+00   1.3867186e+00   7.5894004e+00   3.9944660e+00
   1.6565616e+00   1.3989905e+00   7.5476887e+00   4.0153752e+00
   1.6663993e+00   1.4112623e+00   7.5058126e+00   4.0359377e+00
   1.6761687e+00   1.4235342e+00   7.4637703e+00   4.0561450e+00
   1.6858727e+00   1.4358060e+00   7.4215589e+00   4.0759882e+00
   1.6955140e+00   1.4480779e+00   7.3791750e+00   4.0954575e+00
   1.7050953e+00   1.4603497e+00   7.3366167e+00   4.1145414e+00
   1.7146188e+00   1.4726216e+00   7.2938839e+00   4.1332269e+00
   1.7240865e+00   1.4848934e+00   7.2509780e+00   4.1514999e+00
   1.7335005e+00   1.4971652e+00   7.2079006e+00   4.1693457e+00
   1.7428633e+00   1.5094371e+00   7.1646514e+00   4.1867492e+00
   1.7521779e+00   1.5217089e+00   7.1212285e+00   4.2036944e+00
   1.7614479e+00   1.5339808e+00   7.0776282e+00   4.2201647e+00
   1.7706767e+00   1.5462526e+00   7.0338476e+00   4.2361419e+00
   1.7798675e+00   1.5585245e+00   6.9898853e+00   4.2516061e+00
   1.7890234e+00   1.5707963e+00   6.9457416e+00   4.2665355e+00
   1.7981473e+00   1.5830682e+00   6.9014184e+00   4.2809066e+00
   1.8072422e+00   1.5953400e+00   6.8569173e+00   4.2946940e+00
   1.8163115e+00   1.6076119e+00   6.8122397e+00   4.3078703e+00
   1.8253591e+00   1.6198837e+00   6.7673863e+00   4.3204064e+00
   1.8343889e+00   1.6321556e+00   6.7223577e+00   4.3322715e+00
   1.8434050e+00   1.6444274e+00   6.6771551e+00   4.3434326e+00
   1.8524117e+00   1.6566993e+00   6.6317808e+00   4.3538544e+00
   1.8614132e+00   1.6689711e+00   6.5862384e+00   4.3634984e+00
   1.8704139e+00   1.6812429e+00   6.5405335e+00   4.3723228e+00
   1.8794178e+00   1.6935148e+00   6.4946746e+00   4.3802822e+00
   1.8884289e+00   1.7057866e+00   6.4486729e+00   4.3873280e+00
   1.8974513e+00   1.7180585e+00   6.4025420e+00   4.3934092e+00
   1.9064892e+00   1.7303303e+00   6.3562969e+00   4.3984716e+00
   1.9155473e+00   1.7426022e+00   6.3099533e+00   4.4024579e+00
   1.9246305e+00   1.7548740e+00   6.2635287e+00   4.4053068e+00
   1.9337438e+00   1.7671459e+00   6.2170445e+00   4.4069532e+00
   1.9428912e+00   1.7794177e+00   6.1705300e+00   4.4073286e+00
   1.9520756e+00   1.7916896e+00   6.1240230e+00   4.4063623e+00
   1.9612992e+00   1.8039614e+00   6.0775699e+00   4.4039828e+00
   1.9705635e+00   1.8162333e+00   6.0312229e+00   4.4001179e+00
   1.9798701e+00   1.8285051e+00   5.9850375e+00   4.3946956e+00
   1.9892206e+00   1.8407769e+00   5.9390720e+00   4.3876441e+00
   1.9986162e+00   1.8530488e+00   5.8933909e+00   4.3788944e+00
   2.0080562e+00   1.8653206e+00   5.8480684e+00   4.3683828e+00
   2.0175376e+00   1.8775925e+00   5.8031908e+00   4.3560553e+00
   2.0270552e+00   1.8898643e+00   5.7588553e+00   4.3418704e+00
   2.0366019e+00   1.9021362e+00   5.7151639e+00   4.3258004e+00
   2.0461706e+00   1.9144080e+00   5.6722173e+00   4.3078316e+00
   2.0557541e+00   1.9266799e+00   5.6301099e+00   4.2879643e+00
   2.0653456e+00   1.9389517e+00   5.5889287e+00   4.2662139e+00
   2.0749380e+00   1.9512236e+00   5.5487552e+00   4.2426130e+00
   2.0845228e+00   1.9634954e+00   5.5096663e+00   4.2172135e+00
   2.0940907e+00   1.9757673e+00   5.4717337e+00   4.1900860e+00
   2.1036321e+00   1.9880391e+00   5.4350189e+00   4.1613168e+00
   2.1131389e+00   2.0003109e+00   5.3995676e+00   4.1310019e+00
   2.1226053e+00   2.0125828e+00   5.3654064e+00   4.0992413e+00
   2.1320281e+00   2.0248546e+00   5.3325432e+00   4.0661353e+00
   2.1414060e+00   2.0371265e+00   5.3009716e+00   4.0317831e+00
   2.1507387e+00   2.0493983e+00   5.2706762e+00   3.9962840e+00
   2.1600259e+00   2.0616702e+00   5.2416362e+00   3.9597377e+00
   2.1692673e+00   2.0739420e+00   5.2138262e+00   3.9222433e+00
   2.1784638e+00   2.0862139e+00   5.1872144e+00   3.8838951e+00
   2.1876174e+00   2.0984857e+00   5.1617622e+00   3.8447796e+00
   2.1967320e+00   2.1107576e+00   5.1374244e+00   3.8049728e+00
   2.2058128e+00   2.1230294e+00   5.1141519e+00   3.7645408e+00
   2.2148653e+00   2.1353013e+00   5.0918956e+00   3.7235426e+00
   2.2238947e+00   2.1475731e+00   5.0706081e+00   3.6820329e+00
   2.2329058e+00   2.1598449e+00   5.0502445e+00   3.6400637e+00
   2.2419032e+00   2.1721168e+00   5.0307617e+00   3.5976839e+00
   2.2508913e+00   2.1843886e+00   5.0121171e+00   3.5549379e+00
   2.2598752e+00   2.1966605e+00   4.9942689e+00   3.5118645e+00
   2.2688598e+00   2.2089323e+00   4.9771764e+00   3.4684964e+00
   2.2778507e+00   2.2212042e+00   4.9608006e+00   3.4248615e+00
   2.2868530e+00   2.2334760e+00   4.9451050e+00   3.3809838e+00
   2.2958719e+00   2.2457479e+00   4.9300548e+00   3.3368851e+00
   2.3049122e+00   2.2580197e+00   4.9156174e+00   3.2925855e+00
   2.3139783e+00   2.2702916e+00   4.9017619e+00   3.2481036e+00
   2.3230746e+00   2.2825634e+00   4.8884594e+00   3.2034577e+00
   2.3322046e+00   2.2948353e+00   4.8756834e+00   3.1586646e+00
   2.3413721e+00   2.3071071e+00   4.8634093e+00   3.1137398e+00
   2.3505806e+00   2.3193790e+00   4.8516136e+00   3.0686962e+00
   2.3598341e+00   2.3316508e+00   4.8402734e+00   3.0235438e+00
   2.3691367e+00   2.3439226e+00   4.8293666e+00   2.9782897e+00
   2.3784926e+00   2.3561945e+00   4.8188719e+00   2.9329397e+00
   2.3879055e+00   2.3684663e+00   4.8087703e+00   2.8875001e+00
   2.3973782e+00   2.3807382e+00   4.7990445e+00   2.8419789e+00
   2.4069133e+00   2.3930100e+00   4.7896791e+00   2.7963858e+00
   2.4165127e+00   2.4052819e+00   4.7806594e+00   2.7507298e+00
   2.4261791e+00   2.4175537e+00   4.7719707e+00   2.7050180e+00
   2.4359153e+00   2.4298256e+00   4.7635985e+00   2.6592542e+00
   2.4457247e+00   2.4420974e+00   4.7555288e+00   2.6134394e+00
   2.4556103e+00   2.4543693e+00   4.7477488e+00   2.5675746e+00
   2.4655747e+00   2.4666411e+00   4.7402470e+00   2.5216621e+00
   2.4756197e+00   2.4789130e+00   4.7330130e+00   2.4757062e+00
   2.4857470e+00   2.4911848e+00   4.7260370e+00   2.4297128e+00
   2.4959580e+00   2.5034566e+00   4.7193092e+00   2.3836871e+00
   2.5062544e+00   2.5157285e+00   4.7128201e+00   2.3376324e+00
   2.5166381e+00   2.5280003e+00   4.7065608e+00   2.2915501e+00
   2.5271111e+00   2.5402722e+00   4.7005228e+00   2.2454405e+00
   2.5376753e+00   2.5525440e+00   4.6946985e+00   2.1993041e+00
   2.5483322e+00   2.5648159e+00   4.6890805e+00   2.1531421e+00
   2.5590829e+00   2.5770877e+00   4.6836617e+00   2.1069567e+00
   2.5699284e+00   2.5893596e+00   4.6784353e+00   2.0607503e+00
   2.5808696e+00   2.6016314e+00   4.6733947e+00   2.0145250e+00
   2.5919075e+00   2.6139033e+00   4.6685343e+00   1.9682823e+00
   2.6030426e+00   2.6261751e+00   4.6638485e+00   1.9220236e+00
   2.6142755e+00   2.6384470e+00   4.6593323e+00   1.8757500e+00
   2.6256070e+00   2.6507188e+00   4.6549804e+00   1.8294623e+00
   2.6370374e+00   2.6629906e+00   4.6507877e+00   1.7831612e+00
   2.6485671e+00   2.6752625e+00   4.6467492e+00   1.7368471e+00
   2.6601965e+00   2.6875343e+00   4.6428605e+00   1.6905204e+00
   2.6719253e+00   2.6998062e+00   4.6391177e+00   1.6441817e+00
   2.6837534e+00   2.7120780e+00   4.6355173e+00   1.5978323e+00
   2.6956803e+00   2.7243499e+00   4.6320556e+00   1.5514734e+00
   2.7077053e+00   2.7366217e+00   4.6287288e+00   1.5051060e+00
   2.7198280e+00   2.7488936e+00   4.6255333e+00   1.4587308e+00
   2.7320477e+00   2.7611654e+00   4.6224657e+00   1.4123477e+00
   2.7443634e+00   2.7734373e+00   4.6195231e+00   1.3659571e+00
   2.7567742e+00   2.7857091e+00   4.6167030e+00   1.3195592e+00
   2.7692786e+00   2.7979810e+00   4.6140028e+00   1.2731547e+00
   2.7818754e+00   2.8102528e+00   4.6114198e+00   1.2267442e+00
   2.7945630e+00   2.8225246e+00   4.6089512e+00   1.1803280e+00
   2.8073397e+00   2.8347965e+00   4.6065946e+00   1.1339061e+00
   2.8202038e+00   2.8470683e+00   4.6043479e+00   1.0874787e+00
   2.8331531e+00   2.8593402e+00   4.6022091e+00   1.0410462e+00
   2.8461853e+00   2.8716120e+00   4.6001768e+00   9.9460955e-01
   2.8592979e+00   2.8838839e+00   4.5982490e+00   9.4816956e-01
   2.8724883e+00   2.8961557e+00   4.5964238e+00   9.0172664e-01
   2.8857540e+00   2.9084276e+00   4.5946992e+00   8.5528058e-01
   2.8990925e+00   2.9206994e+00   4.5930737e+00   8.0883087e-01
   2.9125009e+00   2.9329713e+00   4.5915461e+00   7.6237718e-01
   2.9259761e+00   2.9452431e+00   4.5901155e+00   7.1591982e-01
   2.9395146e+00   2.9575150e+00   4.5887806e+00   6.6945960e-01
   2.9531130e+00   2.9697868e+00   4.5875402e+00   6.2299744e-01
   2.9667676e+00   2.9820587e+00   4.5863930e+00   5.7653388e-01
   2.9804748e+00   2.9943305e+00   4.5853378e+00   5.3006890e-01
   2.9942311e+00   3.0066023e+00   4.5843739e+00   4.8360219e-01
   3.0080326e+00   3.0188742e+00   4.5835010e+00   4.3713357e-01
   3.0218755e+00   3.0311460e+00   4.5827185e+00   3.9066317e-01
   3.0357557e+00   3.0434179e+00   4.5820256e+00   3.4419133e-01
   3.0496690e+00   3.0556897e+00   4.5814215e+00   2.9771837e-01
   3.0636112e+00   3.0679616e+00   4.5809054e+00   2.5124434e-01
   3.0775782e+00   3.0802334e+00   4.5804772e+00   2.0476921e-01
   3.0915655e+00   3.0925053e+00   4.5801370e+00   1.5829306e-01
   3.1055688e+00   3.1047771e+00   4.5798850e+00   1.1181630e-01
   3.1195836e+00   3.1170490e+00   4.5797208e+00   6.5339513e-02
   3.1336053e+00   3.1293208e+00   4.5796434e+00   1.8863163e-02
