   2.2983457661897061e-01  -2.2298930799034311e-01
   2.3008044062896821e-01  -2.3479369893650301e-01
   2.3035324640807817e-01  -2.4659030317145750e-01
   2.3065399563956526e-01  -2.5839168752685981e-01
   2.3098310704264866e-01  -2.7020534939248220e-01
   2.3134216563739532e-01  -2.8202647485139026e-01
   2.3173331116695581e-01  -2.9384170112614427e-01
   2.3215657422309346e-01  -3.0564083515253582e-01
   2.3260804679217423e-01  -3.1742624557218646e-01
   2.3308149623858498e-01  -3.2921140470786975e-01
   2.3357289508827847e-01  -3.4100948165113371e-01
   2.3408419781189468e-01  -3.5282179521560708e-01
   2.3462269004158035e-01  -3.6463638362170686e-01
   2.3519578540703417e-01  -3.7643828817734842e-01
   2.3580531107527070e-01  -3.8822279637490847e-01
   2.3644627537768850e-01  -3.9999997446960101e-01
   2.3711161807080317e-01  -4.1178615066429902e-01
   2.3779923367315142e-01  -4.2358941909179859e-01
   2.3851516358584304e-01  -4.3540177206896008e-01
   2.3926966287296736e-01  -4.4720507197445292e-01
   2.4006881009818620e-01  -4.5898616263302899e-01
   2.4090845779808656e-01  -4.7074826099545164e-01
   2.4177589663836119e-01  -4.8250861768808251e-01
   2.4265849970177153e-01  -4.9428409329471362e-01
   2.4355277774286957e-01  -5.0607681232763035e-01
   2.4446666646337484e-01  -5.1787224351455718e-01
   2.4541318895610126e-01  -5.2965153711587176e-01
   2.4640059960179514e-01  -5.4140766786390315e-01
   2.4742694446580840e-01  -5.5315152104260401e-01
   2.4848327547111637e-01  -5.6490260677399029e-01
   2.4956259823105317e-01  -5.7667232083029585e-01
   2.5066699618155230e-01  -5.8845414433353804e-01
   2.5180709755645431e-01  -6.0022920098171295e-01
   2.5299458467178815e-01  -6.1198227833395891e-01
   2.5423418785683122e-01  -6.2371434020711813e-01
   2.5552172208407459e-01  -6.3544068433519796e-01
   2.5684927464943147e-01  -6.4717656666033940e-01
   2.5821248839800687e-01  -6.5892322277538096e-01
   2.5961338704525938e-01  -6.7066690770270887e-01
   2.6105656230409524e-01  -6.8239196290545068e-01
   2.6254278292999345e-01  -6.9409617319157224e-01
   2.6406653657668433e-01  -7.0579419468822724e-01
   2.6562040464301484e-01  -7.1750513839664554e-01
   2.6720268522422574e-01  -7.2923465225970763e-01
   2.6882119661848924e-01  -7.4096742039799879e-01
   2.7048905223194220e-01  -7.5267757416274728e-01
   2.7221512071360449e-01  -7.6434904033970374e-01
   2.7399684498968857e-01  -7.7598877876988837e-01
   2.7582157632124826e-01  -7.8762141149881693e-01
   2.7767565179225068e-01  -7.9926949611699605e-01
   2.7955397865267889e-01  -8.1093610816599004e-01
   2.8146250785988691e-01  -8.2260450632313431e-01
   2.8341208757602954e-01  -8.3425481776376209e-01
   2.8540950785724128e-01  -8.4588271320796671e-01
   2.8745367381041359e-01  -8.5750318533784209e-01
   2.8953989689334148e-01  -8.6913575039308510e-01
   2.9166767898411888e-01  -8.8078425799274518e-01
   2.9384396523860312e-01  -8.9242999560851644e-01
   2.9607789190820505e-01  -9.0404553859412484e-01
   2.9837109797174677e-01  -9.1561824437438477e-01
   3.0071244135807806e-01  -9.2716279216951847e-01
   3.0308282172618706e-01  -9.3871071415077700e-01
   3.0546709010359446e-01  -9.5028471191267261e-01
   3.0786328377668287e-01  -9.6187954679150967e-01
   3.1028092744708041e-01  -9.7346665808635757e-01
   3.1272914688828535e-01  -9.8501956345301445e-01
   3.1520435618091891e-01  -9.9653856801102425e-01
   3.1768834378340272e-01  -1.0080528185210547e+00
   3.2015929035149299e-01  -1.0195965983966522e+00
   3.2260732629490158e-01  -1.0311792842728194e+00
   3.2504202047610847e-01  -1.0427749598548872e+00
   3.2748558534767164e-01  -1.0543418433539316e+00
   3.2995743072154560e-01  -1.0658563381456603e+00
   3.3246295198220471e-01  -1.0773333816520352e+00
   3.3499575930172321e-01  -1.0888156612694744e+00
   3.3755094335832481e-01  -1.1003403899300259e+00
   3.4013739360209866e-01  -1.1119113155212634e+00
   3.4277799974760270e-01  -1.1234987984590001e+00
   3.4549714179450852e-01  -1.1350660677760527e+00
   3.4830593482336930e-01  -1.1465968763547150e+00
   3.5119738718089388e-01  -1.1580993926826548e+00
   3.5415436170857606e-01  -1.1695842055699512e+00
   3.5716138434309003e-01  -1.1810401596964089e+00
   3.6020799730037195e-01  -1.1924359306691470e+00
   3.6328013282466604e-01  -1.2037518663624374e+00
   3.6634917873239031e-01  -1.2150153059620339e+00
   3.6937333195232869e-01  -1.2263026565550681e+00
   3.7231638165434094e-01  -1.2376956872190452e+00
   3.7517224230703311e-01  -1.2492202270088431e+00
   3.7797451496361462e-01  -1.2608173825494697e+00
   3.8077922532032771e-01  -1.2723774988426846e+00
   3.8363062467158515e-01  -1.2838171256550277e+00
   3.8653675801378712e-01  -1.2951396258322598e+00
   3.8947724251103427e-01  -1.3064273840109295e+00
   3.9244069845454738e-01  -1.3177676328271140e+00
   3.9546254012941734e-01  -1.3291730426570858e+00
   3.9862895209907084e-01  -1.3405704291432958e+00
   4.0203792288907314e-01  -1.3518779848467322e+00
   4.0574632537046557e-01  -1.3631094660545877e+00
   4.0975214370234320e-01  -1.3744000209825378e+00
   4.1404204538942524e-01  -1.3858886012531684e+00
   4.1868481379676076e-01  -1.3974989728929728e+00
   4.2390570863263033e-01  -1.4087602290433046e+00
   4.3007290187250613e-01  -1.4188181060535872e+00
   4.3757510672882982e-01  -1.4266873228319148e+00
   4.4664158357589578e-01  -1.4316410826102821e+00
   4.5720298333936460e-01  -1.4335306017655438e+00
   4.6887836776351915e-01  -1.4328512043571298e+00
   4.8110463406253956e-01  -1.4305138343789203e+00
   4.9334266962656254e-01  -1.4274514753313392e+00
   5.0525265086915405e-01  -1.4242782190100824e+00
   5.1675491697395337e-01  -1.4211702022536239e+00
   5.2796455501665540e-01  -1.4179905898430398e+00
   5.3905876997587709e-01  -1.4145365241756920e+00
   5.5016205408184427e-01  -1.4107363083412976e+00
   5.6130469403768868e-01  -1.4066904698358562e+00
   5.7245258305273738e-01  -1.4025720992647874e+00
   5.8356293022877859e-01  -1.3984906317254306e+00
   5.9461748853409968e-01  -1.3944245632023888e+00
   6.0561624242828138e-01  -1.3902567932700012e+00
   6.1655061626518315e-01  -1.3858651739349390e+00
   6.2738822775053227e-01  -1.3811907479069725e+00
   6.3808521736772916e-01  -1.3762400671043278e+00
   6.4861486606252128e-01  -1.3710386318283379e+00
   6.5898673493396998e-01  -1.3655879562998552e+00
   6.6923962593133168e-01  -1.3598648488232528e+00
   6.7941443087865372e-01  -1.3538571772199175e+00
   6.8952916626901872e-01  -1.3475971083991081e+00
   6.9957512891942697e-01  -1.3411578913924058e+00
   7.0953442438101677e-01  -1.3346156403342526e+00
   7.1940178010059685e-01  -1.3280098378358864e+00
   7.2919185244530327e-01  -1.3213370197943484e+00
   7.3892738690250270e-01  -1.3145819148504507e+00
   7.4862053262597394e-01  -1.3077566957939797e+00
   7.5826480796258688e-01  -1.3009115399437190e+00
   7.6784493788713948e-01  -1.2941046163671766e+00
   7.7735563468330637e-01  -1.2873551892240456e+00
   7.8681248430038608e-01  -1.2806192833432606e+00
   7.9624492722010454e-01  -1.2738100499799281e+00
   8.0567662452240907e-01  -1.2668492490566508e+00
   8.1510908515170477e-01  -1.2597117443963670e+00
   8.2452155365856061e-01  -1.2524312390402179e+00
   8.3388666840790326e-01  -1.2450665344886391e+00
   8.4318887294810208e-01  -1.2376574919548675e+00
   8.5243126534865687e-01  -1.2302049011664289e+00
   8.6162697784442510e-01  -1.2226862378499055e+00
   8.7078405377868406e-01  -1.2150895108447517e+00
   8.7989734945928977e-01  -1.2074345472205543e+00
   8.8895396604044374e-01  -1.1997642082695665e+00
   8.9794668284260049e-01  -1.1921144474369032e+00
   9.0688321497072510e-01  -1.1844891674788851e+00
   9.1578316182419228e-01  -1.1768601953481199e+00
   9.2466527487547878e-01  -1.1691907008765352e+00
   9.3353571804093760e-01  -1.1614614223748694e+00
   9.4238665743899674e-01  -1.1536785971066166e+00
   9.5120539767740719e-01  -1.1458594973867415e+00
   9.5998548686710183e-01  -1.1380104244277514e+00
   9.6873017856757926e-01  -1.1301168998949156e+00
   9.7744585028495867e-01  -1.1221536047699447e+00
   9.8613187453946460e-01  -1.1141039891355389e+00
   9.9477631748082163e-01  -1.1059718637182339e+00
   1.0033614796815207e+00  -1.0977755238486828e+00
   1.0118746246637988e+00  -1.0895308659532332e+00
   1.0203148416892036e+00  -1.0812391931163670e+00
   1.0286904946830995e+00  -1.0728902168467200e+00
   1.0370098409090842e+00  -1.0644764067768306e+00
   1.0452730313920142e+00  -1.0560044348607067e+00
   1.0534721000130260e+00  -1.0474921978874734e+00
   1.0615983547708900e+00  -1.0389531161429979e+00
   1.0696501932563283e+00  -1.0303812331343127e+00
   1.0776342596909736e+00  -1.0217506165438506e+00
   1.0855589305123516e+00  -1.0130307170007715e+00
   1.0934259166800591e+00  -1.0042059702762813e+00
   1.1012273768603078e+00  -9.9528447022162692e-01
   1.1089510620342429e+00  -9.8628971559582734e-01
   1.1165890078123002e+00  -9.7724314852083172e-01
   1.1241422537054577e+00  -9.6815179399586226e-01
   1.1316175532468260e+00  -9.5900963141445794e-01
   1.1390189392118963e+00  -9.4980890186961808e-01
   1.1463413533129843e+00  -9.4054941374423251e-01
   1.1535716882776867e+00  -9.3123687761634888e-01
   1.1606962575228270e+00  -9.2187223860342626e-01
   1.1677084020851309e+00  -9.1244284175163060e-01
   1.1746101276075978e+00  -9.0292510523792302e-01
   1.1814069810601340e+00  -8.9329824348049114e-01
   1.1881011062892468e+00  -8.8355846995426657e-01
   1.1946886490846107e+00  -8.7372196815284253e-01
   1.2011635344039715e+00  -8.6381385017143619e-01
   1.2075238929294965e+00  -8.5385170439730806e-01
   1.2137751206775758e+00  -8.4383650368739604e-01
   1.2199266306320509e+00  -8.3375721874440012e-01
   1.2259849980862967e+00  -8.2360411529335320e-01
   1.2319494248307115e+00  -8.1337906750479927e-01
   1.2378134524901312e+00  -8.0309463210046983e-01
   1.2435714279211330e+00  -7.9276372752272661e-01
   1.2492241187272222e+00  -7.8238966178649494e-01
   1.2547786557517249e+00  -7.7196533978532822e-01
   1.2602429352662414e+00  -7.6148198507160503e-01
   1.2656194267684859e+00  -7.5093932798314666e-01
   1.2709038373687789e+00  -7.4034821122505945e-01
   1.2760898625232757e+00  -7.2972351568635685e-01
   1.2811759628987305e+00  -7.1907383613990150e-01
   1.2861683032129350e+00  -7.0839691309428154e-01
   1.2910772084151398e+00  -6.9768439477453725e-01
   1.2959099680083379e+00  -6.8693110967191806e-01
   1.3006658849541091e+00  -6.7614019647081158e-01
   1.3053375530914408e+00  -6.6531946850182411e-01
   1.3099171393563440e+00  -6.5447253915917181e-01
   1.3144023844868999e+00  -6.4359314434732873e-01
   1.3187975035418642e+00  -6.3266836452858199e-01
   1.3231086466816890e+00  -6.2168849738480514e-01
   1.3273381681636827e+00  -6.1065522347369494e-01
   1.3314827468762680e+00  -5.9958088096290352e-01
   1.3355368298954173e+00  -5.8847915703127263e-01
   1.3394981131550965e+00  -5.7735481628702812e-01
   1.3433699862416049e+00  -5.6620089770823745e-01
   1.3471586011798833e+00  -5.5500547366413622e-01
   1.3508671039187050e+00  -5.4376210421559168e-01
   1.3544923401718507e+00  -5.3247536143194563e-01
   1.3580275274024556e+00  -5.2115743261765712e-01
   1.3614693891684204e+00  -5.0981959062608107e-01
   1.3648242310002074e+00  -4.9846638960988959e-01
   1.3681078140156062e+00  -4.8709738212978321e-01
   1.3713384708350356e+00  -4.7571390013159581e-01
   1.3745280645224869e+00  -4.6432360940481499e-01
   1.3776770062374299e+00  -4.5293752212983834e-01
   1.3807763947055709e+00  -4.4156121233002066e-01
   1.3838150213283169e+00  -4.3018781436514486e-01
   1.3867857383466971e+00  -4.1879966550325209e-01
   1.3896869268596466e+00  -4.0737854862379480e-01
   1.3925192300710345e+00  -3.9591720752150328e-01
   1.3952815251222355e+00  -3.8442339028242906e-01
   1.3979701876773258e+00  -3.7291342428082613e-01
   1.4005822020347405e+00  -3.6140048196893138e-01
   1.4031187793440472e+00  -3.4988653107811518e-01
   1.4055853657633268e+00  -3.3836348433952557e-01
   1.4079870642574264e+00  -3.2682143699944205e-01
   1.4103229307285179e+00  -3.1525656359293053e-01
   1.4125843976818138e+00  -3.0367243175104053e-01
   1.4147602852539611e+00  -2.9207468653865171e-01
   1.4168453392549172e+00  -2.8046465358340417e-01
   1.4188454079124106e+00  -2.6883769801849910e-01
   1.4207737819665953e+00  -2.5718735749629407e-01
   1.4226395533358926e+00  -2.4551098467955715e-01
   1.4244357239181789e+00  -2.3381163998143870e-01
   1.4261367815698103e+00  -2.2209488798173985e-01
   1.4277101496734561e+00  -2.1036407987615294e-01
   1.4291361464009087e+00  -1.9861896441022137e-01
   1.4304234685321529e+00  -1.8685893800376782e-01
   1.4316077335083894e+00  -1.7508737380017231e-01
   1.4327302348396695e+00  -1.6331204311885861e-01
   1.4338074169715083e+00  -1.5154025050789668e-01
   1.4348099410484454e+00  -1.3977271155577781e-01
   1.4356671559074479e+00  -1.2800220981866919e-01
   1.4362987943842351e+00  -1.1621934495983451e-01
   1.4366586183000734e+00  -1.0442118077710286e-01
   1.4367652631567593e+00  -9.2615190803587003e-02
   1.4367005177419745e+00  -8.0814145387548761e-02
   1.4365728596177134e+00  -6.9025267427959350e-02
   1.4364642505344174e+00  -5.7242629658114157e-02
   1.4363887196593430e+00  -4.5450112531372912e-02
   1.4362853296407674e+00  -3.3634004427210158e-02
   1.4360489368329747e+00  -2.1796013626646335e-02
   1.4355811687887041e+00  -9.9561337508568912e-03
   1.4348338013175790e+00   1.8579316006196683e-03
   1.4338229477528215e+00   1.3627706716281808e-02
   1.4326105686755133e+00   2.5354969332373058e-02
   1.4312680907714146e+00   3.7058879056437941e-02
   1.4298444057518378e+00   4.8761707185596220e-02
   1.4283539098598697e+00   6.0474050368411421e-02
   1.4267854728253466e+00   7.2190139905713477e-02
   1.4251207442656448e+00   8.3895419437820404e-02
   1.4233476093303399e+00   9.5578973950492307e-02
   1.4214618469424087e+00   1.0724035013714901e-01
   1.4194603921273841e+00   1.1888590153797501e-01
   1.4173351902499540e+00   1.3051897963494907e-01
   1.4150742092791468e+00   1.4213329849351283e-01
   1.4126688902269666e+00   1.5371564169573865e-01
   1.4101215520772843e+00   1.6525573857723116e-01
   1.4074464195565926e+00   1.7675483425209576e-01
   1.4046632580817975e+00   1.8822549591295284e-01
   1.4017883348862490e+00   1.9968251368653694e-01
   1.3988289962608877e+00   2.1113209419057680e-01
   1.3957847537548689e+00   2.2256780249944877e-01
   1.3926526341835286e+00   2.3397604200867250e-01
   1.3894319186753725e+00   2.4534620375715854e-01
   1.3861249998729881e+00   2.5667732751038347e-01
   1.3827349875438892e+00   2.6797662039641107e-01
   1.3792632983935471e+00   2.7925213555264655e-01
   1.3757097354841346e+00   2.9050632482601957e-01
   1.3720746094509784e+00   3.0173558583053950e-01
   1.3683602802012635e+00   3.1293518307322621e-01
   1.3645701527101692e+00   3.2410431056038819e-01
   1.3607059094629159e+00   3.3524652395105858e-01
   1.3567658607376922e+00   3.4636554632260336e-01
   1.3527465904365477e+00   3.5746096676601924e-01
   1.3486470511258106e+00   3.6852843160867726e-01
   1.3444716560204237e+00   3.7956454807880285e-01
   1.3402292556574500e+00   3.9057196525184940e-01
   1.3359281404852346e+00   4.0155943771803282e-01
   1.3315706826539988e+00   4.1253590617627878e-01
   1.3271518588974478e+00   4.2350308573522105e-01
   1.3226629601835538e+00   4.3445283431681408e-01
   1.3180976413926202e+00   4.4537190030278040e-01
   1.3134555722496157e+00   4.5625052380288000e-01
   1.3087409505905860e+00   4.6708803747715644e-01
   1.3039573823007280e+00   4.7789102209480627e-01
   1.2991035610445099e+00   4.8866575486326186e-01
   1.2941733515411302e+00   4.9941141218348478e-01
   1.2891600463787474e+00   5.1011973301792468e-01
   1.2840610252858069e+00   5.2078126858693086e-01
   1.2788788050767947e+00   5.3139271443415326e-01
   1.2736176740584895e+00   5.4195894444941983e-01
   1.2682789424005145e+00   5.5248795943794637e-01
   1.2628589866720323e+00   5.6298305935372028e-01
   1.2573517632459150e+00   5.7343892105938921e-01
   1.2517535261255202e+00   5.8384490756719742e-01
   1.2460655539792298e+00   5.9419276264403453e-01
   1.2402924424405437e+00   6.0448215600054045e-01
   1.2344374074825508e+00   6.1471946828313828e-01
   1.2284986707610375e+00   6.2491103795878766e-01
   1.2224700675983613e+00   6.3505679758116496e-01
   1.2163453491000074e+00   6.4514978127740430e-01
   1.2101224464097196e+00   6.5518182048890561e-01
   1.2038040198520259e+00   6.6515034369982251e-01
   1.1973938727275069e+00   6.7506021521747439e-01
   1.1908924179467710e+00   6.8491882011435878e-01
   1.1842951942935414e+00   6.9472844084535201e-01
   1.1775957408785951e+00   7.0448235618132715e-01
   1.1707903167571090e+00   7.1416798259203007e-01
   1.1638803492356755e+00   7.2377444457411699e-01
   1.1568705106966872e+00   7.3329828252029439e-01
   1.1497641815759081e+00   7.4274271171162876e-01
   1.1425603576763446e+00   7.5211143933721092e-01
   1.1352547703340858e+00   7.6140270611171856e-01
   1.1278442354531566e+00   7.7060893450646240e-01
   1.1203303402566760e+00   7.7972237793269372e-01
   1.1127190981489534e+00   7.8874177161636960e-01
   1.1050167255724666e+00   7.9767387429292469e-01
   1.0972251347367978e+00   8.0652802162979365e-01
   1.0893410476792134e+00   8.1530787024050311e-01
   1.0813595047561086e+00   8.2400723469906967e-01
   1.0732786871827271e+00   8.3261386489891620e-01
   1.0651017923765143e+00   8.4111856497564552e-01
   1.0568342707147433e+00   8.4952251520628530e-01
   1.0484788344945046e+00   8.5783685322212033e-01
   1.0400326831054678e+00   8.6607465442800546e-01
   1.0314895271385833e+00   8.7424153320191789e-01
   1.0228448250557269e+00   8.8233219668224361e-01
   1.0140998183898231e+00   8.9033543711357399e-01
   1.0052609858253105e+00   8.9824309916293654e-01
   9.9633557595106548e-01   9.0605513925013981e-01
   9.8732738103271434e-01   9.1377591107809353e-01
   9.7823673142285017e-01   9.2140407783365996e-01
   9.6906486724533292e-01   9.2892442668746711e-01
   9.5981866972601226e-01   9.3630959642457423e-01
   9.5051093652790186e-01   9.4353313590866916e-01
   9.4115486234978274e-01   9.5058696748608951e-01
   9.3175632519193663e-01   9.5749223049041421e-01
   9.2230978287767662e-01   9.6429569623222988e-01
   9.1280105735342132e-01   9.7105247155280749e-01
   9.0321499839903141e-01   9.7780394096865242e-01
   8.9354231125624095e-01   9.8456253112965730e-01
   8.8378076236054237e-01   9.9131040183697305e-01
   8.7393073340675420e-01   9.9801064738586887e-01
   8.6398967834574558e-01   1.0046224826211105e+00
   8.5395064229526918e-01   1.0111104909571682e+00
   8.4380620713102461e-01   1.0174429312494575e+00
   8.3355431725901874e-01   1.0235821018266091e+00
   8.2320058049696931e-01   1.0294758536294899e+00
   8.1275438047755377e-01   1.0350597112930415e+00
   8.0222117283998629e-01   1.0402731834355310e+00
   7.9159653804556362e-01   1.0450848108779123e+00
   7.8086644859711196e-01   1.0495134231163126e+00
   7.7001387816732703e-01   1.0536323849559877e+00
   7.5902785063760525e-01   1.0575505669918419e+00
   7.4791014183936577e-01   1.0613753918290145e+00
   7.3667704766086672e-01   1.0651735637829456e+00
   7.2535646818183408e-01   1.0689479604119843e+00
   7.1398176109998668e-01   1.0726421361083343e+00
   7.0258341085729892e-01   1.0761699008691372e+00
   6.9117947431883198e-01   1.0794538359143258e+00
   6.7976739260085906e-01   1.0824512811261884e+00
   6.6832194060358308e-01   1.0851530295994176e+00
   6.5680375996534290e-01   1.0875556186146957e+00
   6.4517818473438315e-01   1.0896240421000900e+00
   6.3343687152779626e-01   1.0912684565297881e+00
   6.2161035297618039e-01   1.0923514574929065e+00
   6.0976265874116986e-01   1.0927252632934252e+00
   5.9796919676858984e-01   1.0922805656082140e+00
   5.8628993352553338e-01   1.0909814862708775e+00
   5.7475357931784365e-01   1.0888687607864578e+00
   5.6336146222720207e-01   1.0860316072319895e+00
   5.5210639857913546e-01   1.0825665980759622e+00
   5.4099171875455776e-01   1.0785480601039219e+00
   5.3003643365302822e-01   1.0740250360773020e+00
   5.1926404905309909e-01   1.0690406854878431e+00
   5.0868617020196061e-01   1.0636538315376010e+00
   4.9829716045446343e-01   1.0579403821252333e+00
   4.8808824511818355e-01   1.0519666940194978e+00
   4.7807401070561750e-01   1.0457486262778324e+00
   4.6831278333362453e-01   1.0392243029407136e+00
   4.5890390794238473e-01   1.0322646745170592e+00
   4.4995909001885198e-01   1.0247246860470374e+00
   4.4156198794057616e-01   1.0165120231221219e+00
   4.3373823242583853e-01   1.0076368709542156e+00
   4.2645156552857688e-01   9.9821462182628229e-01
   4.1962565100348720e-01   9.8841966692690275e-01
   4.1317654409883192e-01   9.7841620551135133e-01
   4.0703718517681919e-01   9.6830392494403983e-01
   4.0116367507746625e-01   9.5810521501189683e-01
   3.9552632066898641e-01   9.4779410463876990e-01
   3.9009700910226308e-01   9.3734282927830503e-01
   3.8484352380789427e-01   9.2675505954294957e-01
   3.7973350829739788e-01   9.1606817291986209e-01
   3.7474289701643493e-01   9.0532973204549971e-01
   3.6986138259233770e-01   8.9456937447242024e-01
   3.6509124477510185e-01   8.8378664012698593e-01
   3.6044144704498099e-01   8.7296053559678544e-01
   3.5592164159410677e-01   8.6207014490292866e-01
   3.5153919201455741e-01   8.5110947095253431e-01
   3.4729885476665479e-01   8.4008701982409240e-01
   3.4320278854140962e-01   8.2901406383662590e-01
   3.3924949336004073e-01   8.1789385202936726e-01
   3.3543260201982084e-01   8.0672128444210978e-01
   3.3174152126593537e-01   7.9549218455107085e-01
   3.2816459840788981e-01   7.8421264624682163e-01
   3.2469308836538985e-01   7.7289920396853551e-01
   3.2132311568114813e-01   7.6156903466151027e-01
   3.1805422260624316e-01   7.5022840938907076e-01
   3.1488580187081261e-01   7.3886935898914707e-01
   3.1181434175767575e-01   7.2747761599043648e-01
   3.0883354485121634e-01   7.1604536727842816e-01
   3.0593683854302023e-01   7.0457834887584214e-01
   3.0311984418909826e-01   6.9309166414761836e-01
   3.0038067092754100e-01   6.8159818727290511e-01
   2.9771804765217813e-01   6.7009945589786502e-01
   2.9512928217660100e-01   6.5858653649639176e-01
   2.9261007434060121e-01   6.4704968383332107e-01
   2.9015637313161008e-01   6.3548817482262832e-01
   2.8776651991340491e-01   6.2391176760638900e-01
   2.8544166044317415e-01   6.1233261556098262e-01
   2.8318402877513055e-01   6.0075473072900709e-01
   2.8099465614605967e-01   5.8917016310644132e-01
   2.7887251281447845e-01   5.7756525278678983e-01
   2.7681564688515575e-01   5.6593169189959636e-01
   2.7482292285139159e-01   5.5427310970120436e-01
   2.7289435862770495e-01   5.4260184189505900e-01
   2.7102942857619061e-01   5.3092896520836919e-01
   2.6922480014412775e-01   5.1925628361629872e-01
   2.6747382294630584e-01   5.0757697678605607e-01
   2.6576879555190430e-01   4.9588389523643495e-01
   2.6410465017014489e-01   4.8417779168486180e-01
   2.6248132023322457e-01   4.7246793521699160e-01
   2.6090296345175740e-01   4.6076438286878457e-01
   2.5937468142417824e-01   4.4906868236604919e-01
   2.5789929728833716e-01   4.3737136579826513e-01
   2.5647648607081158e-01   4.2565883162300483e-01
   2.5510438232423277e-01   4.1392407363549227e-01
   2.5378166884405168e-01   4.0217227018466284e-01
   2.5250795593331671e-01   3.9041652252968878e-01
   2.5128211658202088e-01   3.7866737153953267e-01
   2.5010041074367734e-01   3.6692494278802174e-01
   2.4895667700018995e-01   3.5518018272554658e-01
   2.4784510553867309e-01   3.4342375171209344e-01
   2.4676366230144131e-01   3.3165459603424380e-01
   2.4571531738078412e-01   3.1988069367784489e-01
   2.4470575998020072e-01   3.0811149569597762e-01
   2.4373904446673114e-01   2.9634898239869817e-01
   2.4281429637957883e-01   2.8458551015557443e-01
   2.4192580635807021e-01   2.7281060229130022e-01
   2.4106625230265519e-01   2.6102080077215961e-01
   2.4023057616166563e-01   2.4922374136419201e-01
   2.3941793105202849e-01   2.3743245863473247e-01
   2.3863095749500249e-01   2.2565446079412421e-01
   2.3787367665007611e-01   2.1388491173127602e-01
   2.3714979257524810e-01   2.0211002411398044e-01
   2.3646204554058345e-01   1.9031813902328487e-01
   2.3581188974678643e-01   1.7850931797628244e-01
   2.3519868218138704e-01   1.6669537424086719e-01
   2.3461880332984814e-01   1.5489027403253733e-01
   2.3406619722721389e-01   1.4309894668395770e-01
   2.3353521319365739e-01   1.3131382958716359e-01
   2.3302449103349521e-01   1.1952184745619661e-01
   2.3253887656508002e-01   1.0771567904045368e-01
   2.3208701008778293e-01   9.5899671627426269e-02
   2.3167536846530509e-01   8.4085554557595379e-02
   2.3130281527685914e-01   7.2281960274633739e-02
   2.3096015096717129e-01   6.0487002200564556e-02
   2.3063581808479278e-01   4.8690301838869077e-02
   2.3032407140694625e-01   3.6882486729025755e-02
   2.3002947299906115e-01   2.5063653421869440e-02
   2.2976385749919856e-01   1.3243297810374444e-02
   2.2953753186013037e-01   1.4318212887897766e-03
   2.2935112483802073e-01  -1.0368799529968994e-02
   2.2919435695384546e-01  -2.2166839932704213e-02
   2.2905291312547063e-01  -3.3973458892793733e-02
   2.2891841511745853e-01  -4.5792630199150579e-02
   2.2879407264002560e-01  -5.7617345975817698e-02
   2.2869189873874959e-01  -6.9435590885627924e-02
   2.2862382380649005e-01  -8.1240934086612426e-02
   2.2859355520674038e-01  -9.3038393696756996e-02
   2.2859512295933937e-01  -1.0484026727744566e-01
   2.2861861646985096e-01  -1.1665542513858602e-01
   2.2865810884612670e-01  -1.2848140698091734e-01
   2.2871551596229145e-01  -1.4030633848433804e-01
   2.2879786798603244e-01  -1.5211913232524191e-01
   2.2891087111576383e-01  -1.6391912229794095e-01
   2.2905426343917193e-01  -1.7571666998246191e-01
   2.2922244073647957e-01  -1.8752413262914738e-01
   2.2940921277185899e-01  -1.9934505499274441e-01
   2.2961238021129052e-01  -2.1117107620140499e-01
   2.2983457661897061e-01  -2.2298930799034283e-01
   2.2971074119490920e-01  -2.2396665960191625e-01
   2.2995834195134351e-01  -2.3577618417477747e-01
   2.3023368295039498e-01  -2.4757721097519092e-01
   2.3053732703336624e-01  -2.5938343323656027e-01
   2.3086916630245571e-01  -2.7120307246370590e-01
   2.3123056652181712e-01  -2.8303099877211713e-01
   2.3162382298823125e-01  -2.9485278136557797e-01
   2.3204923916712103e-01  -3.0665736971931373e-01
   2.3250299802691729e-01  -3.1844726799454237e-01
   2.3297871989982458e-01  -3.3023697529608803e-01
   2.3347220564570390e-01  -3.4204067043416692e-01
   2.3398545702255233e-01  -3.5385975221893440e-01
   2.3452603698137139e-01  -3.6568131372790119e-01
   2.3510161855376377e-01  -3.7748925223227303e-01
   2.3571400402614423e-01  -3.8927853769708126e-01
   2.3635788555627890e-01  -4.0106004956244590e-01
   2.3702588585516318e-01  -4.1285134717532901e-01
   2.3771590934206074e-01  -4.2466105702735607e-01
   2.3843437057451994e-01  -4.3648048239550857e-01
   2.3919192455481175e-01  -4.4829014436116793e-01
   2.3999464158709230e-01  -4.6007608570580788e-01
   2.4083783330143183e-01  -4.7184202898208699e-01
   2.4170807570250755e-01  -4.8360666607834690e-01
   2.4259244297074908e-01  -4.9538800373350728e-01
   2.4348788749857661e-01  -5.0718798532761977e-01
   2.4440326990474898e-01  -5.1899066497559598e-01
   2.4535234177815038e-01  -5.3077573160977598e-01
   2.4634332504824330e-01  -5.4253593016667645e-01
   2.4737350131750735e-01  -5.5428339633799606e-01
   2.4843305332795174e-01  -5.6603933326338773e-01
   2.4951474067435261e-01  -5.7781581113814784e-01
   2.5062125178284239e-01  -5.8960534272415155e-01
   2.5176419829958435e-01  -6.0138721998672118e-01
   2.5295583005070599e-01  -6.1314507738176782e-01
   2.5420056320979051e-01  -6.2488039115299343e-01
   2.5549325922082150e-01  -6.3661020966002346e-01
   2.5682515288830454e-01  -6.4835129313872653e-01
   2.5819175445480846e-01  -6.6010487356595804e-01
   2.5959567069863310e-01  -6.7185575125989749e-01
   2.6104220568718278e-01  -6.8358668359847263e-01
   2.6253233914941493e-01  -6.9529515815918508e-01
   2.6406015153421547e-01  -7.0699706481464597e-01
   2.6561768173580935e-01  -7.1871311503234014e-01
   2.6720317048474052e-01  -7.3044938046813668e-01
   2.6882502486247412e-01  -7.4218927524993861e-01
   2.7049710505593294e-01  -7.5390500619580414e-01
   2.7222845462257728e-01  -7.6557965908535375e-01
   2.7401581020175697e-01  -7.7722134078164906e-01
   2.7584537768849199e-01  -7.8885701387134366e-01
   2.7770278672249593e-01  -8.0051087884293282e-01
   2.7958326787914423e-01  -8.1218556672900277e-01
   2.8149392323556682e-01  -8.2386213772934735e-01
   2.8344672707472657e-01  -8.3551858063850115e-01
   2.8544876269840369e-01  -8.4715024363597280e-01
   2.8749828861277682e-01  -8.5877379139604160e-01
   2.8958967802614738e-01  -8.7041084688061687e-01
   2.9172201358317978e-01  -8.8206587321922403e-01
   2.9390259453649842e-01  -8.9371870532864972e-01
   2.9614117419120600e-01  -9.0533973027259351e-01
   2.9843948785350904e-01  -9.1691546006993419e-01
   3.0078566606403651e-01  -9.2846201950306584e-01
   3.0315956425260643e-01  -9.4001355972375944e-01
   3.0554556880264855e-01  -9.5159429028236509e-01
   3.0794229620854946e-01  -9.6319793025857348e-01
   3.1036044031127225e-01  -9.7479309784332158e-01
   3.1280984043706711e-01  -9.8635113928676987e-01
   3.1528643821247787e-01  -9.9787283535021865e-01
   3.1777065716055131e-01  -1.0093901840827382e+00
   3.2023958961005583e-01  -1.0209402381243122e+00
   3.2268365177991037e-01  -1.0325324738033184e+00
   3.2511412642837068e-01  -1.0441380133264795e+00
   3.2755523389713270e-01  -1.0557113968174539e+00
   3.3002723294080349e-01  -1.0672278652331801e+00
   3.3253463588827126e-01  -1.0787050571991834e+00
   3.3506926337462462e-01  -1.0901903594452327e+00
   3.3762509410480912e-01  -1.1017239610335425e+00
   3.4021161738657685e-01  -1.1133083072159360e+00
   3.4285362314039203e-01  -1.1249089626462050e+00
   3.4557711935932917e-01  -1.1364844378198979e+00
   3.4839309833258170e-01  -1.1480173084922634e+00
   3.5129250048338923e-01  -1.1595186572492899e+00
   3.5425539780988730e-01  -1.1710033884987374e+00
   3.5726441617901389e-01  -1.1824625799178370e+00
   3.6030880138408644e-01  -1.1938638538736892e+00
   3.6337516150036181e-01  -1.2051852530308309e+00
   3.6643532557479308e-01  -1.2164537579326604e+00
   3.6944717066374189e-01  -1.2277484536310725e+00
   3.7237411674117282e-01  -1.2391543911796525e+00
   3.7521089709902811e-01  -1.2506973213768271e+00
   3.7799350781008123e-01  -1.2623132819545277e+00
   3.8078075574348735e-01  -1.2738855129508535e+00
   3.8361804329741761e-01  -1.2853271787013034e+00
   3.8651184349048162e-01  -1.2966457364521216e+00
   3.8943853646212928e-01  -1.3079330770029600e+00
   3.9238447789077602e-01  -1.3192842838996337e+00
   3.9538582237168979e-01  -1.3307116780501655e+00
   3.9853184362274929e-01  -1.3421335108459962e+00
   4.0192257998348002e-01  -1.3534588824018592e+00
   4.0561226606929496e-01  -1.3647017159062647e+00
   4.0959099080064515e-01  -1.3760097637381854e+00
   4.1383629420590129e-01  -1.3875387324046120e+00
   4.1841326688637481e-01  -1.3992174395614232e+00
   4.2355372457764001e-01  -1.4105560277628124e+00
   4.2964164983832998e-01  -1.4206592913372362e+00
   4.3708367608537924e-01  -1.4284973243737007e+00
   4.4611975637206402e-01  -1.4333200843103007e+00
   4.5667830735528769e-01  -1.4349931884020322e+00
   4.6836491256237528e-01  -1.4340603130924776e+00
   4.8059981086134457e-01  -1.4314921986033324e+00
   4.9283335472850531e-01  -1.4282648884998066e+00
   5.0472606618686411e-01  -1.4250015023182399e+00
   5.1620718440046709e-01  -1.4218558847921292e+00
   5.2740208537173461e-01  -1.4186564620770574e+00
   5.3849283432450068e-01  -1.4151748349403919e+00
   5.4960126103781937e-01  -1.4113340273498558e+00
   5.6075075850533940e-01  -1.4072454398343854e+00
   5.7190167065148145e-01  -1.4030959129458755e+00
   5.8301060902357360e-01  -1.3990000450619886e+00
   5.9406307354760968e-01  -1.3949308298942833e+00
   6.0506343805497542e-01  -1.3907616758675028e+00
   6.1600459094181625e-01  -1.3863653826045987e+00
   6.2685192362405984e-01  -1.3816854664985507e+00
   6.3755786946183990e-01  -1.3767345282754935e+00
   6.4809356613636726e-01  -1.3715409833284347e+00
   6.5846936405268119e-01  -1.3661027229790592e+00
   6.6872660637417347e-01  -1.3603889896005075e+00
   6.7890801666903433e-01  -1.3543821609315672e+00
   6.8903115493961808e-01  -1.3481151577636596e+00
   6.9908509686901654e-01  -1.3416671426890907e+00
   7.0904996192607628e-01  -1.3351201280073222e+00
   7.1892040743950136e-01  -1.3285146892132391e+00
   7.2871290792313492e-01  -1.3218431465225617e+00
   7.3845230985065902e-01  -1.3150846462284134e+00
   7.4815139589946411e-01  -1.3082493123008063e+00
   7.5780241564480810e-01  -1.3013906049440596e+00
   7.6738808392248037e-01  -1.2945727142265413e+00
   7.7690206608337808e-01  -1.2878190259196163e+00
   7.8636068355096989e-01  -1.2810849374712301e+00
   7.9579522317809781e-01  -1.2742792667807423e+00
   8.0523079864175129e-01  -1.2673194764116389e+00
   8.1466892777512911e-01  -1.2601793549164753e+00
   8.2408763560222287e-01  -1.2528948927842478e+00
   8.3345829348299216e-01  -1.2455278852723728e+00
   8.4276510236712832e-01  -1.2381189801673982e+00
   8.5201201216297495e-01  -1.2306668924988629e+00
   8.6121319538541141e-01  -1.2231461450972410e+00
   8.7037689930533768e-01  -1.2155436191229314e+00
   8.7949710821175808e-01  -1.2078808515754245e+00
   8.8855969623042297e-01  -1.2002037691330882e+00
   8.9755687969355891e-01  -1.1925501707307697e+00
   9.0649690403067718e-01  -1.1849231924108048e+00
   9.1540049124802148e-01  -1.1772922126686520e+00
   9.2428714860653849e-01  -1.1696185972737201e+00
   9.3316285316249659e-01  -1.1618835512704273e+00
   9.4201892029753165e-01  -1.1540955810485607e+00
   9.5084198682001708e-01  -1.1462739562772362e+00
   9.5962576652091047e-01  -1.1384249006670435e+00
   9.6837440319150681e-01  -1.1305318334694672e+00
   9.7709513663916858e-01  -1.1225671287938612e+00
   9.8578744730067702e-01  -1.1145136887483738e+00
   9.9443868028660465e-01  -1.1063769264274605e+00
   1.0030302079027200e+00  -1.0981774010803200e+00
   1.0115489213384303e+00  -1.0899318989615174e+00
   1.0199943423140110e+00  -1.0816404386439842e+00
   1.0283756173903578e+00  -1.0732903862897047e+00
   1.0367014018084508e+00  -1.0648728441838951e+00
   1.0449714939689227e+00  -1.0563952911606791e+00
   1.0531771345302063e+00  -1.0478779479506843e+00
   1.0613090946279848e+00  -1.0393361595530102e+00
   1.0693659587312228e+00  -1.0307639682757823e+00
   1.0773551182148848e+00  -1.0221336430573593e+00
   1.0852856171553964e+00  -1.0134126377139403e+00
   1.0931591997912293e+00  -1.0045848391510623e+00
   1.1009674265568727e+00  -9.9565953269209639e-01
   1.1086973592385150e+00  -9.8666191298483286e-01
   1.1163408510114909e+00  -9.7761401413569771e-01
   1.1238994071070791e+00  -9.6852180681882494e-01
   1.1313804759097150e+00  -9.5937755217055032e-01
   1.1387884156915207e+00  -9.5017271889188026e-01
   1.1461178675770711e+00  -9.4090808528953362e-01
   1.1533550895916689e+00  -9.3159134258811893e-01
   1.1604859914336805e+00  -9.2222479358416865e-01
   1.1675040763677529e+00  -9.1279538863031973e-01
   1.1744118967109889e+00  -9.0327773362603370e-01
   1.1812154066146461e+00  -8.9364930597520509e-01
   1.1879166219082089e+00  -8.8390602328824175e-01
   1.1945111069084684e+00  -8.7406531207285965e-01
   1.2009922357979352e+00  -8.6415387069349825e-01
   1.2073580796525134e+00  -8.5418980693014168e-01
   1.2136145030174472e+00  -8.4417314325934045e-01
   1.2197715026081331e+00  -8.3409134210802560e-01
   1.2258358530604274e+00  -8.2393398524354777e-01
   1.2318064157868172e+00  -8.1370370956594673e-01
   1.2376761658601645e+00  -8.0341460923623642e-01
   1.2434391571559951e+00  -7.9308056027975604e-01
   1.2490963873200931e+00  -7.8270441150274128e-01
   1.2546555298623325e+00  -7.7227760135050871e-01
   1.2601248591911975e+00  -7.6179016391591692e-01
   1.2655067336603758e+00  -7.5124194497131425e-01
   1.2707963649273923e+00  -7.4064508702344944e-01
   1.2759870025289684e+00  -7.3001580749676687e-01
   1.2810770910595277e+00  -7.1936291444206457e-01
   1.2860732097587260e+00  -7.0868307770893568e-01
   1.2909861608276756e+00  -6.9796655693347776e-01
   1.2958233667580306e+00  -6.8720771048042062e-01
   1.3005838268500405e+00  -6.7641055003347683e-01
   1.3052596868808219e+00  -6.6558435429543783e-01
   1.3098429308416077e+00  -6.5473353040517113e-01
   1.3143315450961457e+00  -6.4385125952231403e-01
   1.3187301967590639e+00  -6.3292320768356880e-01
   1.3230452887367610e+00  -6.2193861548065965e-01
   1.3272789999259325e+00  -6.1089934908510024e-01
   1.3314275546456076e+00  -5.9981897326388844e-01
   1.3354850602180230e+00  -5.8871235133107025e-01
   1.3394492810586431e+00  -5.7758435483081394e-01
   1.3433240215845104e+00  -5.6642699444461508e-01
   1.3471158344240488e+00  -5.5522710173502510e-01
   1.3508279067766269e+00  -5.4397787109154183e-01
   1.3544567320095953e+00  -5.3268468429161209e-01
   1.3579950803081153e+00  -5.2136097711525120e-01
   1.3614395006009692e+00  -5.1001859645777059e-01
   1.3647965181342820e+00  -4.9866148775128749e-01
   1.3680822916234960e+00  -4.8728795066880132e-01
   1.3713153778624572e+00  -4.7589852837409879e-01
   1.3745075173373289e+00  -4.6450126878522147e-01
   1.3776588019415874e+00  -4.5310842799777412e-01
   1.3807601422942237e+00  -4.4172663368149823e-01
   1.3838004768262808e+00  -4.3034900255832687e-01
   1.3867730327016803e+00  -4.1895682811498125e-01
   1.3896764681256384e+00  -4.0753073937782819e-01
   1.3925113508299269e+00  -3.9606319790195849e-01
   1.3952761754848331e+00  -3.8456274250884837e-01
   1.3979669408326132e+00  -3.7304683200012717e-01
   1.4005805719213329e+00  -3.6152910430090696e-01
   1.4031185819827419e+00  -3.5001092959134977e-01
   1.4055868197616506e+00  -3.3848310757823652e-01
   1.4079905513703084e+00  -3.2693510037771040e-01
   1.4103286270672499e+00  -3.1536349079323350e-01
   1.4125920904978240e+00  -3.0377293397785649e-01
   1.4147695236124951e+00  -2.9216988219135265e-01
   1.4168557786974727e+00  -2.8055547845692902e-01
   1.4188570496468993e+00  -2.6892407738671531e-01
   1.4207869089473373e+00  -2.5726826424269805e-01
   1.4226544324470223e+00  -2.4558532728777460e-01
   1.4244523397173550e+00  -2.3387919865539608e-01
   1.4261548260756409e+00  -2.2215648066466737e-01
   1.4277292594867559e+00  -2.1042081909209076e-01
   1.4291561638036228e+00  -1.9867126155486212e-01
   1.4304444942194980e+00  -1.8690612777068671e-01
   1.4316299352805384e+00  -1.7512828349955023e-01
   1.4327535972885950e+00  -1.6334600408866587e-01
   1.4338316643737523e+00  -1.5156766636570304e-01
   1.4348347017494762e+00  -1.3979469111259071e-01
   1.4356922139555235e+00  -1.2801959188884146e-01
   1.4363241955626149e+00  -1.1623196953694136e-01
   1.4366845327879925e+00  -1.0442803843166006e-01
   1.4367917312435103e+00  -9.2615310289803979e-02
   1.4367273131516940e+00  -8.0807436787838402e-02
   1.4365995973937555e+00  -6.9012584845147315e-02
   1.4364906398341879e+00  -5.7225007009031596e-02
   1.4364147231193789e+00  -4.5427850515530541e-02
   1.4363110704452684e+00  -3.3606412216295005e-02
   1.4360744259671103e+00  -2.1762029420099093e-02
   1.4356061010771162e+00  -9.9152754981519896e-03
   1.4348576257125696e+00   1.9051225618854910e-03
   1.4338451832738628e+00   1.3680120114085027e-02
   1.4326311135692604e+00   2.5411881934126548e-02
   1.4312872586426595e+00   3.7120576878092233e-02
   1.4298626398490475e+00   4.8829231096320681e-02
   1.4283713946069820e+00   6.0548287702646406e-02
   1.4268019508451553e+00   7.2271053080705291e-02
   1.4251356784124543e+00   8.3982078966293852e-02
   1.4233605441508137e+00   9.5670359011169645e-02
   1.4214726644213644e+00   1.0733621240242500e-01
   1.4194692569665133e+00   1.1898693920883512e-01
   1.4173422515867851e+00   1.3062617740657470e-01
   1.4150793338698175e+00   1.4224702008847498e-01
   1.4126716686461809e+00   1.5383527535885178e-01
   1.4101215762088493e+00   1.6538020798272715e-01
   1.4074435892163311e+00   1.7688352691310019e-01
   1.4046578455868175e+00   1.8835879409924267e-01
   1.4017807430804643e+00   1.9982145907122320e-01
   1.3988194084270629e+00   2.1127747331739524e-01
   1.3957729662796121e+00   2.2271944555973755e-01
   1.3926382067656005e+00   2.3413294258383754e-01
   1.3894145084906646e+00   2.4550735496469217e-01
   1.3861045959711535e+00   2.5684255131598183e-01
   1.3827118552084954e+00   2.6814667809325399e-01
   1.3792376946471838e+00   2.7942803441806102e-01
   1.3756816476049782e+00   2.9068843006431766e-01
   1.3720437374197212e+00   3.0192330582067312e-01
   1.3683262655022090e+00   3.1312748782007305e-01
   1.3645328444353821e+00   3.2430061719729386e-01
   1.3606654366359101e+00   3.3544717297472776e-01
   1.3567224594743239e+00   3.4657146267179112e-01
   1.3527003520084520e+00   3.5767281917514171e-01
   1.3485978198453614e+00   3.6874603882776780e-01
   1.3444191629730937e+00   3.7978705317214073e-01
   1.3401733577590345e+00   3.9079861479649403e-01
   1.3358689392415171e+00   4.0179026668459078e-01
   1.3315084073835390e+00   4.1277171340747248e-01
   1.3270866145351070e+00   4.2374471371222955e-01
   1.3225945660926695e+00   4.3470038538517969e-01
   1.3180257107992024e+00   4.4562458397740612e-01
   1.3133797693857916e+00   4.5650727937994739e-01
   1.3086612032468423e+00   4.6734839520223181e-01
   1.3038738636756273e+00   4.7815545282939026e-01
   1.2990164559514386e+00   4.8893520176460864e-01
   1.2940826112673147e+00   4.9968641177100664e-01
   1.2890653468191888e+00   5.1039989258840268e-01
   1.2839619649137624e+00   5.2106555652677433e-01
   1.2787751693487279e+00   5.3168030970580193e-01
   1.2735095354719881e+00   5.4224990197233058e-01
   1.2681665105970703e+00   5.5278310782914464e-01
   1.2627423424162616e+00   5.6328321797454473e-01
   1.2572307106544658e+00   5.7374411916655521e-01
   1.2516276913588400e+00   5.8415428854760099e-01
   1.2459346402604226e+00   5.9450525962194367e-01
   1.2401564136675354e+00   6.0479735192014628e-01
   1.2342964368556726e+00   6.1503789183101676e-01
   1.2283528993938231e+00   6.2523363832188172e-01
   1.2223193864360709e+00   6.3538405737282366e-01
   1.2161893970469246e+00   6.4548124246974092e-01
   1.2099608267741553e+00   6.5551643665201753e-01
   1.2036365448071862e+00   6.6548734825844924e-01
   1.1972206212630097e+00   6.7539974184689944e-01
   1.1907135577541206e+00   6.8526172531892515e-01
   1.1841107262168542e+00   6.9507547528078495e-01
   1.1774053922684431e+00   7.0483340310190612e-01
   1.1705936780892305e+00   7.1452202860964853e-01
   1.1636771338793066e+00   7.2413031374798253e-01
   1.1566607102748663e+00   7.3365550132149315e-01
   1.1495479831828117e+00   7.4310175876152051e-01
   1.1423379002870389e+00   7.5247317079841081e-01
   1.1350259587294613e+00   7.6176746775267878e-01
   1.1276087764143925e+00   7.7097614518501623e-01
   1.1200879661414085e+00   7.8009095461974853e-01
   1.1124697752324355e+00   7.8911102283355061e-01
   1.1047606579258029e+00   7.9804406774426817e-01
   1.0969625567704411e+00   8.0690010728210904e-01
   1.0890719871887733e+00   8.1568257952527190e-01
   1.0810837250348988e+00   8.2438433689516155e-01
   1.0729958574509377e+00   8.3299224708679853e-01
   1.0648117323572608e+00   8.4149709880958234e-01
   1.0565370493684048e+00   8.4990098452310359e-01
   1.0481746340527447e+00   8.5821614254383427e-01
   1.0397215510918085e+00   8.6645601684842444e-01
   1.0311712419980079e+00   8.7462554423116579e-01
   1.0225190026043420e+00   8.8271827883601750e-01
   1.0137661737083843e+00   8.9072235749063833e-01
   1.0049195284813468e+00   8.9863000113776037e-01
   9.9598657838572047e-01   9.0644219041014629e-01
   9.8697116497271631e-01   9.1416395821392915e-01
   9.7787347947021130e-01   9.2179355552538178e-01
   9.6869463700336700e-01   9.2931445304733562e-01
   9.5944158973061378e-01   9.3669811414385751e-01
   9.5012737647242607e-01   9.4391814985186884e-01
   9.4076537071561561e-01   9.5096803224566662e-01
   9.3136132687295869e-01   9.5787108080273198e-01
   9.2190925699763293e-01   9.6467551057748213e-01
   9.1239446487468723e-01   9.7143625007234458e-01
   9.0280154284362557e-01   9.7819309360835760e-01
   8.9312134390541176e-01   9.8495655394653481e-01
   8.8335201912394845e-01   9.9170767352670397e-01
   8.7349422830371415e-01   9.9840958010400105e-01
   8.6354536819434324e-01   1.0050221053298583e+00
   8.5349817293320218e-01   1.0115100890417157e+00
   8.4334498138494574e-01   1.0178411366880464e+00
   8.3308384219627729e-01   1.0239762293430208e+00
   8.2272079469598924e-01   1.0298620637597073e+00
   8.1226565436972920e-01   1.0354339925743803e+00
   8.0172393359283378e-01   1.0406326520024007e+00
   7.9109078767677499e-01   1.0454287263550646e+00
   7.8035155963502789e-01   1.0498435563407946e+00
   7.6948886702580910e-01   1.0539526727060979e+00
   7.5849198712566612e-01   1.0578661588090299e+00
   7.4736351517220490e-01   1.0616912719132794e+00
   7.3612074250829240e-01   1.0654930629591133e+00
   7.2479225890403731e-01   1.0692716716933239e+00
   7.1341150376654927e-01   1.0729678037049550e+00
   7.0200842255978047e-01   1.0764935264200481e+00
   6.9060012028463347e-01   1.0797715682321631e+00
   6.7918297372698833e-01   1.0827610341773630e+00
   6.6773090199900298e-01   1.0854547367637373e+00
   6.5620422023332259e-01   1.0878497803685305e+00
   6.4456871974363583e-01   1.0899093687421417e+00
   6.3281732612148744e-01   1.0915401628979717e+00
   6.2098229857899567e-01   1.0926015176673163e+00
   6.0912915288543878e-01   1.0929447418130285e+00
   5.9733382311087413e-01   1.0924627753702474e+00
   5.8565555740430242e-01   1.0911241367914681e+00
   5.7412151315419235e-01   1.0889738961004698e+00
   5.6273153972317858e-01   1.0861035710033811e+00
   5.5147787106320234e-01   1.0826095059442988e+00
   5.4036430877712005e-01   1.0785644449525200e+00
   5.2941076365359208e-01   1.0740163577638435e+00
   5.1864114719417009e-01   1.0690089828052169e+00
   5.0806651238867795e-01   1.0636029540483001e+00
   4.9768015355036366e-01   1.0578755536718172e+00
   4.8747280059737225e-01   1.0518923832762881e+00
   4.7746003543150722e-01   1.0456659659806444e+00
   4.6770262222513848e-01   1.0391297429399966e+00
   4.5830263381281960e-01   1.0321508926649261e+00
   4.4937321009845427e-01   1.0245834652516819e+00
   4.4099717622685652e-01   1.0163376705956177e+00
   4.3319736255733921e-01   1.0074284740439505e+00
   4.2593413037284339e-01   9.9797611118245255e-01
   4.1912875211567358e-01   9.8815783827701864e-01
   4.1269666648493647e-01   9.7813784918750968e-01
   4.0657160916540719e-01   9.6801351871265517e-01
   4.0071081444134049e-01   9.5780416859518192e-01
   3.9508512331803919e-01   9.4748163281345721e-01
   3.8966616578517638e-01   9.3701769385560552e-01
   3.8442119843854727e-01   9.2641708454970417e-01
   3.7931774991831302e-01   9.1571872800497578e-01
   3.7433231377621701e-01   9.0497107955769018e-01
   3.6945550269242805e-01   8.9420345739011975e-01
   3.6469031777429062e-01   8.8341415515211641e-01
   3.6004591852367840e-01   8.7258085601539359e-01
   3.5553175254819197e-01   8.6168204385816705e-01
   3.5115496515771200e-01   8.5071206986898140e-01
   3.4692034593031956e-01   8.3968029920195042e-01
   3.4283025887479207e-01   8.2859865932234467e-01
   3.3888327847326449e-01   8.1747041149447808e-01
   3.3507278052924910e-01   8.0628996116579055e-01
   3.3138770415639929e-01   7.9505267143977176e-01
   3.2781607067862362e-01   7.8376467180358500e-01
   3.2434922099239721e-01   7.7244301543807781e-01
   3.2098371590005098e-01   7.6110541256963138e-01
   3.1771953114280893e-01   7.4975817064557859e-01
   3.1455614318206215e-01   7.3839276150458155e-01
   3.1148972636852845e-01   7.2699418483253953e-01
   3.0851355629191324e-01   7.1555432041094180e-01
   3.0562088589220715e-01   7.0407929210994158e-01
   3.0280754768171375e-01   6.9258498287240788e-01
   3.0007204460043013e-01   6.8108480222208612e-01
   2.9741333300589495e-01   6.6958013905928948e-01
   2.9482859677881895e-01   6.5806135585183334e-01
   2.9231319592892813e-01   6.4651804044235250e-01
   2.8986285079898227e-01   6.3494939461814515e-01
   2.8747601007498969e-01   6.2336573648951199e-01
   2.8515418843636992e-01   6.1177990716114428e-01
   2.8289994745692787e-01   6.0019611125289130e-01
   2.8071434207945839e-01   5.8860589838921507e-01
   2.7859606673455212e-01   5.7699482334073604e-01
   2.7654284995529571e-01   5.6535418071987142e-01
   2.7455346348976095e-01   5.5368795175817043e-01
   2.7262810249718633e-01   5.4200930762616006e-01
   2.7076647393620668e-01   5.3032996928734688e-01
   2.6896526685518374e-01   5.1865168140949325e-01
   2.6721757776480071e-01   5.0696694450584967e-01
   2.6551538733839664e-01   4.9526791121667130e-01
   2.6385354880951389e-01   4.8355521210943497e-01
   2.6223228000134335e-01   4.7183864200947928e-01
   2.6065620827675895e-01   4.6012892360576779e-01
   2.5913074860847252e-01   4.4842777456663135e-01
   2.5765865940416510e-01   4.3672520680080695e-01
   2.5623925227428429e-01   4.2500684025009072e-01
   2.5487030361482471e-01   4.1326532189452414e-01
   2.5355040679303792e-01   4.0150625722286271e-01
   2.5227935514158556e-01   3.8974362824708170e-01
   2.5105623854973697e-01   3.7798858606826818e-01
   2.4987732031152832e-01   3.6624108469578048e-01
   2.4873620900385049e-01   3.5449126118826729e-01
   2.4762686325939801e-01   3.4272900897583242e-01
   2.4654728542755278e-01   3.3095318441583826e-01
   2.4550079526663673e-01   3.1917239884271453e-01
   2.4449349447014923e-01   3.0739688646153585e-01
   2.4352956082835503e-01   2.9562887433550122e-01
   2.4260780240769531e-01   2.8386023206523436e-01
   2.4172194970019836e-01   2.7207972257793905e-01
   2.4086428865132820e-01   2.6028355584446067e-01
   2.4002984221725485e-01   2.4847977595820511e-01
   2.3921827591209580e-01   2.3668220019013542e-01
   2.3843281907684008e-01   2.2489876920330312e-01
   2.3767776410411348e-01   2.1312429715327932e-01
   2.3695662536688863e-01   2.0134413189332720e-01
   2.3627167819183162e-01   1.8954599004801226e-01
   2.3562397613299518e-01   1.7773013413402286e-01
   2.3501276867917284e-01   1.6590928536055227e-01
   2.3443460348868617e-01   1.5409827400680906e-01
   2.3388367769900653e-01   1.4230210016296238e-01
   2.3335450852461501e-01   1.3051238636228701e-01
   2.3284578385154811e-01   1.1871502414485664e-01
   2.3236234183936200e-01   1.0690231175138919e-01
   2.3191280085418375e-01   9.5079197263371606e-02
   2.3150356230810251e-01   8.3258486836257431e-02
   2.3113331165440579e-01   7.1449450621984462e-02
   2.3079262552784424e-01   5.9649858570645517e-02
   2.3046985390474786e-01   4.7848306507574948e-02
   2.3015944513908279e-01   3.6034598782722228e-02
   2.2986639082236715e-01   2.4208918698963206e-02
   2.2960290115261803e-01   1.2381677162101002e-02
   2.2937926954701127e-01   5.6421943789144720e-04
   2.2919563405649254e-01  -1.1241326718580771e-02
   2.2904104253155352e-01  -2.3044005895434913e-02
   2.2890082811019960e-01  -3.4855989033754378e-02
   2.2876690669353644e-01  -4.6681614253761154e-02
   2.2864328357009953e-01  -5.8513268975928408e-02
   2.2854271767365314e-01  -7.0337896834822139e-02
   2.2847728034783030e-01  -8.2148511537468313e-02
   2.2845009407636435e-01  -9.3950560866162616e-02
   2.2845430848176765e-01  -1.0575738818539086e-01
   2.2847950028518399e-01  -1.1757860459467456e-01
   2.2851997947542951e-01  -1.2941152034987610e-01
   2.2857844744443534e-01  -1.4124324469988711e-01
   2.2866264286385679e-01  -1.5306176992422313e-01
   2.2877834803318972e-01  -1.6486641976091454e-01
   2.2892469498752344e-01  -1.7666848279275327e-01
   2.2909527528977758e-01  -1.8848138433602318e-01
   2.2928351984834719e-01  -2.0030894778506864e-01
   2.2948754844665681e-01  -2.1214205099470052e-01
   2.2971074119490920e-01  -2.2396665960191597e-01
