   1.8517028630590002e-01  -2.3126269954603010e-01
   1.8513502198521578e-01  -2.4384320477270419e-01
   1.8506749229562536e-01  -2.5643684162856872e-01
   1.8502737714797088e-01  -2.6900225122349197e-01
   1.8505133331604626e-01  -2.8153266415118355e-01
   1.8511960963898738e-01  -2.9406482211993956e-01
   1.8517221225292144e-01  -3.0665010736884241e-01
   1.8516149567868970e-01  -3.1931111546545643e-01
   1.8509518799828520e-01  -3.3202115789078746e-01
   1.8503111557992385e-01  -3.4472618366157415e-01
   1.8502691520504580e-01  -3.5739227406268376e-01
   1.8508834194981891e-01  -3.7003820544935262e-01
   1.8516239215777147e-01  -3.8272333135380848e-01
   1.8518287281009216e-01  -3.9549881879657617e-01
   1.8512938325241204e-01  -4.0836326932251454e-01
   1.8504732330006585e-01  -4.2126238707228603e-01
   1.8500956567359564e-01  -4.3413567597299846e-01
   1.8505197150424826e-01  -4.4697150567778698e-01
   1.8513960408655211e-01  -4.5982198151544817e-01
   1.8519522688119638e-01  -4.7276174029610801e-01
   1.8516709244517071e-01  -4.8582375403948691e-01
   1.8507677953601481e-01  -4.9896793906772524e-01
   1.8500313781878333e-01  -5.1211286386685428e-01
   1.8501380637682782e-01  -5.2520660747878889e-01
   1.8510346339018413e-01  -5.3827622769619798e-01
   1.8519482848731950e-01  -5.5141019157008953e-01
   1.8520480373349713e-01  -5.6468480775053309e-01
   1.8511956314406974e-01  -5.7809656318155644e-01
   1.8501120688352118e-01  -5.9156148668513975e-01
   1.8497744170556066e-01  -6.0498714970768275e-01
   1.8505417360776846e-01  -6.1835817150440597e-01
   1.8517854739838349e-01  -6.3175928763736533e-01
   1.8523943027364465e-01  -6.4530995832880389e-01
   1.8517566522848986e-01  -6.5906185525458727e-01
   1.8503619919981354e-01  -6.7294841945826933e-01
   1.8494422776311875e-01  -6.8683678766255674e-01
   1.8499007137203216e-01  -7.0064481893175656e-01
   1.8514445195770313e-01  -7.1442368587925942e-01
   1.8527353317051004e-01  -7.2832761735290974e-01
   1.8525212386280770e-01  -7.4248608043866049e-01
   1.8508156856068694e-01  -7.5688348639789571e-01
   1.8490449424044972e-01  -7.7135677159923866e-01
   1.8489026791855340e-01  -7.8572806266924233e-01
   1.8507962442818721e-01  -7.9996990707084070e-01
   1.8532554338631058e-01  -8.1425744357025898e-01
   1.8539903655677048e-01  -8.2884289509095299e-01
   1.8518952405792147e-01  -8.4383722723105004e-01
   1.8483359494494114e-01  -8.5907982323084886e-01
   1.8464271649347130e-01  -8.7422903504169902e-01
   1.8485578088128093e-01  -8.8903612197673543e-01
   1.8539938785379115e-01  -9.0360029324511992e-01
   1.8586534622702280e-01  -9.1838192350231795e-01
   1.8577202681307059e-01  -9.3391024288139257e-01
   1.8495912317346544e-01  -9.5035444775665878e-01
   1.8383854456926521e-01  -9.6725742817952165e-01
   1.8329556232144664e-01  -9.8364819322544017e-01
   1.8426618789888696e-01  -9.9849832852324549e-01
   1.8724597069950022e-01  -1.0112459331892434e+00
   1.9204280103529037e-01  -1.0220556008741071e+00
   1.9792528416634259e-01  -1.0316595135505642e+00
   2.0405292815541509e-01  -1.0409066159544760e+00
   2.0989578127881706e-01  -1.0503305570161190e+00
   2.1538431485394660e-01  -1.0600040165323965e+00
   2.2074178673041644e-01  -1.0697190083548271e+00
   2.2617751798296440e-01  -1.0792971758198966e+00
   2.3169348609222692e-01  -1.0887664892965470e+00
   2.3713404791365006e-01  -1.0982815359738007e+00
   2.4239665311058545e-01  -1.1078925581272749e+00
   2.4759063119078173e-01  -1.1173992671389854e+00
   2.5298132977689164e-01  -1.1264566481234446e+00
   2.5874213042978472e-01  -1.1348885349195021e+00
   2.6470600427474678e-01  -1.1429797440318452e+00
   2.7032588244277544e-01  -1.1515067094616653e+00
   2.7490470886669854e-01  -1.1614421931383936e+00
   2.7795632975400786e-01  -1.1735012723727434e+00
   2.7945955198530803e-01  -1.1878117698360846e+00
   2.7984204011499458e-01  -1.2039095000357081e+00
   2.7971868265052868e-01  -1.2210412675402813e+00
   2.7956975907564158e-01  -1.2385644827137172e+00
   2.7956472290407464e-01  -1.2561938629639695e+00
   2.7961453277754278e-01  -1.2739762328566484e+00
   2.7957012915430318e-01  -1.2920680340509785e+00
   2.7939892388643089e-01  -1.3105075830552977e+00
   2.7921653555097353e-01  -1.3291445132360620e+00
   2.7917769199992609e-01  -1.3477519796543811e+00
   2.7933505912924722e-01  -1.3662121971343297e+00
   2.7958381599994125e-01  -1.3846258143226795e+00
   2.7972978516766517e-01  -1.4032648981134508e+00
   2.7962184477919555e-01  -1.4224051211839843e+00
   2.7924986422578379e-01  -1.4421501408276509e+00
   2.7874840236662218e-01  -1.4623542190963581e+00
   2.7832302280030902e-01  -1.4826748606312681e+00
   2.7816776301632251e-01  -1.5027029210371949e+00
   2.7843527264112294e-01  -1.5220768488180836e+00
   2.7927085072551083e-01  -1.5405087927510275e+00
   2.8087216334923265e-01  -1.5577135957994326e+00
   2.8352209471193662e-01  -1.5732983398051295e+00
   2.8756447632025223e-01  -1.5867042541482259e+00
   2.9332756827172168e-01  -1.5972757530337571e+00
   3.0102417859718034e-01  -1.6044671686739762e+00
   3.1066365857375305e-01  -1.6081134364137304e+00
   3.2200727342641794e-01  -1.6086298923786071e+00
   3.3459075547278833e-01  -1.6070101904915743e+00
   3.4782243713591349e-01  -1.6045741780976723e+00
   3.6113669493188350e-01  -1.6025471073211248e+00
   3.7414808639803337e-01  -1.6016571217808080e+00
   3.8673505490580307e-01  -1.6019493232010218e+00
   3.9900581460417933e-01  -1.6029110287919750e+00
   4.1116036252274923e-01  -1.6038359514353133e+00
   4.2332651879297362e-01  -1.6042241447894285e+00
   4.3546828852218888e-01  -1.6040030376806940e+00
   4.4742045024274185e-01  -1.6034718866160627e+00
   4.5901940282989939e-01  -1.6030423865640957e+00
   4.7023477349197990e-01  -1.6029618294054395e+00
   4.8120737643179606e-01  -1.6031921484075036e+00
   4.9216746771295700e-01  -1.6034959760727057e+00
   5.0329320026738833e-01  -1.6036392959978394e+00
   5.1460951726061210e-01  -1.6035556798788726e+00
   5.2599390537539714e-01  -1.6033649377658545e+00
   5.3727525206169779e-01  -1.6032539600588203e+00
   5.4834726079799057e-01  -1.6033225695774418e+00
   5.5921574842446853e-01  -1.6035090611066765e+00
   5.6995668915123621e-01  -1.6036412238964219e+00
   5.8063071744579209e-01  -1.6035672876838394e+00
   5.9122652852506230e-01  -1.6032727334795507e+00
   6.0167387464124900e-01  -1.6029086253924947e+00
   6.1190752499147105e-01  -1.6027195901291227e+00
   6.2192638936429834e-01  -1.6029163441403598e+00
   6.3180399062856984e-01  -1.6035563535433599e+00
   6.4165179561886954e-01  -1.6044789304104365e+00
   6.5157378732646265e-01  -1.6053121189799411e+00
   6.6164874350670855e-01  -1.6055480899951986e+00
   6.7194228027031844e-01  -1.6046721083765936e+00
   6.8251876924048049e-01  -1.6023166042790720e+00
   6.9342452824567447e-01  -1.5983932560366527e+00
   7.0464684923072873e-01  -1.5931459847131755e+00
   7.1608643183739384e-01  -1.5870857540020500e+00
   7.2758027437786754e-01  -1.5808175934400541e+00
   7.3897430207829051e-01  -1.5748281908742621e+00
   7.5020079295996256e-01  -1.5693313268743310e+00
   7.6130432453659258e-01  -1.5642441364996089e+00
   7.7239472133643516e-01  -1.5592991842029422e+00
   7.8356041718090919e-01  -1.5542251358917518e+00
   7.9480627921673086e-01  -1.5488959564376847e+00
   8.0606043657281479e-01  -1.5433736973037724e+00
   8.1724009156029065e-01  -1.5378356596431935e+00
   8.2832075531373717e-01  -1.5324425714993406e+00
   8.3935353175977778e-01  -1.5272329769198745e+00
   8.5041985766770145e-01  -1.5221069432526648e+00
   8.6156474515514059e-01  -1.5169048072741169e+00
   8.7276540223185084e-01  -1.5115272701050286e+00
   8.8396006211662370e-01  -1.5060152640432811e+00
   8.9510999954859138e-01  -1.5005293668890480e+00
   9.0624007892228242e-01  -1.4952312779840629e+00
   9.1742256260353183e-01  -1.4901406818125464e+00
   9.2871807225545155e-01  -1.4850742246577375e+00
   9.4012441490302523e-01  -1.4797371388968696e+00
   9.5157732689306418e-01  -1.4739398309851879e+00
   9.6300304188516128e-01  -1.4678064635172365e+00
   9.7437855674846330e-01  -1.4618068526557138e+00
   9.8574870123354563e-01  -1.4565235531374718e+00
   9.9718505322603535e-01  -1.4522348033284151e+00
   1.0087199572176027e+00  -1.4485492265580242e+00
   1.0203091361754266e+00  -1.4443532267482693e+00
   1.0318523733016189e+00  -1.4381804595731762e+00
   1.0432543198772728e+00  -1.4288578093386897e+00
   1.0544763732089715e+00  -1.4160844216982695e+00
   1.0655407518302278e+00  -1.4006032688657553e+00
   1.0764892099467560e+00  -1.3838484878291211e+00
   1.0873355653989716e+00  -1.3672640785847925e+00
   1.0980528994716552e+00  -1.3516868416370420e+00
   1.1086032015414828e+00  -1.3371340423019500e+00
   1.1189791803419005e+00  -1.3230679736389990e+00
   1.1292180231616165e+00  -1.3089087598364832e+00
   1.1393729973466262e+00  -1.2944376428814850e+00
   1.1494674443500104e+00  -1.2798541813072464e+00
   1.1594727136832295e+00  -1.2655202986128968e+00
   1.1693317130199654e+00  -1.2516387063537913e+00
   1.1790098978672992e+00  -1.2381220507017932e+00
   1.1885301512635971e+00  -1.2247244436412410e+00
   1.1979595983267004e+00  -1.2112874176533999e+00
   1.2073561376205457e+00  -1.1978734404374047e+00
   1.2167174325483288e+00  -1.1846759993684393e+00
   1.2259758082560774e+00  -1.1717998687466322e+00
   1.2350474848387845e+00  -1.1591229773997769e+00
   1.2439015922044228e+00  -1.1463823797077572e+00
   1.2525975564101057e+00  -1.1334285475996511e+00
   1.2612616073901819e+00  -1.1204314907595934e+00
   1.2700163928584780e+00  -1.1078379619572607e+00
   1.2789087316749224e+00  -1.0960668304788559e+00
   1.2878777361631877e+00  -1.0851432453331209e+00
   1.2967747416066318e+00  -1.0745400993633105e+00
   1.3054138826151647e+00  -1.0633590744778671e+00
   1.3136214540480962e+00  -1.0507449494998584e+00
   1.3212661513658539e+00  -1.0362669986543871e+00
   1.3282734569902166e+00  -1.0200376861603209e+00
   1.3346357588609954e+00  -1.0025353943808815e+00
   1.3404205085897967e+00  -9.8429858280561144e-01
   1.3457650687931826e+00  -9.6571445666681488e-01
   1.3508460891676672e+00  -9.4700953696871548e-01
   1.3558274331657063e+00  -9.2837144016884077e-01
   1.3608104401877255e+00  -9.1003895964217685e-01
   1.3658147788163011e+00  -8.9225664871523813e-01
   1.3708005563157133e+00  -8.7513557111035600e-01
   1.3757150843887020e+00  -8.5856060340097806e-01
   1.3805322882063844e+00  -8.4225106528038396e-01
   1.3852614627059034e+00  -8.2594799797138652e-01
   1.3899273485750172e+00  -8.0958674565726485e-01
   1.3945443870749750e+00  -7.9331841702195782e-01
   1.3991081356452559e+00  -7.7736516978604120e-01
   1.4036080239954292e+00  -7.6182919565261542e-01
   1.4080456166303683e+00  -7.4661008633626080e-01
   1.4124389146399206e+00  -7.3149195620976248e-01
   1.4168080826626890e+00  -7.1632035425012019e-01
   1.4211567022057303e+00  -7.0111838668476456e-01
   1.4254675628888611e+00  -6.8604840817586099e-01
   1.4297185474264822e+00  -6.7125863437980560e-01
   1.4339049490456481e+00  -6.5674921370194728e-01
   1.4380477021262870e+00  -6.4237084758092111e-01
   1.4421793504049083e+00  -6.2795268326584286e-01
   1.4463200638715741e+00  -6.1344614528825725e-01
   1.4504655078173836e+00  -5.9896064241507052e-01
   1.4545972998712478e+00  -5.8466198716776197e-01
   1.4587046334995775e+00  -5.7062149070117307e-01
   1.4627931004170938e+00  -5.5674315623551185e-01
   1.4668670181360532e+00  -5.4282711902788106e-01
   1.4708973630318649e+00  -5.2871169921485772e-01
   1.4748059065304537e+00  -5.1437396239621314e-01
   1.4784886654823162e+00  -4.9991059288582884e-01
   1.4818712751027814e+00  -4.8542720226178909e-01
   1.4849594818674066e+00  -4.7094089281249341e-01
   1.4878454943142185e+00  -4.5638254215097507e-01
   1.4906605705442946e+00  -4.4169106263372626e-01
   1.4935042949965356e+00  -4.2690705039314353e-01
   1.4963995604971079e+00  -4.1217326814325117e-01
   1.4993033424360924e+00  -3.9763384426825354e-01
   1.5021609632651056e+00  -3.8331749676407839e-01
   1.5049592050751381e+00  -3.6910888327675956e-01
   1.5077371857964801e+00  -3.5483829406064288e-01
   1.5105501270329682e+00  -3.4041709331391179e-01
   1.5134200316236430e+00  -3.2590462264200393e-01
   1.5163167974363596e+00  -3.1144927282395191e-01
   1.5191859390298885e+00  -2.9715387242608415e-01
   1.5219983050471844e+00  -2.8298076210277900e-01
   1.5247777485109657e+00  -2.6877811386633971e-01
   1.5275814349157475e+00  -2.5440482792195834e-01
   1.5304487198449919e+00  -2.3984638116299073e-01
   1.5333630401798972e+00  -2.2522168493878106e-01
   1.5362618840454678e+00  -2.1067488140861035e-01
   1.5390893132979624e+00  -1.9624517304608005e-01
   1.5418474245845808e+00  -1.8182667593168758e-01
   1.5446004460367821e+00  -1.6725260043302936e-01
   1.5474220138308394e+00  -1.5243087986591441e-01
   1.5503234394473806e+00  -1.3741426486270000e-01
   1.5532193861475674e+00  -1.2234496067341377e-01
   1.5559605635012175e+00  -1.0732275561175021e-01
   1.5584109903844996e+00  -9.2312094197190012e-02
   1.5605116076516472e+00  -7.7170064932004484e-02
   1.5622819606763165e+00  -6.1772578146207020e-02
   1.5637603806858669e+00  -4.6130500573751392e-02
   1.5649322283787055e+00  -3.0395160681357027e-02
   1.5657060290780875e+00  -1.4747079300491581e-02
   1.5659599989395661e+00   7.3824164394407086e-04
   1.5656255745366221e+00   1.6134170760641154e-02
   1.5647439999123200e+00   3.1580803471631447e-02
   1.5634508826922948e+00   4.7148952880138692e-02
   1.5618974068195919e+00   6.2767557543908586e-02
   1.5601642129895654e+00   7.8275962344569253e-02
   1.5582290337426687e+00   9.3554587634640585e-02
   1.5560091083458178e+00   1.0862093137194623e-01
   1.5534453441045899e+00   1.2360968565155186e-01
   1.5505673577811232e+00   1.3865736034655743e-01
   1.5474955935223635e+00   1.5379417024321548e-01
   1.5443832407763907e+00   1.6893738100618516e-01
   1.5413410891510539e+00   1.8398900868442822e-01
   1.5383949469807709e+00   1.9894753631020395e-01
   1.5354973307734052e+00   2.1393072679725464e-01
   1.5325768419357924e+00   2.2908628763315028e-01
   1.5295878829308942e+00   2.4446890262465318e-01
   1.5265311040991494e+00   2.5999518801207905e-01
   1.5234401483160278e+00   2.7552124357170499e-01
   1.5203519293041632e+00   2.9097793311830117e-01
   1.5172823669608519e+00   3.0644382035489731e-01
   1.5142193365663694e+00   3.2208640357540069e-01
   1.5111315033854686e+00   3.3801791414499094e-01
   1.5079852564520952e+00   3.5419199274735624e-01
   1.5047623380343076e+00   3.7043878192979796e-01
   1.5014722522686152e+00   3.8661808146941101e-01
   1.4981529270278460e+00   4.0276245941396971e-01
   1.4948537792213155e+00   4.1907996074318571e-01
   1.4916026195872178e+00   4.3579757683978509e-01
   1.4883707804588826e+00   4.5296223088491155e-01
   1.4850597718399514e+00   4.7036117305203079e-01
   1.4815266194393992e+00   4.8763591114730942e-01
   1.4776427953021842e+00   5.0451117768704556e-01
   1.4733567454526706e+00   5.2096725148225465e-01
   1.4687218602855880e+00   5.3722776029014607e-01
   1.4638699240770299e+00   5.5358112885979005e-01
   1.4589445150957665e+00   5.7018278681576229e-01
   1.4540353259282011e+00   5.8699209692018228e-01
   1.4491528168943930e+00   6.0387945446846214e-01
   1.4442533919498808e+00   6.2079609633411814e-01
   1.4392900861620781e+00   6.3785195859918409e-01
   1.4342490636423961e+00   6.5523352268874613e-01
   1.4291483381358849e+00   6.7303807912233060e-01
   1.4240078431768912e+00   6.9117786431476813e-01
   1.4188222028993884e+00   7.0944919853168575e-01
   1.4135616191757767e+00   7.2771645322431044e-01
   1.4081985523058016e+00   7.4605334172144633e-01
   1.4027332247854412e+00   7.6471043179419640e-01
   1.3971915532929766e+00   7.8392155065850344e-01
   1.3915949644201853e+00   8.0370480790113519e-01
   1.3859299088582053e+00   8.2383328223781460e-01
   1.3801492976066294e+00   8.4402156399146400e-01
   1.3742117158682572e+00   8.6419542208629385e-01
   1.3681275430808997e+00   8.8462677055246197e-01
   1.3619661367276814e+00   9.0579882068268425e-01
   1.3558019952587528e+00   9.2806011801806998e-01
   1.3496260254248151e+00   9.5128695428077192e-01
   1.3432840323125741e+00   9.7478177407578825e-01
   1.3364973336112955e+00   9.9748624659201635e-01
   1.3289701297168801e+00   1.0183914399898719e+00
   1.3205284449316306e+00   1.0369200726006385e+00
   1.3112090973627837e+00   1.0530978186726283e+00
   1.3012446656386707e+00   1.0674718794952645e+00
   1.2909539207066567e+00   1.0808664092605005e+00
   1.2806033726092811e+00   1.0941076928932023e+00
   1.2703172718712530e+00   1.1078114807635997e+00
   1.2600758274834174e+00   1.1222639832735004e+00
   1.2497837596487584e+00   1.1374007501229839e+00
   1.2393536595367671e+00   1.1528911101533261e+00
   1.2287527035999899e+00   1.1683253378227971e+00
   1.2179972070047667e+00   1.1834496512304098e+00
   1.2071169859849420e+00   1.1983320095582266e+00
   1.1961245188967977e+00   1.2133395661430655e+00
   1.1850089867547819e+00   1.2289060362360651e+00
   1.1737501828248571e+00   1.2452184700967168e+00
   1.1623335975317117e+00   1.2620446878831142e+00
   1.1507535355034819e+00   1.2788607561290160e+00
   1.1390062599095299e+00   1.2952357450462932e+00
   1.1270841063307815e+00   1.3112209895787963e+00
   1.1149772216717562e+00   1.3274370253803036e+00
   1.1026788613854450e+00   1.3447216178524297e+00
   1.0901854861350639e+00   1.3635024225694732e+00
   1.0774895195178802e+00   1.3832834332317419e+00
   1.0645734517478833e+00   1.4026137899661910e+00
   1.0514166684078492e+00   1.4196313711469992e+00
   1.0380159880286632e+00   1.4329126865874793e+00
   1.0244057293379765e+00   1.4421533861973728e+00
   1.0106579780263398e+00   1.4482916338983225e+00
   9.9685600716860878e-01   1.4530153248367976e+00
   9.8305540853791296e-01   1.4579511986148561e+00
   9.6926035159749047e-01   1.4639946045793404e+00
   9.5543385746513620e-01   1.4711153294519710e+00
   9.4153577948126199e-01   1.4786664104994776e+00
   9.2755995381422129e-01   1.4859362867102821e+00
   9.1354151410745477e-01   1.4925913268684547e+00
   8.9952844337027160e-01   1.4987850072476308e+00
   8.8554025591207031e-01   1.5049481063570525e+00
   8.7154777888018498e-01   1.5114576411092620e+00
   8.5749154775343794e-01   1.5184099486938865e+00
   8.4332491790418684e-01   1.5256107715555032e+00
   8.2904690131910241e-01   1.5327421155308587e+00
   8.1469651615193273e-01   1.5395741256844087e+00
   8.0031044485850600e-01   1.5460980987449999e+00
   7.8587566635530315e-01   1.5525291225913891e+00
   7.7131498892164607e-01   1.5591997146510319e+00
   7.5652103180636909e-01   1.5663991979134677e+00
   7.4142008993778308e-01   1.5742120647629654e+00
   7.2602644926297044e-01   1.5824007433117810e+00
   7.1045382548900260e-01   1.5903795925548068e+00
   6.9487705320035353e-01   1.5973230637491227e+00
   6.7946443247250332e-01   1.6024144889464229e+00
   6.6431301566600998e-01   1.6051681558736091e+00
   6.4941332188928458e-01   1.6056835326951440e+00
   6.3465547513091392e-01   1.6046777530868721e+00
   6.1987464253349911e-01   1.6032281893637332e+00
   6.0492167400920149e-01   1.6023140952812862e+00
   5.8973295552031146e-01   1.6023850538820990e+00
   5.7436495211690763e-01   1.6032038856530415e+00
   5.5896488952106194e-01   1.6040742021077623e+00
   5.4367823350006028e-01   1.6043327302017776e+00
   5.2853727070412326e-01   1.6038055427683566e+00
   5.1340381622943165e-01   1.6029265394439514e+00
   4.9802143843838981e-01   1.6024213788907398e+00
   4.8216465753692483e-01   1.6027551990452480e+00
   4.6579304587439679e-01   1.6037319285092055e+00
   4.4908940646783663e-01   1.6045677025800618e+00
   4.3232268700207799e-01   1.6044519259462917e+00
   4.1560396864309396e-01   1.6032435556061995e+00
   3.9871267943550837e-01   1.6017816294889491e+00
   3.8116804826359757e-01   1.6014687883065069e+00
   3.6258104601012664e-01   1.6032410010285798e+00
   3.4311878599066009e-01   1.6064902817908824e+00
   3.2378452554816001e-01   1.6086491026879162e+00
   3.0627083945240369e-01   1.6058397068422798e+00
   2.9237517510501293e-01   1.5943883949559399e+00
   2.8324281059127676e-01   1.5724641640399535e+00
   2.7884187922446985e-01   1.5409692307544844e+00
   2.7797323530179324e-01   1.5031898022079115e+00
   2.7882339278598756e-01   1.4633921614725067e+00
   2.7976052478149710e-01   1.4251161101397112e+00
   2.7994457866784417e-01   1.3900389558117483e+00
   2.7945093922674202e-01   1.3579048645220080e+00
   2.7890427510637034e-01   1.3273906650928602e+00
   2.7889280436874681e-01   1.2972966815219338e+00
   2.7951833050276720e-01   1.2673764829177443e+00
   2.8030344412771546e-01   1.2384417973867283e+00
   2.8043651194207864e-01   1.2118466208657555e+00
   2.7915277427465829e-01   1.1887656974348211e+00
   2.7602689092923982e-01   1.1696854922245239e+00
   2.7106606550187162e-01   1.1542926743553037e+00
   2.6463395401349676e-01   1.1416822133912936e+00
   2.5730213512846384e-01   1.1306871047331588e+00
   2.4969857788612643e-01   1.1201796044820309e+00
   2.4236310625287091e-01   1.1093036513521348e+00
   2.3560336996820255e-01   1.0976478677079062e+00
   2.2938757087712291e-01   1.0853290264437445e+00
   2.2335636374638401e-01   1.0729040680267325e+00
   2.1701360298767350e-01   1.0610622609823963e+00
   2.1004951123945276e-01   1.0501830016563298e+00
   2.0262993959159864e-01   1.0399838685381746e+00
   1.9545558721669071e-01   1.0294971832863860e+00
   1.8950588344968336e-01   1.0174509101159381e+00
   1.8557781728002576e-01   1.0028787647596380e+00
   1.8387812902627612e-01   9.8561725014052592e-01
   1.8391508917127222e-01   9.6639348500670874e-01
   1.8475880589630558e-01   9.4645071462406083e-01
   1.8551102412378806e-01   9.2693998073932626e-01
   1.8570126597794026e-01   9.0843768065312791e-01
   1.8538910667091774e-01   8.9084570880484881e-01
   1.8495405127061121e-01   8.7367273714007621e-01
   1.8475165884096453e-01   8.5646313482502601e-01
   1.8487438742370857e-01   8.3908510813626269e-01
   1.8514983339045438e-01   8.2172918104521542e-01
   1.8532771427654748e-01   8.0468447745779459e-01
   1.8528522770930367e-01   7.8809603557699792e-01
   1.8509706380240115e-01   7.7187972021773632e-01
   1.8494146118517482e-01   7.5582545095468712e-01
   1.8494130651433460e-01   7.3977668372963701e-01
   1.8507390896900283e-01   7.2373718898536588e-01
   1.8521051026274238e-01   7.0783590729573065e-01
   1.8523612610711251e-01   6.9219991555064597e-01
   1.8514268431912342e-01   6.7684850565100507e-01
   1.8502295537248678e-01   6.6168820469430123e-01
   1.8498168172542082e-01   6.4659826277425014e-01
   1.8504628991692201e-01   6.3152646869376305e-01
   1.8515141995366333e-01   6.1651770684052642e-01
   1.8520304996153525e-01   6.0166109035438675e-01
   1.8516108470419942e-01   5.8700814672805146e-01
   1.8506914115214698e-01   5.7253127113993707e-01
   1.8501061005648142e-01   5.5815120132917628e-01
   1.8503403244763092e-01   5.4380353173420737e-01
   1.8511368174757264e-01   5.2948624721256554e-01
   1.8517665623413726e-01   5.1525188407381661e-01
   1.8516891433779675e-01   5.0115642483763412e-01
   1.8510106179732275e-01   4.8721062309176039e-01
   1.8503558957621072e-01   4.7337278980831776e-01
   1.8502979249862400e-01   4.5958472722924976e-01
   1.8508606881491643e-01   4.4581760221214978e-01
   1.8515233971953005e-01   4.3208983117093769e-01
   1.8516992198366125e-01   4.1844522927651834e-01
   1.8512515519183534e-01   4.0491270592957201e-01
   1.8505965752465578e-01   3.9148158197301947e-01
   1.8503185145186243e-01   3.7811093720373867e-01
   1.8506511493806493e-01   3.6476252308136181e-01
   1.8512833952383043e-01   3.5142892798230402e-01
   1.8516488102765791e-01   3.3813496598239828e-01
   1.8514310368390224e-01   3.2491342116438293e-01
   1.8508360168463403e-01   3.1177646730139713e-01
   1.8503981580450896e-01   2.9870569714418854e-01
   1.8505019302508824e-01   2.8566716565210215e-01
   1.8510457168018002e-01   2.7263771492739458e-01
   1.8515405909065075e-01   2.5962109096835512e-01
   1.8515487484388463e-01   2.4664193545774310e-01
   1.8510695397945548e-01   2.3372380540218857e-01
   1.8505338308243902e-01   2.2086935691604237e-01
   1.8504174323242922e-01   2.0805800359469848e-01
   1.8508196303295943e-01   1.9526194791775231e-01
   1.8513791473925778e-01   1.8246723991318078e-01
   1.8515981172671822e-01   1.6968325941850088e-01
   1.8512840876272602e-01   1.5693362556935450e-01
   1.8507185393691161e-01   1.4423612210480216e-01
   1.8504048817030561e-01   1.3158753033120360e-01
   1.8506212231557148e-01   1.1896516085166667e-01
   1.8511744528552285e-01   1.0634375559606331e-01
   1.8515725152278897e-01   9.3714438080432477e-02
   1.8514613168540131e-01   8.1090744096263906e-02
   1.8509389971077911e-01   6.8496807073668953e-02
   1.8504692519092425e-01   5.5946849893008459e-02
   1.8504702922219377e-01   4.3432282656713568e-02
   1.8509432449577407e-01   3.0927052498828749e-02
   1.8514695348551952e-01   1.8407477328075260e-02
   1.8515808408173381e-01   5.8708511928063029e-03
   1.8511750929203269e-01  -6.6625512001660140e-03
   1.8506096473030612e-01  -1.9166455987724623e-02
   1.8503869374712331e-01  -3.1631305300826390e-02
   1.8507087665543845e-01  -4.4073985470704645e-02
   1.8512939712006443e-01  -5.6525734789861060e-02
   1.8516237510232403e-01  -6.9007299105984368e-02
   1.8514008751051239e-01  -8.1511717452847646e-02
   1.8508169535377081e-01  -9.4009816837989785e-02
   1.8503879914987847e-01  -1.0647500144225880e-01
   1.8504991107041052e-01  -1.1890718820812786e-01
   1.8510595059034241e-01  -1.3133525585979888e-01
   1.8515761327971955e-01  -1.4379463771854847e-01
   1.8515867992379431e-01  -1.5629796365444390e-01
   1.8510728466475457e-01  -1.6882377678415122e-01
   1.8504836731164159e-01  -1.8133419600302297e-01
   1.8503444765476229e-01  -1.9380788378079858e-01
   1.8507889918554127e-01  -2.0626050496824047e-01
   1.8514321301449266e-01  -2.1873408053728313e-01
   1.8517028630589996e-01  -2.3126269954602971e-01
