   4.5796514e+00  -2.7612651e-02  -3.6205500e-04  -2.1513584e-06  -2.3111249e-06   4.0833088e-04  -4.8314100e-07   7.1265025e-05
   4.5797435e+00  -7.4088168e-02  -3.6140910e-04  -2.1864556e-05  -2.3739690e-05   4.0763202e-04  -4.6095786e-06   7.1138982e-05
   4.5799187e+00  -1.2056367e-01  -3.5969435e-04  -4.1510245e-05  -4.5097741e-05   4.0578667e-04  -8.7237638e-06   7.0801481e-05
   4.5801769e+00  -1.6703920e-01  -3.5691823e-04  -6.1035007e-05  -6.6323018e-05   4.0280081e-04  -1.2814673e-05   7.0253929e-05
   4.5805182e+00  -2.1351447e-01  -3.5309036e-04  -8.0383475e-05  -8.7353820e-05   3.9868350e-04  -1.6871408e-05   6.9498179e-05
   4.5809429e+00  -2.5998908e-01  -3.4822159e-04  -9.9498344e-05  -1.0812907e-04   3.9344706e-04  -2.0883105e-05   6.8536281e-05
   4.5814515e+00  -3.0646276e-01  -3.4232472e-04  -1.1832209e-04  -1.2858845e-04   3.8710695e-04  -2.4838890e-05   6.7370614e-05
   4.5820443e+00  -3.5293545e-01  -3.3541582e-04  -1.3679894e-04  -1.4867257e-04   3.7968163e-04  -2.8727990e-05   6.6004249e-05
   4.5827218e+00  -3.9940714e-01  -3.2751524e-04  -1.5487556e-04  -1.6832323e-04   3.7119247e-04  -3.2539914e-05   6.4441177e-05
   4.5834846e+00  -4.4587764e-01  -3.1864715e-04  -1.7250020e-04  -1.8748353e-04   3.6166370e-04  -3.6264546e-05   6.2686183e-05
   4.5843336e+00  -4.9234658e-01  -3.0883811e-04  -1.8962134e-04  -2.0609781e-04   3.5112268e-04  -3.9892041e-05   6.0744474e-05
   4.5852694e+00  -5.3881358e-01  -2.9811600e-04  -2.0618720e-04  -2.2411165e-04   3.3960001e-04  -4.3412659e-05   5.8621428e-05
   4.5862928e+00  -5.8527855e-01  -2.8651018e-04  -2.2214700e-04  -2.4147195e-04   3.2712939e-04  -4.6816751e-05   5.6322700e-05
   4.5874044e+00  -6.3174176e-01  -2.7405281e-04  -2.3745296e-04  -2.5812732e-04   3.1374726e-04  -5.0095036e-05   5.3854602e-05
   4.5886052e+00  -6.7820350e-01  -2.6078034e-04  -2.5206159e-04  -2.7402857e-04   2.9949245e-04  -5.3238967e-05   5.1224358e-05
   4.5898963e+00  -7.2466376e-01  -2.4673352e-04  -2.6593301e-04  -2.8912904e-04   2.8440602e-04  -5.6240874e-05   4.8439991e-05
   4.5912791e+00  -7.7112192e-01  -2.3195590e-04  -2.7902881e-04  -3.0338456e-04   2.6853164e-04  -5.9093668e-05   4.5509863e-05
   4.5927548e+00  -8.1757706e-01  -2.1649175e-04  -2.9130998e-04  -3.1675323e-04   2.5191594e-04  -6.1790302e-05   4.2442255e-05
   4.5943246e+00  -8.6402835e-01  -2.0038493e-04  -3.0273685e-04  -3.2919516e-04   2.3460855e-04  -6.4323436e-05   3.9245331e-05
   4.5959896e+00  -9.1047560e-01  -1.8367957e-04  -3.1327110e-04  -3.4067273e-04   2.1666158e-04  -6.6685661e-05   3.5927497e-05
   4.5977513e+00  -9.5691918e-01  -1.6642207e-04  -3.2287871e-04  -3.5115105e-04   1.9812868e-04  -6.8870179e-05   3.2497835e-05
   4.5996113e+00  -1.0033596e+00  -1.4866271e-04  -3.3153157e-04  -3.6059863e-04   1.7906435e-04  -7.0871444e-05   2.8966256e-05
   4.6015715e+00  -1.0497971e+00  -1.3045573e-04  -3.3920676e-04  -3.6898752e-04   1.5952391e-04  -7.2685248e-05   2.5343240e-05
   4.6036339e+00  -1.0962312e+00  -1.1185763e-04  -3.4588410e-04  -3.7629303e-04   1.3956404e-04  -7.4308185e-05   2.1639414e-05
   4.6058002e+00  -1.1426611e+00  -9.2925011e-05  -3.5154394e-04  -3.8249317e-04   1.1924345e-04  -7.5736945e-05   1.7865295e-05
   4.6080723e+00  -1.1890859e+00  -7.3713317e-05  -3.5616696e-04  -3.8756826e-04   9.8622954e-05  -7.6968026e-05   1.4031345e-05
   4.6104520e+00  -1.2355052e+00  -5.4277348e-05  -3.5973594e-04  -3.9150111e-04   7.7764859e-05  -7.7998098e-05   1.0148185e-05
   4.6129416e+00  -1.2819189e+00  -3.4672867e-05  -3.6223800e-04  -3.9427772e-04   5.6732012e-05  -7.8824679e-05   6.2267108e-06
   4.6155437e+00  -1.3283269e+00  -1.4957985e-05  -3.6366538e-04  -3.9588798e-04   3.5587275e-05  -7.9446519e-05   2.2780081e-06
   4.6182609e+00  -1.3747288e+00   4.8067601e-06  -3.6401439e-04  -3.9632597e-04   1.4393705e-05  -7.9863376e-05  -1.6868400e-06
   4.6210960e+00  -1.4211240e+00   2.4559690e-05  -3.6328344e-04  -3.9558974e-04  -6.7848611e-06  -8.0075401e-05  -5.6568338e-06
   4.6240515e+00  -1.4675120e+00   4.4239700e-05  -3.6147214e-04  -3.9368062e-04  -2.7883575e-05  -8.0082728e-05  -9.6209831e-06
   4.6271300e+00  -1.5138924e+00   6.3787272e-05  -3.5858235e-04  -3.9060285e-04  -4.8837140e-05  -7.9885654e-05  -1.3568212e-05
   4.6303346e+00  -1.5602652e+00   8.3144235e-05  -3.5462026e-04  -3.8636355e-04  -6.9580947e-05  -7.9485247e-05  -1.7487411e-05
   4.6336687e+00  -1.6066301e+00   1.0225271e-04  -3.4959776e-04  -3.8097317e-04  -9.0051952e-05  -7.8883844e-05  -2.1367641e-05
   4.6371360e+00  -1.6529865e+00   1.2105420e-04  -3.4353170e-04  -3.7444601e-04  -1.1018863e-04  -7.8084943e-05  -2.5198299e-05
   4.6407402e+00  -1.6993335e+00   1.3948957e-04  -3.3644167e-04  -3.6680029e-04  -1.2993005e-04  -7.7092597e-05  -2.8969077e-05
   4.6444848e+00  -1.7456696e+00   1.5750005e-04  -3.2834781e-04  -3.5805776e-04  -1.4921490e-04  -7.5910799e-05  -3.2669740e-05
   4.6483736e+00  -1.7919939e+00   1.7502837e-04  -3.1927063e-04  -3.4824314e-04  -1.6798133e-04  -7.4543394e-05  -3.6289960e-05
   4.6524105e+00  -1.8383057e+00   1.9201938e-04  -3.0923269e-04  -3.3738382e-04  -1.8616797e-04  -7.2994562e-05  -3.9819424e-05
   4.6566000e+00  -1.8846045e+00   2.0841958e-04  -2.9826095e-04  -3.2551008e-04  -2.0371531e-04  -7.1269416e-05  -4.3248169e-05
   4.6609470e+00  -1.9308899e+00   2.2417618e-04  -2.8638785e-04  -3.1265581e-04  -2.2056661e-04  -6.9374212e-05  -4.6566879e-05
   4.6654569e+00  -1.9771613e+00   2.3923666e-04  -2.7365062e-04  -2.9885883e-04  -2.3666789e-04  -6.7316051e-05  -4.9766915e-05
   4.6701346e+00  -2.0234179e+00   2.5354961e-04  -2.6008963e-04  -2.8416061e-04  -2.5196722e-04  -6.5102406e-05  -5.2840105e-05
   4.6749853e+00  -2.0696585e+00   2.6706646e-04  -2.4574717e-04  -2.6860509e-04  -2.6641422e-04  -6.2740914e-05  -5.5778585e-05
   4.6800146e+00  -2.1158819e+00   2.7974306e-04  -2.3066743e-04  -2.5223763e-04  -2.7996030e-04  -6.0239513e-05  -5.8574883e-05
   4.6852283e+00  -2.1620865e+00   2.9153927e-04  -2.1489698e-04  -2.3510493e-04  -2.9255912e-04  -5.7606645e-05  -6.1222116e-05
   4.6906329e+00  -2.2082703e+00   3.0241663e-04  -1.9848486e-04  -2.1725652e-04  -3.0416687e-04  -5.4851140e-05  -6.3713958e-05
   4.6962355e+00  -2.2544306e+00   3.1233529e-04  -1.8148172e-04  -1.9874680e-04  -3.1474184e-04  -5.1981834e-05  -6.6044205e-05
   4.7020429e+00  -2.3005655e+00   3.2125286e-04  -1.6393914e-04  -1.7963609e-04  -3.2424411e-04  -4.9007310e-05  -6.8206282e-05
   4.7080626e+00  -2.3466735e+00   3.2912692e-04  -1.4591003e-04  -1.5998904e-04  -3.3263589e-04  -4.5936180e-05  -7.0193321e-05
   4.7143022e+00  -2.3927544e+00   3.3592051e-04  -1.2745043e-04  -1.3987078e-04  -3.3988293e-04  -4.2777826e-05  -7.1999137e-05
   4.7207702e+00  -2.4388080e+00   3.4160693e-04  -1.0862133e-04  -1.1934304e-04  -3.4595615e-04  -3.9542991e-05  -7.3619616e-05
   4.7274759e+00  -2.4848328e+00   3.4617024e-04  -8.9488724e-05  -9.8463451e-05  -3.5083200e-04  -3.6243600e-05  -7.5053378e-05
   4.7344288e+00  -2.5308255e+00   3.4959987e-04  -7.0121238e-05  -7.7289373e-05  -3.5449102e-04  -3.2891763e-05  -7.6300859e-05
   4.7416386e+00  -2.5767806e+00   3.5188230e-04  -5.0586834e-05  -5.5884514e-05  -3.5691547e-04  -2.9498642e-05  -7.7362127e-05
   4.7491151e+00  -2.6226925e+00   3.5299557e-04  -3.0950972e-05  -3.4323831e-05  -3.5808797e-04  -2.6074045e-05  -7.8234903e-05
   4.7568688e+00  -2.6685566e+00   3.5291108e-04  -1.1277755e-05  -1.2692581e-05  -3.5799242e-04  -2.2627085e-05  -7.8914456e-05
   4.7649112e+00  -2.7143708e+00   3.5160277e-04   8.3668059e-06   8.9209794e-06  -3.5661679e-04  -1.9167360e-05  -7.9395804e-05
   4.7732555e+00  -2.7601344e+00   3.4905786e-04   2.7911992e-05   3.0435110e-05  -3.5395582e-04  -1.5705711e-05  -7.9676883e-05
   4.7819159e+00  -2.8058462e+00   3.4528195e-04   4.7282339e-05   5.1779864e-05  -3.5001157e-04  -1.2253955e-05  -7.9760388e-05
   4.7909069e+00  -2.8515023e+00   3.4029451e-04   6.6400369e-05   7.2894039e-05  -3.4479148e-04  -8.8238658e-06  -7.9652789e-05
   4.8002433e+00  -2.8970956e+00   3.3411745e-04   8.5189869e-05   9.3715374e-05  -3.3830575e-04  -5.4262750e-06  -7.9361068e-05
   4.8099398e+00  -2.9426169e+00   3.2676454e-04   1.0357711e-04   1.1417053e-04  -3.3056630e-04  -2.0709991e-06  -7.8889460e-05
   4.8200121e+00  -2.9880565e+00   3.1823883e-04   1.2148922e-04   1.3417180e-04  -3.2158827e-04   1.2324819e-06  -7.8238510e-05
   4.8304776e+00  -3.0334066e+00   3.0853975e-04   1.3885144e-04   1.5362287e-04  -3.1139292e-04   4.4743008e-06  -7.7407070e-05
   4.8413561e+00  -3.0786608e+00   2.9767466e-04   1.5558572e-04   1.7242962e-04  -3.0000929e-04   7.6441273e-06  -7.6395706e-05
   4.8526688e+00  -3.1238131e+00   2.8566721e-04   1.7161214e-04   1.9050860e-04  -2.8747354e-04   1.0731799e-05  -7.5209077e-05
   4.8644383e+00  -3.1688564e+00   2.7255731e-04   1.8685210e-04   2.0778763e-04  -2.7382637e-04   1.3728088e-05  -7.3855787e-05
   4.8766876e+00  -3.2137806e+00   2.5839419e-04   2.0123075e-04   2.2419937e-04  -2.5911101e-04   1.6624975e-05  -7.2346144e-05
   4.8894406e+00  -3.2585726e+00   2.4322835e-04   2.1467708e-04   2.3967301e-04  -2.4337354e-04   1.9415287e-05  -7.0689701e-05
   4.9027224e+00  -3.3032168e+00   2.2710803e-04   2.2712181e-04   2.5413039e-04  -2.2666565e-04   2.2092136e-05  -6.8894192e-05
   4.9165603e+00  -3.3476960e+00   2.1008148e-04   2.3849493e-04   2.6748810e-04  -2.0904799e-04   2.4648657e-05  -6.6966137e-05
   4.9309837e+00  -3.3919919e+00   1.9220201e-04   2.4872490e-04   2.7966294e-04  -1.9059214e-04   2.7078150e-05  -6.4912099e-05
   4.9460241e+00  -3.4360852e+00   1.7353153e-04   2.5774002e-04   2.9057617e-04  -1.7138016e-04   2.9374345e-05  -6.2739463e-05
   4.9617149e+00  -3.4799554e+00   1.5414108e-04   2.6547152e-04   3.0015459e-04  -1.5150225e-04   3.1531519e-05  -6.0456442e-05
   4.9780916e+00  -3.5235807e+00   1.3410993e-04   2.7185694e-04   3.0832995e-04  -1.3105382e-04   3.3544536e-05  -5.8071930e-05
   4.9951917e+00  -3.5669363e+00   1.1352559e-04   2.7684295e-04   3.1503942e-04  -1.1013300e-04   3.5409162e-05  -5.5595782e-05
   5.0130553e+00  -3.6099939e+00   9.2485230e-05   2.8038686e-04   3.2022796e-04  -8.8839665e-05   3.7122687e-05  -5.3039345e-05
   5.0317244e+00  -3.6527197e+00   7.1096282e-05   2.8245632e-04   3.2385010e-04  -6.7276806e-05   3.8684389e-05  -5.0415408e-05
   5.0512421e+00  -3.6950737e+00   4.9474359e-05   2.8302711e-04   3.2586876e-04  -4.5554430e-05   4.0095136e-05  -4.7737018e-05
   5.0716520e+00  -3.7370100e+00   2.7738882e-05   2.8208010e-04   3.2625139e-04  -2.3794668e-05   4.1356049e-05  -4.5015700e-05
   5.0929986e+00  -3.7784781e+00   6.0097546e-06   2.7960008e-04   3.2496745e-04  -2.1346050e-06   4.2467083e-05  -4.2260426e-05
   5.1153281e+00  -3.8194247e+00  -1.5591888e-05   2.7557875e-04   3.2199166e-04   1.9276885e-05   4.3426862e-05  -3.9478359e-05
   5.1386899e+00  -3.8597933e+00  -3.6939202e-05   2.7002225e-04   3.1731306e-04   4.0289253e-05   4.4234369e-05  -3.6677022e-05
   5.1631351e+00  -3.8995229e+00  -5.7895537e-05   2.6295970e-04   3.1094473e-04   6.0763241e-05   4.4891611e-05  -3.3866296e-05
   5.1887144e+00  -3.9385443e+00  -7.8315474e-05   2.5444714e-04   3.0292741e-04   8.0579050e-05   4.5405202e-05  -3.1058575e-05
   5.2154739e+00  -3.9767781e+00  -9.8052136e-05   2.4456326e-04   2.9332421e-04   9.9633846e-05   4.5785306e-05  -2.8266802e-05
   5.2434532e+00  -4.0141340e+00  -1.1696708e-04   2.3339831e-04   2.8221034e-04   1.1782984e-04   4.6042213e-05  -2.5501761e-05
   5.2726842e+00  -4.0505135e+00  -1.3493699e-04   2.2104323e-04   2.6966579e-04   1.3506181e-04   4.6182792e-05  -2.2770613e-05
   5.3031927e+00  -4.0858138e+00  -1.5185403e-04   2.0758574e-04   2.5577587e-04   1.5121487e-04   4.6209434e-05  -2.0077660e-05
   5.3349997e+00  -4.1199314e+00  -1.6762169e-04   1.9311602e-04   2.4063791e-04   1.6617681e-04   4.6122472e-05  -1.7426609e-05
   5.3681201e+00  -4.1527632e+00  -1.8215111e-04   1.7773703e-04   2.2436720e-04   1.7985881e-04   4.5924524e-05  -1.4822509e-05
   5.4025589e+00  -4.1842061e+00  -1.9536173e-04   1.6157082e-04   2.0709576e-04   1.9221094e-04   4.5623637e-05  -1.2271936e-05
   5.4383050e+00  -4.2141562e+00  -2.0718588e-04   1.4475433e-04   1.8896395e-04   2.0322094e-04   4.5232815e-05  -9.7814414e-06
   5.4753271e+00  -4.2425104e+00  -2.1757335e-04   1.2742614e-04   1.7011042e-04   2.1289625e-04   4.4766055e-05  -7.3556569e-06
   5.5135742e+00  -4.2691706e+00  -2.2649193e-04   1.0971184e-04   1.5066751e-04   2.2124078e-04   4.4233536e-05  -4.9965520e-06
   5.5529795e+00  -4.2940502e+00  -2.3392349e-04   9.1717005e-05   1.3076349e-04   2.2824173e-04   4.3639173e-05  -2.7042857e-06
   5.5934664e+00  -4.3170801e+00  -2.3985881e-04   7.3531566e-05   1.1052786e-04   2.3387475e-04   4.2982101e-05  -4.7880219e-07
   5.6349529e+00  -4.3382113e+00  -2.4429510e-04   5.5241414e-05   9.0092981e-05   2.3812278e-04   4.2260903e-05   1.6791520e-06
   5.6773531e+00  -4.3574151e+00  -2.4723742e-04   3.6938928e-05   6.9589658e-05   2.4099462e-04   4.1477624e-05   3.7682741e-06
   5.7205748e+00  -4.3746808e+00  -2.4870193e-04   1.8725280e-05   4.9139720e-05   2.4252959e-04   4.0638821e-05   5.7877544e-06
   5.7645188e+00  -4.3900134e+00  -2.4871725e-04   7.0371657e-07   2.8852099e-05   2.4278483e-04   3.9753122e-05   7.7379984e-06
   5.8090802e+00  -4.4034325e+00  -2.4732214e-04  -1.7030624e-05   8.8260890e-06   2.4181426e-04   3.8827201e-05   9.6202421e-06
   5.8541540e+00  -4.4149722e+00  -2.4456104e-04  -3.4396988e-05  -1.0840717e-05   2.3965360e-04   3.7863055e-05   1.1435312e-05
   5.8996423e+00  -4.4246803e+00  -2.4048106e-04  -5.1327449e-05  -3.0046651e-05   2.3632118e-04   3.6858380e-05   1.3182576e-05
   5.9454591e+00  -4.4326173e+00  -2.3513268e-04  -6.7759395e-05  -4.8687800e-05   2.3183269e-04   3.5809592e-05   1.4860034e-05
   5.9915312e+00  -4.4388520e+00  -2.2857345e-04  -8.3627790e-05  -6.6666835e-05   2.2621925e-04   3.4715268e-05   1.6465545e-05
   6.0377953e+00  -4.4434585e+00  -2.2087147e-04  -9.8862506e-05  -8.3902298e-05   2.1953649e-04   3.3577694e-05   1.7998232e-05
   6.0841938e+00  -4.4465123e+00  -2.1210529e-04  -1.1339200e-04  -1.0033122e-04   2.1185970e-04   3.2401728e-05   1.9458899e-05
   6.1306722e+00  -4.4480887e+00  -2.0236006e-04  -1.2715024e-04  -1.1590320e-04   2.0327004e-04   3.1192105e-05   2.0849085e-05
   6.1771794e+00  -4.4482626e+00  -1.9172235e-04  -1.4008217e-04  -1.3057098e-04   1.9384187e-04   2.9951273e-05   2.2169475e-05
   6.2236711e+00  -4.4471078e+00  -1.8027693e-04  -1.5214488e-04  -1.4428497e-04   1.8363878e-04   2.8679137e-05   2.3418888e-05
   6.2701115e+00  -4.4446968e+00  -1.6810700e-04  -1.6330498e-04  -1.5699593e-04   1.7271881e-04   2.7374590e-05   2.4594606e-05
   6.3164742e+00  -4.4410995e+00  -1.5529646e-04  -1.7353478e-04  -1.6866324e-04   1.6114338e-04   2.6037522e-05   2.5693744e-05
   6.3627398e+00  -4.4363817e+00  -1.4193171e-04  -1.8281001e-04  -1.7926221e-04   1.4898312e-04   2.4669887e-05   2.6714598e-05
   6.4088924e+00  -4.4306051e+00  -1.2810096e-04  -1.9111000e-04  -1.8878490e-04   1.3631745e-04   2.3275360e-05   2.7657059e-05
   6.4549177e+00  -4.4238271e+00  -1.1389159e-04  -1.9841919e-04  -1.9723456e-04   1.2322939e-04   2.1858152e-05   2.8521935e-05
   6.5008015e+00  -4.4161020e+00  -9.9387223e-05  -2.0472876e-04  -2.0461812e-04   1.0979949e-04   2.0421982e-05   2.9309880e-05
   6.5465315e+00  -4.4074811e+00  -8.4666306e-05  -2.1003698e-04  -2.1094195e-04   9.6102189e-05   1.8969794e-05   3.0020786e-05
   6.5920976e+00  -4.3980126e+00  -6.9802425e-05  -2.1434864e-04  -2.1621240e-04   8.2205361e-05   1.7504133e-05   3.0653948e-05
   6.6374927e+00  -4.3877418e+00  -5.4865397e-05  -2.1767378e-04  -2.2043875e-04   6.8172034e-05   1.6027634e-05   3.1208668e-05
   6.6827124e+00  -4.3767101e+00  -3.9921986e-05  -2.2002648e-04  -2.2363536e-04   5.4062817e-05   1.4543235e-05   3.1684701e-05
   6.7277541e+00  -4.3649553e+00  -2.5035919e-05  -2.2142394e-04  -2.2582158e-04   3.9937850e-05   1.3054090e-05   3.2082282e-05
   6.7726165e+00  -4.3525122e+00  -1.0267657e-05  -2.2188604e-04  -2.2702072e-04   2.5857609e-05   1.1563412e-05   3.2401904e-05
   6.8172990e+00  -4.3394134e+00   4.3255324e-06  -2.2143517e-04  -2.2726004e-04   1.1882220e-05   1.0074439e-05   3.2644259e-05
   6.8618015e+00  -4.3256893e+00   1.8689240e-05  -2.2009656e-04  -2.2657185e-04  -1.9305413e-06   8.5904917e-06   3.2810418e-05
   6.9061237e+00  -4.3113686e+00   3.2771838e-05  -2.1789845e-04  -2.2499373e-04  -1.5527579e-05   7.1149567e-06   3.2902008e-05
   6.9502647e+00  -4.2964782e+00   4.6525038e-05  -2.1487199e-04  -2.2256597e-04  -2.8861695e-05   5.6511631e-06   3.2921014e-05
   6.9942229e+00  -4.2810432e+00   5.9904793e-05  -2.1105067e-04  -2.1932682e-04  -4.1890756e-05   4.2022510e-06   3.2869203e-05
   7.0379972e+00  -4.2650867e+00   7.2871766e-05  -2.0646943e-04  -2.1530880e-04  -5.4575309e-05   2.7711832e-06   3.2747605e-05
   7.0815877e+00  -4.2486297e+00   8.5390767e-05  -2.0116395e-04  -2.1053920e-04  -6.6876382e-05   1.3609056e-06   3.2556561e-05
   7.1249964e+00  -4.2316917e+00   9.7429347e-05  -1.9517052e-04  -2.0504539e-04  -7.8755218e-05  -2.5512090e-08   3.2296459e-05
   7.1682271e+00  -4.2142904e+00   1.0895644e-04  -1.8852629e-04  -1.9886152e-04  -9.0175181e-05  -1.3849290e-06   3.1968699e-05
   7.2112833e+00  -4.1964421e+00   1.1994195e-04  -1.8126967e-04  -1.9203185e-04  -1.0110429e-04  -2.7143780e-06   3.1576144e-05
   7.2541670e+00  -4.1781625e+00   1.3035754e-04  -1.7344036e-04  -1.8460788e-04  -1.1151620e-04  -4.0113020e-06   3.1122676e-05
   7.2968783e+00  -4.1594663e+00   1.4017793e-04  -1.6507891e-04  -1.7664108e-04  -1.2138861e-04  -5.2735612e-06   3.0612093e-05
   7.3394157e+00  -4.1403681e+00   1.4938181e-04  -1.5622614e-04  -1.6817582e-04  -1.3070034e-04  -6.4991812e-06   3.0047130e-05
   7.3817778e+00  -4.1208817e+00   1.5795173e-04  -1.4692277e-04  -1.5924732e-04  -1.3942926e-04  -7.6860445e-06   2.9429266e-05
   7.4239654e+00  -4.1010197e+00   1.6587322e-04  -1.3720948e-04  -1.4988559e-04  -1.4755279e-04  -8.8317872e-06   2.8759405e-05
   7.4659809e+00  -4.0807931e+00   1.7313365e-04  -1.2712717e-04  -1.4012238e-04  -1.5505067e-04  -9.9339962e-06   2.8038914e-05
   7.5078279e+00  -4.0602113e+00   1.7972180e-04  -1.1671722e-04  -1.2999663e-04  -1.6190777e-04  -1.0990550e-05   2.7270293e-05
   7.5495096e+00  -4.0392829e+00   1.8562797e-04  -1.0602127e-04  -1.1955482e-04  -1.6811502e-04  -1.1999829e-05   2.6457082e-05
   7.5910273e+00  -4.0180164e+00   1.9084462e-04  -9.5080945e-05  -1.0884693e-04  -1.7366772e-04  -1.2960633e-05   2.5603183e-05
   7.6323809e+00  -3.9964203e+00   1.9536679e-04  -8.3937383e-05  -9.7920622e-05  -1.7856259e-04  -1.3871897e-05   2.4712139e-05
   7.6735695e+00  -3.9745036e+00   1.9919217e-04  -7.2631076e-05  -8.6817657e-05  -1.8279572e-04  -1.4732427e-05   2.3786823e-05
   7.7145922e+00  -3.9522747e+00   2.0232077e-04  -6.1201883e-05  -7.5573949e-05  -1.8636244e-04  -1.5540871e-05   2.2829638e-05
   7.7554494e+00  -3.9297410e+00   2.0475448e-04  -4.9689146e-05  -6.4222637e-05  -1.8925878e-04  -1.6295888e-05   2.1842936e-05
   7.7961421e+00  -3.9069088e+00   2.0649684e-04  -3.8131749e-05  -5.2797740e-05  -1.9148331e-04  -1.6996388e-05   2.0829345e-05
   7.8366716e+00  -3.8837835e+00   2.0755306e-04  -2.6568067e-05  -4.1336226e-05  -1.9303802e-04  -1.7641645e-05   1.9791809e-05
   7.8770393e+00  -3.8603698e+00   2.0793014e-04  -1.5035845e-05  -2.9877707e-05  -1.9392830e-04  -1.8231262e-05   1.8733434e-05
   7.9172458e+00  -3.8366724e+00   2.0763699e-04  -3.5720660e-06  -1.8462478e-05  -1.9416235e-04  -1.8765057e-05   1.7657328e-05
   7.9572917e+00  -3.8126965e+00   2.0668443e-04   7.7871677e-06  -7.1293399e-06  -1.9375076e-04  -1.9242983e-05   1.6566515e-05
   7.9971767e+00  -3.7884467e+00   2.0508510e-04   1.9006744e-05   4.0856279e-06  -1.9270610e-04  -1.9665101e-05   1.5463944e-05
   8.0369005e+00  -3.7639278e+00   2.0285330e-04   3.0052628e-05   1.5148989e-05  -1.9104237e-04  -2.0031560e-05   1.4352485e-05
   8.0764623e+00  -3.7391440e+00   2.0000488e-04   4.0891901e-05   2.6029047e-05  -1.8877411e-04  -2.0342529e-05   1.3234907e-05
   8.1158612e+00  -3.7140990e+00   1.9655720e-04   5.1492759e-05   3.6694895e-05  -1.8591575e-04  -2.0598133e-05   1.2113859e-05
   8.1550966e+00  -3.6887961e+00   1.9252900e-04   6.1824500e-05   4.7116038e-05  -1.8248173e-04  -2.0798465e-05   1.0991918e-05
   8.1941684e+00  -3.6632386e+00   1.8794041e-04   7.1857592e-05   5.7262655e-05  -1.7848761e-04  -2.0943716e-05   9.8716742e-06
   8.2330768e+00  -3.6374290e+00   1.8281278e-04   8.1563819e-05   6.7106150e-05  -1.7395161e-04  -2.1034369e-05   8.7558016e-06
   8.2718220e+00  -3.6113699e+00   1.7716860e-04   9.0916452e-05   7.6619503e-05  -1.6889532e-04  -2.1071309e-05   7.6470319e-06
   8.3104037e+00  -3.5850632e+00   1.7103152e-04   9.9890329e-05   8.5777176e-05  -1.6334325e-04  -2.1055756e-05   6.5480550e-06
   8.3488208e+00  -3.5585112e+00   1.6442629e-04   1.0846179e-04   9.4554759e-05  -1.5732122e-04  -2.0989057e-05   5.4614075e-06
   8.3870720e+00  -3.5317160e+00   1.5737875e-04   1.1660850e-04   1.0292876e-04  -1.5085482e-04  -2.0872486e-05   4.3894295e-06
   8.4251556e+00  -3.5046799e+00   1.4991584e-04   1.2430942e-04   1.1087681e-04  -1.4396887e-04  -2.0707184e-05   3.3343032e-06
   8.4630706e+00  -3.4774047e+00   1.4206535e-04   1.3154483e-04   1.1837829e-04  -1.3668815e-04  -2.0494267e-05   2.2981248e-06
   8.5008158e+00  -3.4498922e+00   1.3385586e-04   1.3829657e-04   1.2541470e-04  -1.2903854e-04  -2.0234986e-05   1.2829461e-06
   8.5383902e+00  -3.4221436e+00   1.2531656e-04   1.4454828e-04   1.3196973e-04  -1.2104783e-04  -1.9930812e-05   2.9076613e-07
   8.5757927e+00  -3.3941600e+00   1.1647728e-04   1.5028544e-04   1.3802873e-04  -1.1274549e-04  -1.9583368e-05  -6.7649781e-07
   8.6130214e+00  -3.3659421e+00   1.0736848e-04   1.5549528e-04   1.4357814e-04  -1.0416165e-04  -1.9194307e-05  -1.6170194e-06
   8.6500746e+00  -3.3374911e+00   9.8021175e-05   1.6016662e-04   1.4860534e-04  -9.5326236e-05  -1.8765233e-05  -2.5290450e-06
   8.6869505e+00  -3.3088078e+00   8.8466831e-05   1.6428977e-04   1.5309909e-04  -8.6268748e-05  -1.8297746e-05  -3.4108769e-06
   8.7236477e+00  -3.2798929e+00   7.8737067e-05   1.6785662e-04   1.5705020e-04  -7.7018775e-05  -1.7793561e-05  -4.2608898e-06
   8.7601646e+00  -3.2507469e+00   6.8863482e-05   1.7086085e-04   1.6045194e-04  -6.7606741e-05  -1.7254601e-05  -5.0775784e-06
   8.7964994e+00  -3.2213698e+00   5.8877608e-05   1.7329802e-04   1.6329977e-04  -5.8064218e-05  -1.6682974e-05  -5.8595999e-06
   8.8326498e+00  -3.1917619e+00   4.8811013e-05   1.7516559e-04   1.6559072e-04  -4.8423554e-05  -1.6080859e-05  -6.6057762e-06
   8.8686131e+00  -3.1619235e+00   3.8695411e-05   1.7646265e-04   1.6732282e-04  -3.8717040e-05  -1.5450388e-05  -7.3150571e-06
   8.9043864e+00  -3.1318550e+00   2.8562653e-05   1.7718977e-04   1.6849500e-04  -2.8976155e-05  -1.4793589e-05  -7.9864779e-06
   8.9399672e+00  -3.1015570e+00   1.8444546e-05   1.7734884e-04   1.6910761e-04  -1.9231306e-05  -1.4112429e-05  -8.6191445e-06
   8.9753529e+00  -3.0710294e+00   8.3726163e-06   1.7694319e-04   1.6916281e-04  -9.5121471e-06  -1.3408883e-05  -9.2122522e-06
   9.0105409e+00  -3.0402720e+00  -1.6220646e-06   1.7597777e-04   1.6866484e-04   1.5183877e-07  -1.2684979e-05  -9.7651085e-06
   9.0455285e+00  -3.0092841e+00  -1.1508924e-05   1.7445937e-04   1.6761974e-04   9.7308870e-06  -1.1942789e-05  -1.0277135e-05
   9.0803131e+00  -2.9780651e+00  -2.1257889e-05   1.7239666e-04   1.6603508e-04   1.9194922e-05  -1.1184404e-05  -1.0747849e-05
   9.1148914e+00  -2.9466142e+00  -3.0839474e-05   1.6980008e-04   1.6391988e-04   2.8513947e-05  -1.0411923e-05  -1.1176854e-05
   9.1492606e+00  -2.9149310e+00  -4.0224992e-05   1.6668160e-04   1.6128496e-04   3.7658613e-05  -9.6274712e-06  -1.1563853e-05
   9.1834174e+00  -2.8830149e+00  -4.9386771e-05   1.6305451e-04   1.5814314e-04   4.6600661e-05  -8.8332104e-06  -1.1908684e-05
   9.2173581e+00  -2.8508655e+00  -5.8298203e-05   1.5893330e-04   1.5450912e-04   5.5313050e-05  -8.0313256e-06  -1.2211336e-05
   9.2510787e+00  -2.8184824e+00  -6.6933531e-05   1.5433372e-04   1.5039880e-04   6.3769793e-05  -7.2239756e-06  -1.2471914e-05
   9.2845748e+00  -2.7858651e+00  -7.5267524e-05   1.4927283e-04   1.4582850e-04   7.1945721e-05  -6.4132472e-06  -1.2690581e-05
   9.3178420e+00  -2.7530132e+00  -8.3275306e-05   1.4376909e-04   1.4081464e-04   7.9816366e-05  -5.6011443e-06  -1.2867512e-05
   9.3508761e+00  -2.7199258e+00  -9.0932542e-05   1.3784230e-04   1.3537409e-04   8.7358068e-05  -4.7896155e-06  -1.3002912e-05
   9.3836734e+00  -2.6866019e+00  -9.8215975e-05   1.3151350e-04   1.2952517e-04   9.4548195e-05  -3.9805932e-06  -1.3097087e-05
   9.4162301e+00  -2.6530400e+00  -1.0510403e-04   1.2480486e-04   1.2328848e-04   1.0136533e-04  -3.1760064e-06  -1.3150528e-05
   9.4485422e+00  -2.6192385e+00  -1.1157717e-04   1.1773963e-04   1.1668722e-04   1.0778931e-04  -2.3777576e-06  -1.3163932e-05
   9.4806052e+00  -2.5851959e+00  -1.1761779e-04   1.1034219e-04   1.0974658e-04   1.1380120e-04  -1.5876843e-06  -1.3138152e-05
   9.5124139e+00  -2.5509112e+00  -1.2320982e-04   1.0263794e-04   1.0249282e-04   1.1938332e-04  -8.0753702e-07  -1.3074099e-05
   9.5439626e+00  -2.5163838e+00  -1.2833823e-04   9.4653168e-05   9.4952314e-05   1.2451941e-04  -3.8989113e-08  -1.2972660e-05
   9.5752457e+00  -2.4816132e+00  -1.3298881e-04   8.6414803e-05   8.7151114e-05   1.2919483e-04   7.1633313e-07  -1.2834681e-05
   9.6062575e+00  -2.4465989e+00  -1.3714824e-04   7.7950299e-05   7.9115109e-05   1.3339662e-04   1.4568249e-06  -1.2661007e-05
   9.6369921e+00  -2.4113401e+00  -1.4080441e-04   6.9287638e-05   7.0870442e-05   1.3711337e-04   2.1808978e-06  -1.2452541e-05
   9.6674439e+00  -2.3758354e+00  -1.4394675e-04   6.0455486e-05   6.2443964e-05   1.4033482e-04   2.8869944e-06  -1.2210287e-05
   9.6976070e+00  -2.3400834e+00  -1.4656650e-04   5.1483293e-05   5.3863497e-05   1.4305179e-04   3.5736112e-06  -1.1935359e-05
   9.7274756e+00  -2.3040822e+00  -1.4865688e-04   4.2401162e-05   4.5157884e-05   1.4525629e-04   4.2393220e-06  -1.1628982e-05
   9.7570437e+00  -2.2678304e+00  -1.5021307e-04   3.3239466e-05   3.6356886e-05   1.4694200e-04   4.8828027e-06  -1.1292489e-05
   9.7863053e+00  -2.2313265e+00  -1.5123218e-04   2.4028410e-05   2.7490962e-05   1.4810478e-04   5.5028547e-06  -1.0927315e-05
   9.8152535e+00  -2.1945694e+00  -1.5171311e-04   1.4797814e-05   1.8590972e-05   1.4874279e-04   6.0984162e-06  -1.0534971e-05
   9.8438812e+00  -2.1575584e+00  -1.5165633e-04   5.5772933e-06   9.6877973e-06   1.4885615e-04   6.6685461e-06  -1.0116991e-05
   9.8721807e+00  -2.1202929e+00  -1.5106369e-04  -3.6032995e-06   8.1197595e-07   1.4844638e-04   7.2123785e-06  -9.6748652e-06
   9.9001437e+00  -2.0827728e+00  -1.4993818e-04  -1.2713498e-05  -8.0065471e-06   1.4751592e-04   7.7290646e-06  -9.2100093e-06
   9.9277623e+00  -2.0449976e+00  -1.4828399e-04  -2.1722214e-05  -1.6738451e-05   1.4606813e-04   8.2177379e-06  -8.7237756e-06
   9.9550288e+00  -2.0069668e+00  -1.4610674e-04  -3.0598177e-05  -2.5354849e-05   1.4410765e-04   8.6775270e-06  -8.2175174e-06
   9.9819354e+00  -1.9686794e+00  -1.4341381e-04  -3.9310593e-05  -3.3826975e-05   1.4164106e-04   9.1076108e-06  -7.6926601e-06
   1.0008475e+01  -1.9301340e+00  -1.4021475e-04  -4.7829680e-05  -4.2125944e-05   1.3867717e-04   9.5072853e-06  -7.1507412e-06
   1.0034638e+01  -1.8913292e+00  -1.3652144e-04  -5.6126860e-05  -5.0222735e-05   1.3522704e-04   9.8760033e-06  -6.5933989e-06
   1.0060418e+01  -1.8522641e+00  -1.3234791e-04  -6.4174619e-05  -5.8088465e-05   1.3130372e-04   1.0213369e-05  -6.0223254e-06
   1.0085804e+01  -1.8129383e+00  -1.2770997e-04  -7.1946243e-05  -6.5694862e-05   1.2692188e-04   1.0519101e-05  -5.4392128e-06
   1.0110788e+01  -1.7733521e+00  -1.2262463e-04  -7.9415623e-05  -7.3014734e-05   1.2209759e-04   1.0792992e-05  -4.8457197e-06
   1.0135359e+01  -1.7335061e+00  -1.1710986e-04  -8.6557189e-05  -8.0022242e-05   1.1684820e-04   1.1034886e-05  -4.2434608e-06
   1.0159509e+01  -1.6934013e+00  -1.1118458e-04  -9.3345919e-05  -8.6692883e-05   1.1119228e-04   1.1244666e-05  -3.6340112e-06
   1.0183227e+01  -1.6530385e+00  -1.0486895e-04  -9.9757374e-05  -9.3003263e-05   1.0514964e-04   1.1422259e-05  -3.0189137e-06
   1.0206502e+01  -1.6124183e+00  -9.8184833e-05  -1.0576779e-04  -9.8930864e-05   9.8741248e-05   1.1567624e-05  -2.3996867e-06
   1.0229325e+01  -1.5715414e+00  -9.1155961e-05  -1.1135437e-04  -1.0445400e-04   9.1989394e-05   1.1680764e-05  -1.7778343e-06
   1.0251686e+01  -1.5304082e+00  -8.3807811e-05  -1.1649572e-04  -1.0955198e-04   8.4917853e-05   1.1761739e-05  -1.1548559e-06
   1.0273574e+01  -1.4890193e+00  -7.6167229e-05  -1.2117248e-04  -1.1420550e-04   7.7552108e-05   1.1810711e-05  -5.3225029e-07
   1.0294980e+01  -1.4473755e+00  -6.8262021e-05  -1.2536769e-04  -1.1839683e-04   6.9919390e-05   1.1827973e-05   8.8493115e-08
   1.0315892e+01  -1.4054781e+00  -6.0120759e-05  -1.2906677e-04  -1.2211006e-04   6.2048462e-05   1.1813950e-05   7.0591118e-07
   1.0336300e+01  -1.3633291e+00  -5.1772817e-05  -1.3225714e-04  -1.2533097e-04   5.3969174e-05   1.1769161e-05   1.3185818e-06
   1.0356192e+01  -1.3209312e+00  -4.3248513e-05  -1.3492754e-04  -1.2804700e-04   4.5711986e-05   1.1694157e-05   1.9251240e-06
   1.0375557e+01  -1.2782880e+00  -3.4579154e-05  -1.3706762e-04  -1.3024722e-04   3.7307646e-05   1.1589468e-05   2.5241844e-06
   1.0394382e+01  -1.2354032e+00  -2.5796920e-05  -1.3866777e-04  -1.3192242e-04   2.8787139e-05   1.1455604e-05   3.1144209e-06
   1.0412657e+01  -1.1922806e+00  -1.6934666e-05  -1.3971962e-04  -1.3306520e-04   2.0181866e-05   1.1293087e-05   3.6945007e-06
   1.0430370e+01  -1.1489240e+00  -8.0257762e-06  -1.4021661e-04  -1.3367008e-04   1.1523889e-05   1.1102511e-05   4.2631168e-06
   1.0447511e+01  -1.1053367e+00   8.9586548e-07  -1.4015466e-04  -1.3373354e-04   2.8460949e-06   1.0884578e-05   4.8190155e-06
   1.0464067e+01  -1.0615227e+00   9.7958989e-06  -1.3953252e-04  -1.3325402e-04  -5.8178417e-06   1.0640097e-05   5.3610187e-06
   1.0480028e+01  -1.0174861e+00   1.8639653e-05  -1.3835177e-04  -1.3223199e-04  -1.4433675e-05   1.0369958e-05   5.8880311e-06
   1.0495382e+01  -9.7323181e-01   2.7392494e-05  -1.3661653e-04  -1.3067016e-04  -2.2966920e-05   1.0075094e-05   6.3990325e-06
   1.0510119e+01  -9.2876537e-01   3.6020225e-05  -1.3433312e-04  -1.2857351e-04  -3.1383185e-05   9.7564580e-06   6.8930641e-06
   1.0524227e+01  -8.8409311e-01   4.4489289e-05  -1.3150976e-04  -1.2594935e-04  -3.9648439e-05   9.4150092e-06   7.3692140e-06
   1.0537696e+01  -8.3922198e-01   5.2766670e-05  -1.2815646e-04  -1.2280721e-04  -4.7729186e-05   9.0517100e-06   7.8266016e-06
   1.0550514e+01  -7.9415946e-01   6.0819594e-05  -1.2428507e-04  -1.1915866e-04  -5.5592574e-05   8.6675224e-06   8.2643608e-06
   1.0562671e+01  -7.4891350e-01   6.8615315e-05  -1.1990936e-04  -1.1501721e-04  -6.3206479e-05   8.2634106e-06   8.6816252e-06
   1.0574156e+01  -7.0349226e-01   7.6121257e-05  -1.1504514e-04  -1.1039834e-04  -7.0539585e-05   7.8403547e-06   9.0775267e-06
   1.0584960e+01  -6.5790408e-01   8.3305532e-05  -1.0971030e-04  -1.0531955e-04  -7.7561476e-05   7.3993766e-06   9.4512179e-06
   1.0595074e+01  -6.1215737e-01   9.0137600e-05  -1.0392489e-04  -9.9800535e-05  -8.4242739e-05   6.9415655e-06   9.8019133e-06
   1.0604489e+01  -5.6626075e-01   9.6588756e-05  -9.7711186e-05  -9.3863102e-05  -9.0555071e-05   6.4680848e-06   1.0128931e-05
   1.0613197e+01  -5.2022325e-01   1.0263225e-04  -9.1093716e-05  -8.7531119e-05  -9.6471424e-05   5.9801540e-06   1.0431709e-05
   1.0621188e+01  -4.7405452e-01   1.0824311e-04  -8.4099164e-05  -8.0830317e-05  -1.0196617e-04   5.4790106e-06   1.0709789e-05
   1.0628457e+01  -4.2776490e-01   1.1339788e-04  -7.6756096e-05  -7.3788131e-05  -1.0701533e-04   4.9658749e-06   1.0962773e-05
   1.0634994e+01  -3.8136531e-01   1.1807456e-04  -6.9094588e-05  -6.6433577e-05  -1.1159675e-04   4.4419326e-06   1.1190287e-05
   1.0640795e+01  -3.3486706e-01   1.2225281e-04  -6.1145903e-05  -5.8797157e-05  -1.1569028e-04   3.9083417e-06   1.1391957e-05
   1.0645854e+01  -2.8828167e-01   1.2591426e-04  -5.2942373e-05  -5.0910768e-05  -1.1927788e-04   3.3662512e-06   1.1567429e-05
   1.0650164e+01  -2.4162082e-01   1.2904277e-04  -4.4517473e-05  -4.2807562e-05  -1.2234374e-04   2.8168203e-06   1.1716378e-05
   1.0653723e+01  -1.9489634e-01   1.3162463e-04  -3.5905944e-05  -3.4521782e-05  -1.2487427e-04   2.2612279e-06   1.1838528e-05
   1.0656526e+01  -1.4812028e-01   1.3364847e-04  -2.7143742e-05  -2.6088569e-05  -1.2685825e-04   1.7006747e-06   1.1933647e-05
   1.0658570e+01  -1.0130485e-01   1.3510533e-04  -1.8267776e-05  -1.7543790e-05  -1.2828689e-04   1.1363841e-06   1.2001535e-05
   1.0659853e+01  -5.4462367e-02   1.3598859e-04  -9.3153853e-06  -8.9238563e-06  -1.2915384e-04   5.6960262e-07   1.2042030e-05
   1.0660373e+01  -7.6051503e-03   1.3629417e-04  -3.2416329e-07  -2.6556277e-07  -1.2945525e-04   1.5977786e-09   1.2055028e-05
   1.0660373e+01  -7.6051503e-03   1.3629417e-04  -3.2416329e-07  -2.6556277e-07  -1.2945525e-04   1.5977786e-09   1.2055028e-05
   1.0660131e+01   3.9254500e-02   1.3602053e-04   8.6684630e-06   8.3940936e-06  -1.2918976e-04  -5.6635125e-07   1.2040485e-05
   1.0659126e+01   8.6104264e-02   1.3516896e-04   1.7625048e-05   1.7018098e-05  -1.2835847e-04  -1.1329681e-06   1.1998459e-05
   1.0657359e+01   1.3293177e-01   1.3374325e-04   2.6507941e-05   2.5569602e-05  -1.2696497e-04  -1.6969929e-06   1.1929070e-05
   1.0654831e+01   1.7972464e-01   1.3174975e-04   3.5279707e-05   3.4012106e-05  -1.2501532e-04  -2.2571901e-06   1.1832490e-05
   1.0651545e+01   2.2647054e-01   1.2919721e-04   4.3903310e-05   4.2309629e-05  -1.2251809e-04  -2.8123483e-06   1.1708924e-05
   1.0647504e+01   2.7315729e-01   1.2609676e-04   5.2342636e-05   5.0426888e-05  -1.1948427e-04  -3.3612770e-06   1.1558610e-05
   1.0642713e+01   3.1977292e-01   1.2246191e-04   6.0562775e-05   5.8329484e-05  -1.1592722e-04  -3.9028044e-06   1.1381823e-05
   1.0637175e+01   3.6630558e-01   1.1830862e-04   6.8530071e-05   6.5984095e-05  -1.1186256e-04  -4.4357739e-06   1.1178887e-05
   1.0630896e+01   4.1274359e-01   1.1365509e-04   7.6212010e-05   7.3358649e-05  -1.0730815e-04  -4.9590352e-06   1.0950158e-05
   1.0623882e+01   4.5907544e-01   1.0852155e-04   8.3577147e-05   8.0422456e-05  -1.0228398e-04  -5.4714279e-06   1.0696013e-05
   1.0616139e+01   5.0529001e-01   1.0292990e-04   9.0595229e-05   8.7146307e-05  -9.6812046e-05  -5.9717642e-06   1.0416836e-05
   1.0607675e+01   5.5137672e-01   9.6903511e-05   9.7237510e-05   9.3502560e-05  -9.0916228e-05  -6.4588253e-06   1.0113036e-05
   1.0598498e+01   5.9732564e-01   9.0467320e-05   1.0347712e-04   9.9465266e-05  -8.4622056e-05  -6.9313794e-06   9.7850843e-06
   1.0588616e+01   6.4312743e-01   8.3648014e-05   1.0928931e-04   1.0501032e-04  -7.7956518e-05  -7.3882171e-06   9.4335537e-06
   1.0578036e+01   6.8877317e-01   7.6474228e-05   1.1465158e-04   1.1011566e-04  -7.0947887e-05  -7.8281876e-06   9.0591324e-06
   1.0566769e+01   7.3425413e-01   6.8976443e-05   1.1954359e-04   1.1476135e-04  -6.3625584e-05  -8.2502157e-06   8.6626073e-06
   1.0554823e+01   7.7956167e-01   6.1186522e-05   1.2394715e-04   1.1892960e-04  -5.6020068e-05  -8.6532934e-06   8.2448232e-06
   1.0542208e+01   8.2468733e-01   5.3137073e-05   1.2784614e-04   1.2260469e-04  -4.8162729e-05  -9.0364533e-06   7.8066432e-06
   1.0528936e+01   8.6962290e-01   4.4860938e-05   1.3122652e-04   1.2577289e-04  -4.0085790e-05  -9.3987425e-06   7.3489284e-06
   1.0515016e+01   9.1436060e-01   3.6391039e-05   1.3407620e-04   1.2842242e-04  -3.1822212e-05  -9.7392075e-06   6.8725394e-06
   1.0500460e+01   9.5889322e-01   2.7760555e-05   1.3638502e-04   1.3054359e-04  -2.3405601e-05  -1.0056892e-05   6.3783523e-06
   1.0485278e+01   1.0032142e+00   1.9003205e-05   1.3814463e-04   1.3212894e-04  -1.4870101e-05  -1.0350839e-05   5.8672759e-06
   1.0469482e+01   1.0473176e+00   1.0153340e-05   1.3934865e-04   1.3317333e-04  -6.2502160e-06  -1.0620098e-05   5.3402673e-06
   1.0453082e+01   1.0911983e+00   1.2457419e-06   1.3999287e-04   1.3367395e-04   2.4194425e-06  -1.0863737e-05   4.7983462e-06
   1.0436090e+01   1.1348517e+00  -7.6847635e-06   1.4007563e-04   1.3363019e-04   1.1104487e-05  -1.1080868e-05   4.2426083e-06
   1.0418516e+01   1.1782739e+00  -1.6603654e-05   1.3959809e-04   1.3304353e-04   1.9771077e-05  -1.1270687e-05   3.6742320e-06
   1.0400373e+01   1.2214610e+00  -2.5476886e-05   1.3856424e-04   1.3191740e-04   2.8386134e-05  -1.1432498e-05   3.0944699e-06
   1.0381671e+01   1.2644090e+00  -3.4270919e-05   1.3698052e-04   1.3025720e-04   3.6917380e-05  -1.1565715e-05   2.5046261e-06
   1.0362422e+01   1.3071139e+00  -4.2952746e-05   1.3485520e-04   1.2807025e-04   4.5333184e-05  -1.1669825e-05   1.9060280e-06
   1.0342638e+01   1.3495718e+00  -5.1490013e-05   1.3219777e-04   1.2536573e-04   5.3602322e-05  -1.1744328e-05   1.3000106e-06
   1.0322329e+01   1.3917788e+00  -5.9851212e-05   1.2901855e-04   1.2215456e-04   6.1693824e-05  -1.1788703e-05   6.8791831e-07
   1.0301508e+01   1.4337322e+00  -6.8005800e-05   1.2532879e-04   1.1844934e-04   6.9577031e-05  -1.1802408e-05   7.1121876e-08
   1.0280187e+01   1.4754296e+00  -7.5924178e-05   1.2114116e-04   1.1426435e-04   7.7221925e-05  -1.1784929e-05  -5.4896763e-07
   1.0258374e+01   1.5168696e+00  -8.3577577e-05   1.1647033e-04   1.0961560e-04   8.4599601e-05  -1.1735842e-05  -1.1708980e-06
   1.0236082e+01   1.5580512e+00  -9.0938038e-05   1.1133338e-04   1.0452089e-04   9.1682702e-05  -1.1654851e-05  -1.7931894e-06
   1.0213319e+01   1.5989737e+00  -9.7978608e-05   1.0574982e-04   9.8999605e-05   9.8445625e-05  -1.1541790e-05  -2.4143507e-06
   1.0190097e+01   1.6396365e+00  -1.0467372e-04   9.9741162e-05   9.3072514e-05   1.0486448e-04  -1.1396589e-05  -3.0328875e-06
   1.0166425e+01   1.6800387e+00  -1.1099955e-04   9.3330321e-05   8.6761396e-05   1.1091689e-04  -1.1219245e-05  -3.6472991e-06
   1.0142314e+01   1.7201795e+00  -1.1693415e-04   8.6541169e-05   8.0088879e-05   1.1658174e-04  -1.1009792e-05  -4.2560692e-06
   1.0117774e+01   1.7600579e+00  -1.2245724e-04   7.9398225e-05   7.3078478e-05   1.2183913e-04  -1.0768308e-05  -4.8576564e-06
   1.0092815e+01   1.7996730e+00  -1.2754980e-04   7.1926568e-05   6.5754823e-05   1.2667034e-04  -1.0494907e-05  -5.4504876e-06
   1.0067447e+01   1.8390240e+00  -1.3219379e-04   6.4151821e-05   5.8143873e-05   1.3105786e-04  -1.0189752e-05  -6.0329514e-06
   1.0041680e+01   1.8781105e+00  -1.3637213e-04   5.6100176e-05   5.0272940e-05   1.3498552e-04  -9.8530553e-06  -6.6033961e-06
   1.0015521e+01   1.9169329e+00  -1.4006896e-04   4.7798483e-05   4.2170414e-05   1.3843857e-04  -9.4851046e-06  -7.1601410e-06
   9.9889811e+00   1.9554920e+00  -1.4327022e-04   3.9274448e-05   3.3865304e-05   1.4140396e-04  -9.0863016e-06  -7.7015103e-06
   9.9620673e+00   1.9937891e+00  -1.4596401e-04   3.0556861e-05   2.5386762e-05   1.4387064e-04  -8.6571935e-06  -8.2258829e-06
   9.9347877e+00   2.0318255e+00  -1.4814078e-04   2.1675702e-05   1.6763821e-05   1.4582981e-04  -8.1984756e-06  -8.7317355e-06
   9.9071501e+00   2.0696021e+00  -1.4979312e-04   1.2661916e-05   8.0254017e-06   1.4727493e-04  -7.7109531e-06  -9.2176497e-06
   9.8791625e+00   2.1071193e+00  -1.5091544e-04   3.5468887e-06  -7.9943612e-07   1.4820129e-04  -7.1954785e-06  -9.6822717e-06
   9.8508330e+00   2.1443775e+00  -1.5150353e-04  -5.6381821e-06  -9.6811959e-06   1.4860552e-04  -6.6529017e-06  -1.0124243e-05
   9.8221699e+00   2.1813770e+00  -1.5155441e-04  -1.4862692e-05  -1.8589763e-05   1.4848520e-04  -6.0840619e-06  -1.0542144e-05
   9.7931810e+00   2.2181180e+00  -1.5106629e-04  -2.4096625e-05  -2.7494451e-05   1.4783889e-04  -5.4898231e-06  -1.0934477e-05
   9.7638738e+00   2.2546015e+00  -1.5003873e-04  -3.3310196e-05  -3.6364258e-05   1.4666655e-04  -4.8711299e-06  -1.1299711e-05
   9.7342549e+00   2.2908284e+00  -1.4847292e-04  -4.2473442e-05  -4.5168233e-05   1.4497011e-04  -4.2290503e-06  -1.1636337e-05
   9.7043307e+00   2.3268003e+00  -1.4637187e-04  -5.1556057e-05  -5.3875845e-05   1.4275377e-04  -3.5647888e-06  -1.1942929e-05
   9.6741072e+00   2.3625186e+00  -1.4374049e-04  -6.0527592e-05  -6.2457276e-05   1.4002388e-04  -2.8796729e-06  -1.2218163e-05
   9.6435905e+00   2.3979849e+00  -1.4058570e-04  -6.9357868e-05  -7.0883620e-05   1.3678848e-04  -2.1751272e-06  -1.2460827e-05
   9.6127865e+00   2.4332008e+00  -1.3691638e-04  -7.8017343e-05  -7.9126971e-05   1.3305685e-04  -1.4526476e-06  -1.2669821e-05
   9.5817011e+00   2.4681675e+00  -1.3274316e-04  -8.6477248e-05  -8.7160347e-05   1.2883936e-04  -7.1377752e-07  -1.2844150e-05
   9.5503402e+00   2.5028858e+00  -1.2807824e-04  -9.4709506e-05  -9.4957423e-05   1.2414758e-04   3.9912605e-08  -1.2982910e-05
   9.5187095e+00   2.5373564e+00  -1.2293499e-04  -1.0268659e-04  -1.0249210e-04   1.1899460e-04   8.0683525e-07  -1.3085243e-05
   9.4868151e+00   2.5715794e+00  -1.1732769e-04  -1.1038150e-04  -1.0973814e-04   1.1339518e-04   1.5853773e-06  -1.3150288e-05
   9.4546624e+00   2.6055557e+00  -1.1127150e-04  -1.1776789e-04  -1.1666908e-04   1.0736574e-04   2.3738732e-06  -1.3177147e-05
   9.4222568e+00   2.6392864e+00  -1.0478269e-04  -1.2482030e-04  -1.2325872e-04   1.0092411e-04   3.1705769e-06  -1.3164909e-05
   9.3896029e+00   2.6727727e+00  -9.7879108e-05  -1.3151430e-04  -1.2948200e-04   9.4089426e-05   3.9736541e-06  -1.3112728e-05
   9.3567047e+00   2.7060164e+00  -9.0580512e-05  -1.3782659e-04  -1.3531590e-04   8.6881986e-05   4.7812051e-06  -1.3019917e-05
   9.3235662e+00   2.7390189e+00  -8.2908645e-05  -1.4373500e-04  -1.4073989e-04   7.9323308e-05   5.5913014e-06  -1.2885989e-05
   9.2901914e+00   2.7717811e+00  -7.4886855e-05  -1.4921855e-04  -1.4573559e-04   7.1436073e-05   6.4020081e-06  -1.2710633e-05
   9.2565844e+00   2.8043039e+00  -6.6539530e-05  -1.5425747e-04  -1.5028598e-04   6.3243993e-05   7.2113716e-06  -1.2493635e-05
   9.2227497e+00   2.8365877e+00  -5.7891613e-05  -1.5883333e-04  -1.5437450e-04   5.4771636e-05   8.0173865e-06  -1.2234816e-05
   9.1886919e+00   2.8686330e+00  -4.8968447e-05  -1.6292903e-04  -1.5798477e-04   4.6044352e-05   8.8179710e-06  -1.1934011e-05
   9.1544150e+00   2.9004402e+00  -3.9795947e-05  -1.6652883e-04  -1.6110088e-04   3.7088358e-05   9.6109797e-06  -1.1591119e-05
   9.1199227e+00   2.9320097e+00  -3.0400902e-05  -1.6961821e-04  -1.6370822e-04   2.7930933e-05   1.0394245e-05  -1.1206151e-05
   9.0852183e+00   2.9633420e+00  -2.0811155e-05  -1.7218391e-04  -1.6579401e-04   1.8600529e-05   1.1165619e-05  -1.0779265e-05
   9.0503049e+00   2.9944377e+00  -1.1055559e-05  -1.7421403e-04  -1.6734750e-04   9.1266265e-06   1.1922990e-05  -1.0310745e-05
   9.0151857e+00   3.0252974e+00  -1.1637637e-06  -1.7569821e-04  -1.6835973e-04  -4.6069176e-07   1.2664266e-05  -9.8009811e-06
   8.9798634e+00   3.0559219e+00   8.8339836e-06  -1.7662789e-04  -1.6882329e-04  -1.0131270e-05   1.3387364e-05  -9.2504472e-06
   8.9443408e+00   3.0863115e+00   1.8906937e-05  -1.7699638e-04  -1.6873235e-04  -1.9855233e-05   1.4090217e-05  -8.6597167e-06
   8.9086206e+00   3.1164667e+00   2.9023877e-05  -1.7679881e-04  -1.6808285e-04  -2.9602928e-05   1.4770795e-05  -8.0294748e-06
   8.8727055e+00   3.1463873e+00   3.9153176e-05  -1.7603192e-04  -1.6687270e-04  -3.9344496e-05   1.5427108e-05  -7.3605164e-06
   8.8365981e+00   3.1760728e+00   4.9262957e-05  -1.7469392e-04  -1.6510158e-04  -4.9049319e-05   1.6057166e-05  -6.6537259e-06
   8.8003012e+00   3.2055227e+00   5.9321304e-05  -1.7278437e-04  -1.6277050e-04  -5.8685777e-05   1.6658920e-05  -5.9100646e-06
   8.7638177e+00   3.2347369e+00   6.9296409e-05  -1.7030430e-04  -1.5988154e-04  -6.8221536e-05   1.7230239e-05  -5.1305860e-06
   8.7271497e+00   3.2637149e+00   7.9156581e-05  -1.6725645e-04  -1.5643787e-04  -7.7624287e-05   1.7768965e-05  -4.3164746e-06
   8.6902993e+00   3.2924567e+00   8.8870151e-05  -1.6364542e-04  -1.5244427e-04  -8.6862490e-05   1.8273024e-05  -3.4690747e-06
   8.6532679e+00   3.3209618e+00   9.8405402e-05  -1.5947768e-04  -1.4790770e-04  -9.5905654e-05   1.8740519e-05  -2.5898835e-06
   8.6160573e+00   3.3492293e+00   1.0773063e-04  -1.5476145e-04  -1.4283745e-04  -1.0472398e-04   1.9169737e-05  -1.6805103e-06
   8.5786691e+00   3.3772584e+00   1.1681432e-04  -1.4950654e-04  -1.3724481e-04  -1.1328767e-04   1.9559060e-05  -7.4263544e-07
   8.5411054e+00   3.4050481e+00   1.2562539e-04  -1.4372428e-04  -1.3114249e-04  -1.2156657e-04   1.9906864e-05   2.2200123e-07
   8.5033676e+00   3.4325973e+00   1.3413332e-04  -1.3742762e-04  -1.2454430e-04  -1.2953048e-04   2.0211490e-05   1.2115842e-06
   8.4654571e+00   3.4599050e+00   1.4230822e-04  -1.3063129e-04  -1.1746522e-04  -1.3715003e-04   2.0471323e-05   2.2242066e-06
   8.4273751e+00   3.4869700e+00   1.5012084e-04  -1.2335188e-04  -1.0992193e-04  -1.4439761e-04   2.0684907e-05   3.2578809e-06
   8.3891226e+00   3.5137904e+00   1.5754260e-04  -1.1560776e-04  -1.0193313e-04  -1.5124734e-04   2.0850981e-05   4.3105628e-06
   8.3507009e+00   3.5403641e+00   1.6454570e-04  -1.0741882e-04  -9.3519575e-05  -1.5767435e-04   2.0968398e-05   5.3801553e-06
   8.3121117e+00   3.5666890e+00   1.7110324e-04  -9.8806293e-05  -8.4703699e-05  -1.6365358e-04   2.1035978e-05   6.4644662e-06
   8.2733562e+00   3.5927628e+00   1.7718935e-04  -8.9792707e-05  -7.5509132e-05  -1.6915928e-04   2.1052428e-05   7.5611443e-06
   8.2344356e+00   3.6185833e+00   1.8277929e-04  -8.0401950e-05  -6.5960534e-05  -1.7416567e-04   2.1016410e-05   8.6676515e-06
   8.1953501e+00   3.6441482e+00   1.8784943e-04  -7.0659429e-05  -5.6083745e-05  -1.7864844e-04   2.0926738e-05   9.7813107e-06
   8.1560997e+00   3.6694552e+00   1.9237725e-04  -6.0592115e-05  -4.5906042e-05  -1.8258622e-04   2.0782560e-05   1.0899411e-05
   8.1166841e+00   3.6945014e+00   1.9634143e-04  -5.0228456e-05  -3.5456169e-05  -1.8596092e-04   2.0583406e-05   1.2019301e-05
   8.0771037e+00   3.7192836e+00   1.9972192e-04  -3.9598211e-05  -2.4764036e-05  -1.8875692e-04   2.0329073e-05   1.3138403e-05
   8.0373591e+00   3.7437982e+00   2.0250000e-04  -2.8732310e-05  -1.3860272e-05  -1.9095972e-04   2.0019450e-05   1.4254150e-05
   7.9974511e+00   3.7680413e+00   2.0465840e-04  -1.7662792e-05  -2.7760787e-06  -1.9255489e-04   1.9654387e-05   1.5363901e-05
   7.9573808e+00   3.7920087e+00   2.0618136e-04  -6.4228119e-06   8.4563613e-06  -1.9352791e-04   1.9233691e-05   1.6464893e-05
   7.9171485e+00   3.8156954e+00   2.0705469e-04   4.9533604e-06   1.9803012e-05  -1.9386482e-04   1.8757177e-05   1.7554248e-05
   7.8767543e+00   3.8390967e+00   2.0726589e-04   1.6430379e-05   3.1227244e-05  -1.9355305e-04   1.8224741e-05   1.8628991e-05
   7.8361980e+00   3.8622074e+00   2.0680432e-04   2.7971910e-05   4.2689943e-05  -1.9258207e-04   1.7636397e-05   1.9686059e-05
   7.7954786e+00   3.8850227e+00   2.0566121e-04   3.9540747e-05   5.4150849e-05  -1.9094400e-04   1.6992327e-05   2.0722340e-05
   7.7545948e+00   3.9075376e+00   2.0382975e-04   5.1098936e-05   6.5570672e-05  -1.8863407e-04   1.6292974e-05   2.1734764e-05
   7.7135454e+00   3.9297465e+00   2.0130488e-04   6.2607920e-05   7.6912794e-05  -1.8565099e-04   1.5539124e-05   2.2720469e-05
   7.6723297e+00   3.9516428e+00   1.9808322e-04   7.4028633e-05   8.8143194e-05  -1.8199668e-04   1.4731899e-05   2.3676896e-05
   7.6309478e+00   3.9732189e+00   1.9416311e-04   8.5321527e-05   9.9228093e-05  -1.7767498e-04   1.3872608e-05   2.4601680e-05
   7.5894004e+00   3.9944660e+00   1.8954486e-04   9.6446492e-05   1.1013037e-04  -1.7269001e-04   1.2962524e-05   2.5492318e-05
   7.5476887e+00   4.0153752e+00   1.8423117e-04   1.0736277e-04   1.2080698e-04  -1.6704510e-04   1.2002756e-05   2.6345794e-05
   7.5058126e+00   4.0359377e+00   1.7822738e-04   1.1802896e-04   1.3120952e-04  -1.6074351e-04   1.0994336e-05   2.7158487e-05
   7.4637703e+00   4.0561450e+00   1.7154139e-04   1.2840330e-04   1.4128837e-04  -1.5379073e-04   9.9384872e-06   2.7926563e-05
   7.4215589e+00   4.0759882e+00   1.6418314e-04   1.3844401e-04   1.5099812e-04  -1.4619706e-04   8.8368817e-06   2.8646670e-05
   7.3791750e+00   4.0954575e+00   1.5616411e-04   1.4810963e-04   1.6030104e-04  -1.3797869e-04   7.6916608e-06   2.9316508e-05
   7.3366167e+00   4.1145414e+00   1.4749723e-04   1.5735910e-04   1.6916558e-04  -1.2915629e-04   6.5051986e-06   2.9934768e-05
   7.2938839e+00   4.1332269e+00   1.3819749e-04   1.6615152e-04   1.7756069e-04  -1.1975220e-04   5.2797829e-06   3.0500410e-05
   7.2509780e+00   4.1514999e+00   1.2828301e-04   1.7444593e-04   1.8544925e-04  -1.0978826e-04   4.0174685e-06   3.1011693e-05
   7.2079006e+00   4.1693457e+00   1.1777585e-04   1.8220135e-04   1.9278528e-04  -9.9285844e-05   2.7202195e-06   3.1465664e-05
   7.1646514e+00   4.1867492e+00   1.0670192e-04   1.8937721e-04   1.9951695e-04  -8.8268046e-05   1.3902118e-06   3.1858484e-05
   7.1212285e+00   4.2036944e+00   9.5089980e-05   1.9593385e-04   2.0559379e-04  -7.6762317e-05   3.0043823e-08   3.2186436e-05
   7.0776282e+00   4.2201647e+00   8.2970439e-05   2.0183292e-04   2.1097322e-04  -6.4801451e-05  -1.3573122e-06   3.2446898e-05
   7.0338476e+00   4.2361419e+00   7.0374775e-05   2.0703723e-04   2.1562226e-04  -5.2422350e-05  -2.7687539e-06   3.2638639e-05
   6.9898853e+00   4.2516061e+00   5.7336119e-05   2.1151045e-04   2.1951351e-04  -3.9663729e-05  -4.2012678e-06   3.2761264e-05
   6.9457416e+00   4.2665355e+00   4.3890645e-05   2.1521689e-04   2.2261857e-04  -2.6564717e-05  -5.6519516e-06   3.2814291e-05
   6.9014184e+00   4.2809066e+00   3.0078822e-05   2.1812178e-04   2.2490369e-04  -1.3165486e-05  -7.1178637e-06   3.2796522e-05
   6.8569173e+00   4.2946940e+00   1.5945778e-05   2.2019198e-04   2.2632998e-04   4.9064021e-07  -8.5958776e-06   3.2706088e-05
   6.8122397e+00   4.3078703e+00   1.5407218e-06   2.2139674e-04   2.2685752e-04   1.4355236e-05  -1.0082686e-05   3.2540996e-05
   6.7673863e+00   4.3204064e+00  -1.3083933e-05   2.2170823e-04   2.2644972e-04   2.8374380e-05  -1.1574929e-05   3.2299648e-05
   6.7223577e+00   4.3322715e+00  -2.7873031e-05   2.2110156e-04   2.2507545e-04   4.2489984e-05  -1.3069312e-05   3.1980991e-05
   6.6771551e+00   4.3434326e+00  -4.2768552e-05   2.1955465e-04   2.2270852e-04   5.6641890e-05  -1.4562613e-05   3.1584351e-05
   6.6317808e+00   4.3538544e+00  -5.7709295e-05   2.1704805e-04   2.1932679e-04   7.0769529e-05  -1.6051642e-05   3.1109264e-05
   6.5862384e+00   4.3634984e+00  -7.2630830e-05   2.1356509e-04   2.1491216e-04   8.4812383e-05  -1.7533296e-05   3.0555557e-05
   6.5405335e+00   4.3723228e+00  -8.7465675e-05   2.0909241e-04   2.0945143e-04   9.8709155e-05  -1.9004683e-05   2.9923503e-05
   6.4946746e+00   4.3802822e+00  -1.0214317e-04   2.0362086e-04   2.0293601e-04   1.1239590e-04  -2.0463173e-05   2.9213733e-05
   6.4486729e+00   4.3873280e+00  -1.1658874e-04   1.9714672e-04   1.9535977e-04   1.2580375e-04  -2.1906147e-05   2.8426774e-05
   6.4025420e+00   4.3934092e+00  -1.3072299e-04   1.8967283e-04   1.8671659e-04   1.3885745e-04  -2.3330533e-05   2.7562535e-05
   6.3562969e+00   4.3984716e+00  -1.4446174e-04   1.8120909e-04   1.7700075e-04   1.5147618e-04  -2.4732550e-05   2.6620274e-05
   6.3099533e+00   4.4024579e+00  -1.5771773e-04   1.7177189e-04   1.6621170e-04   1.6357750e-04  -2.6108089e-05   2.5599286e-05
   6.2635287e+00   4.4053068e+00  -1.7040349e-04   1.6138246e-04   1.5436106e-04   1.7508331e-04  -2.7453745e-05   2.4499889e-05
   6.2170445e+00   4.4069532e+00  -1.8243359e-04   1.5006550e-04   1.4147694e-04   1.8592435e-04  -2.8767849e-05   2.3323915e-05
   6.1705300e+00   4.4073286e+00  -1.9372489e-04   1.3784937e-04   1.2760188e-04   1.9603966e-04  -3.0050587e-05   2.2074150e-05
   6.1240230e+00   4.4063623e+00  -2.0419463e-04   1.2476866e-04   1.1278539e-04   2.0537019e-04  -3.1302790e-05   2.0752979e-05
   6.0775699e+00   4.4039828e+00  -2.1375842e-04   1.1086779e-04   9.7076723e-05   2.1385042e-04  -3.2524023e-05   1.9361203e-05
   6.0312229e+00   4.4001179e+00  -2.2233064e-04   9.6203227e-05   8.0523651e-05   2.2140451e-04  -3.3711347e-05   1.7897931e-05
   5.9850375e+00   4.3946956e+00  -2.2982787e-04   8.0841613e-05   6.3178572e-05   2.2795159e-04  -3.4859865e-05   1.6361695e-05
   5.9390720e+00   4.3876441e+00  -2.3617377e-04   6.4854113e-05   4.5107319e-05   2.3341873e-04  -3.5964972e-05   1.4751940e-05
   5.8933909e+00   4.3788944e+00  -2.4130238e-04   4.8309989e-05   2.6393633e-05   2.3775330e-04  -3.7024804e-05   1.3069751e-05
   5.8480684e+00   4.3683828e+00  -2.4515747e-04   3.1273937e-05   7.1355064e-06   2.4092571e-04  -3.8040968e-05   1.1317268e-05
   5.8031908e+00   4.3560553e+00  -2.4768919e-04   1.3809627e-05  -1.2563890e-05   2.4291886e-04  -3.9016707e-05   9.4962886e-06
   5.7588553e+00   4.3418704e+00  -2.4885080e-04  -4.0124910e-06  -3.2603770e-05   2.4371071e-04  -3.9953517e-05   7.6072124e-06
   5.7151639e+00   4.3258004e+00  -2.4859865e-04  -2.2108518e-05  -5.2886321e-05   2.4326170e-04  -4.0848513e-05   5.6491356e-06
   5.6722173e+00   4.3078316e+00  -2.4689548e-04  -4.0380762e-05  -7.3310685e-05   2.4151652e-04  -4.1694518e-05   3.6209578e-06
   5.6301099e+00   4.2879643e+00  -2.4371458e-04  -5.8724722e-05  -9.3765894e-05   2.3842014e-04  -4.2482981e-05   1.5225198e-06
   5.5889287e+00   4.2662139e+00  -2.3904157e-04  -7.7038942e-05  -1.1412881e-04   2.3393769e-04  -4.3207805e-05  -6.4516893e-07
   5.5487552e+00   4.2426130e+00  -2.3287285e-04  -9.5230553e-05  -1.3426859e-04   2.2806462e-04  -4.3867311e-05  -2.8807208e-06
   5.5096663e+00   4.2172135e+00  -2.2521266e-04  -1.1321187e-04  -1.5405354e-04   2.2081997e-04  -4.4462758e-05  -5.1833377e-06
   5.4717337e+00   4.1900860e+00  -2.1607220e-04  -1.3088976e-04  -1.7335473e-04   2.1222777e-04  -4.4994308e-05  -7.5529046e-06
   5.4350189e+00   4.1613168e+00  -2.0547244e-04  -1.4815507e-04  -1.9204380e-04   2.0230011e-04  -4.5457165e-05  -9.9888998e-06
   5.3995676e+00   4.1310019e+00  -1.9344897e-04  -1.6487994e-04  -2.0998845e-04   1.9103453e-04  -4.5840656e-05  -1.2488897e-05
   5.3654064e+00   4.0992413e+00  -1.8005509e-04  -1.8092598e-04  -2.2705112e-04   1.7842844e-04  -4.6130990e-05  -1.5047921e-05
   5.3325432e+00   4.0661353e+00  -1.6536066e-04  -1.9615866e-04  -2.4309440e-04   1.6450135e-04  -4.6315948e-05  -1.7659340e-05
   5.3009716e+00   4.0317831e+00  -1.4944755e-04  -2.1045945e-04  -2.5799040e-04   1.4931033e-04  -4.6388343e-05  -2.0316709e-05
   5.2706762e+00   3.9962840e+00  -1.3240562e-04  -2.2372838e-04  -2.7162794e-04   1.3294877e-04  -4.6345974e-05  -2.3015094e-05
   5.2416362e+00   3.9597377e+00  -1.1433262e-04  -2.3587724e-04  -2.8391263e-04   1.1553029e-04  -4.6188321e-05  -2.5750658e-05
   5.2138262e+00   3.9222433e+00  -9.5337826e-05  -2.4681976e-04  -2.9476108e-04   9.7169215e-05  -4.5912489e-05  -2.8518700e-05
   5.1872144e+00   3.8838951e+00  -7.5545432e-05  -2.5646704e-04  -3.0409522e-04   7.7970305e-05  -4.5511288e-05  -3.1311600e-05
   5.1617622e+00   3.8447796e+00  -5.5093398e-05  -2.6473216e-04  -3.1184283e-04   5.8032197e-05  -4.4974625e-05  -3.4118348e-05
   5.1374244e+00   3.8049728e+00  -3.4126602e-05  -2.7154094e-04  -3.1794490e-04   3.7459643e-05  -4.4292995e-05  -3.6926137e-05
   5.1141519e+00   3.7645408e+00  -1.2787686e-05  -2.7684198e-04  -3.2236473e-04   1.6374115e-05  -4.3460530e-05  -3.9722927e-05
   5.0918956e+00   3.7235426e+00   8.7891645e-06  -2.8060988e-04  -3.2509182e-04  -5.0849416e-06  -4.2475689e-05  -4.2499103e-05
   5.0706081e+00   3.6820329e+00   3.0478612e-05  -2.8284082e-04  -3.2613776e-04  -2.6768586e-05  -4.1339554e-05  -4.5247104e-05
   5.0502445e+00   3.6400637e+00   5.2160321e-05  -2.8354427e-04  -3.2552712e-04  -4.8530672e-05  -4.0053363e-05  -4.7959482e-05
   5.0307617e+00   3.5976839e+00   7.3715273e-05  -2.8273612e-04  -3.2328981e-04  -7.0236903e-05  -3.8617115e-05  -5.0626992e-05
   5.0121171e+00   3.5549379e+00   9.5025598e-05  -2.8043615e-04  -3.1945866e-04  -9.1767255e-05  -3.7029889e-05  -5.3238100e-05
   4.9942689e+00   3.5118645e+00   1.1597777e-04  -2.7666947e-04  -3.1407177e-04  -1.1301298e-04  -3.5291181e-05  -5.5780042e-05
   4.9771764e+00   3.4684964e+00   1.3646624e-04  -2.7146944e-04  -3.0717541e-04  -1.3387181e-04  -3.3402046e-05  -5.8240395e-05
   4.9608006e+00   3.4248615e+00   1.5639495e-04  -2.6487959e-04  -2.9882460e-04  -1.5424447e-04  -3.1365344e-05  -6.0608007e-05
   4.9451050e+00   3.3809838e+00   1.7567668e-04  -2.5695377e-04  -2.8908129e-04  -1.7403367e-04  -2.9185312e-05  -6.2872975e-05
   4.9300548e+00   3.3368851e+00   1.9423222e-04  -2.4775455e-04  -2.7801278e-04  -1.9314522e-04  -2.6867063e-05  -6.5026250e-05
   4.9156174e+00   3.2925855e+00   2.1199095e-04  -2.3735040e-04  -2.6569189e-04  -2.1149044e-04  -2.4416388e-05  -6.7059571e-05
   4.9017619e+00   3.2481036e+00   2.2889186e-04  -2.2581254e-04  -2.5219752e-04  -2.2898885e-04  -2.1839698e-05  -6.8965701e-05
   4.8884594e+00   3.2034577e+00   2.4488255e-04  -2.1321223e-04  -2.3761313e-04  -2.4557007e-04  -1.9143841e-05  -7.0738302e-05
   4.8756834e+00   3.1586646e+00   2.5991515e-04  -1.9961954e-04  -2.2202193e-04  -2.6117401e-04  -1.6335775e-05  -7.2370977e-05
   4.8634093e+00   3.1137398e+00   2.7394122e-04  -1.8510426e-04  -2.0550142e-04  -2.7574903e-04  -1.3422436e-05  -7.3855937e-05
   4.8516136e+00   3.0686962e+00   2.8690988e-04  -1.6973789e-04  -1.8812180e-04  -2.8924900e-04  -1.0411060e-05  -7.5183514e-05
   4.8402734e+00   3.0235438e+00   2.9877193e-04  -1.5359546e-04  -1.6995037e-04  -3.0163099e-04  -7.3097673e-06  -7.6343424e-05
   4.8293666e+00   2.9782897e+00   3.0948811e-04  -1.3675521e-04  -1.5105989e-04  -3.1285513e-04  -4.1278924e-06  -7.7327318e-05
   4.8188719e+00   2.9329397e+00   3.1903569e-04  -1.1929642e-04  -1.3153457e-04  -3.2288632e-04  -8.7564949e-07  -7.8130895e-05
   4.8087703e+00   2.8875001e+00   3.2740792e-04  -1.0129668e-04  -1.1146878e-04  -3.3169632e-04   2.4366470e-06  -7.8753816e-05
   4.7990445e+00   2.8419789e+00   3.3460537e-04  -8.2830885e-05  -9.0958489e-05  -3.3926417e-04   5.7991645e-06  -7.9197185e-05
   4.7896791e+00   2.7963858e+00   3.4062454e-04  -6.3972443e-05  -7.0090737e-05  -3.4557463e-04   9.2024098e-06  -7.9460228e-05
   4.7806594e+00   2.7507298e+00   3.4545136e-04  -4.4795614e-05  -4.8938522e-05  -3.5061587e-04   1.2636492e-05  -7.9538548e-05
   4.7719707e+00   2.7050180e+00   3.4906423e-04  -2.5376676e-05  -2.7564418e-05  -3.5437828e-04   1.6090494e-05  -7.9425267e-05
   4.7635985e+00   2.6592542e+00   3.5144458e-04  -5.7927094e-06  -6.0304323e-06  -3.5685543e-04   1.9552618e-05  -7.9114270e-05
   4.7555288e+00   2.6134394e+00   3.5258787e-04   1.3881258e-05   1.5592734e-05  -3.5804628e-04   2.3011090e-05  -7.8603245e-05
   4.7477488e+00   2.5675746e+00   3.5250762e-04   3.3574495e-05   3.7223111e-05  -3.5795662e-04   2.6455117e-05  -7.7894432e-05
   4.7402470e+00   2.5216621e+00   3.5123011e-04   5.3220424e-05   5.8772837e-05  -3.5659849e-04   2.9875087e-05  -7.6992714e-05
   4.7330130e+00   2.4757062e+00   3.4878371e-04   7.2754240e-05   8.0157333e-05  -3.5398789e-04   3.3261799e-05  -7.5902618e-05
   4.7260370e+00   2.4297128e+00   3.4519025e-04   9.2110209e-05   1.0130215e-04  -3.5014243e-04   3.6605351e-05  -7.4626348e-05
   4.7193092e+00   2.3836871e+00   3.4046348e-04   1.1122079e-04   1.2214362e-04  -3.4508064e-04   3.9894576e-05  -7.3164017e-05
   4.7128201e+00   2.3376324e+00   3.3461467e-04   1.3001819e-04   1.4262399e-04  -3.3882307e-04   4.3117469e-05  -7.1515526e-05
   4.7065608e+00   2.2915501e+00   3.2766072e-04   1.4843704e-04   1.6268508e-04  -3.3139421e-04   4.6262254e-05  -6.9682555e-05
   4.7005228e+00   2.2454405e+00   3.1962925e-04   1.6641642e-04   1.8226480e-04  -3.2282361e-04   4.9318269e-05  -6.7669319e-05
   4.6946985e+00   2.1993041e+00   3.1055787e-04   1.8389986e-04   2.0129808e-04  -3.1314564e-04   5.2276103e-05  -6.5481925e-05
   4.6890805e+00   2.1531421e+00   3.0048919e-04   2.0083410e-04   2.1972066e-04  -3.0239829e-04   5.5127063e-05  -6.3127139e-05
   4.6836617e+00   2.1069567e+00   2.8946557e-04   2.1716769e-04   2.3747284e-04  -2.9062209e-04   5.7862539e-05  -6.0611553e-05
   4.6784353e+00   2.0607503e+00   2.7752684e-04   2.3285058e-04   2.5450073e-04  -2.7785959e-04   6.0473785e-05  -5.7941529e-05
   4.6733947e+00   2.0145250e+00   2.6471175e-04   2.4783444e-04   2.7075509e-04  -2.6415550e-04   6.2952127e-05  -5.5123595e-05
   4.6685343e+00   1.9682823e+00   2.5106113e-04   2.6207298e-04   2.8618922e-04  -2.4955668e-04   6.5289248e-05  -5.2164768e-05
   4.6638485e+00   1.9220236e+00   2.3662014e-04   2.7552185e-04   3.0075768e-04  -2.3411191e-04   6.7477230e-05  -4.9072557e-05
   4.6593323e+00   1.8757500e+00   2.2143817e-04   2.8813844e-04   3.1441658e-04  -2.1787161e-04   6.9508384e-05  -4.5854821e-05
   4.6549804e+00   1.8294623e+00   2.0556708e-04   2.9988248e-04   3.2712481e-04  -2.0088797e-04   7.1375223e-05  -4.2519775e-05
   4.6507877e+00   1.7831612e+00   1.8905942e-04   3.1071737e-04   3.3884511e-04  -1.8321552e-04   7.3070750e-05  -3.9076177e-05
   4.6467492e+00   1.7368471e+00   1.7196789e-04   3.2061169e-04   3.4954423e-04  -1.6491167e-04   7.4588908e-05  -3.5533481e-05
   4.6428605e+00   1.6905204e+00   1.5434623e-04   3.2953938e-04   3.5919228e-04  -1.4603649e-04   7.5924775e-05  -3.1901741e-05
   4.6391177e+00   1.6441817e+00   1.3625030e-04   3.3747836e-04   3.6776210e-04  -1.2665172e-04   7.7074253e-05  -2.8191286e-05
   4.6355173e+00   1.5978323e+00   1.1773828e-04   3.4440824e-04   3.7522913e-04  -1.0681939e-04   7.8033470e-05  -2.4412424e-05
   4.6320556e+00   1.5514734e+00   9.8869545e-05   3.5030895e-04   3.8157200e-04  -8.6601034e-05   7.8798398e-05  -2.0575394e-05
   4.6287288e+00   1.5051060e+00   7.9703247e-05   3.5516124e-04   3.8677317e-04  -6.6057988e-05   7.9365054e-05  -1.6690557e-05
   4.6255333e+00   1.4587308e+00   6.0297467e-05   3.5894886e-04   3.9081923e-04  -4.5252255e-05   7.9730124e-05  -1.2768589e-05
   4.6224657e+00   1.4123477e+00   4.0709767e-05   3.6166058e-04   3.9370048e-04  -2.4247290e-05   7.9891506e-05  -8.8204840e-06
   4.6195231e+00   1.3659571e+00   2.0998580e-05   3.6329066e-04   3.9541031e-04  -3.1079150e-06   7.9848280e-05  -4.8573657e-06
   4.6167030e+00   1.3195592e+00   1.2242713e-06   3.6383746e-04   3.9594477e-04   1.8100561e-05   7.9600180e-05  -8.9030940e-07
   4.6140028e+00   1.2731547e+00  -1.8551140e-05   3.6330154e-04   3.9530277e-04   3.9313363e-05   7.9147045e-05   3.0696783e-06
   4.6114198e+00   1.2267442e+00  -3.8265591e-05   3.6168481e-04   3.9348682e-04   6.0466697e-05   7.8488747e-05   7.0115597e-06
   4.6089512e+00   1.1803280e+00  -5.7858889e-05   3.5899155e-04   3.9050358e-04   8.1497450e-05   7.7625678e-05   1.0924220e-05
   4.6065946e+00   1.1339061e+00  -7.7273584e-05   3.5523034e-04   3.8636401e-04   1.0234263e-04   7.6559309e-05   1.4796579e-05
   4.6043479e+00   1.0874787e+00  -9.6454214e-05   3.5041499e-04   3.8108277e-04   1.2293923e-04   7.5292318e-05   1.8617778e-05
   4.6022091e+00   1.0410462e+00  -1.1534556e-04   3.4456365e-04   3.7467748e-04   1.4322477e-04   7.3828127e-05   2.2377242e-05
   4.6001768e+00   9.9460955e-01  -1.3389134e-04   3.3769652e-04   3.6716818e-04   1.6313823e-04   7.2170246e-05   2.6064527e-05
   4.5982490e+00   9.4816956e-01  -1.5203446e-04   3.2983392e-04   3.5857742e-04   1.8262076e-04   7.0322006e-05   2.9669114e-05
   4.5964238e+00   9.0172664e-01  -1.6971877e-04   3.2099645e-04   3.4893071e-04   2.0161557e-04   6.8286924e-05   3.3180399e-05
   4.5946992e+00   8.5528058e-01  -1.8689118e-04   3.1120713e-04   3.3825698e-04   2.2006741e-04   6.6069410e-05   3.6587975e-05
   4.5930737e+00   8.0883087e-01  -2.0350250e-04   3.0049402e-04   3.2658865e-04   2.3792194e-04   6.3675213e-05   3.9882042e-05
   4.5915461e+00   7.6237718e-01  -2.1950668e-04   2.8889125e-04   3.1396116e-04   2.5512577e-04   6.1111249e-05   4.3053613e-05
   4.5901155e+00   7.1591982e-01  -2.3485891e-04   2.7643761e-04   3.0041250e-04   2.7162709e-04   5.8384941e-05   4.6094312e-05
   4.5887806e+00   6.6945960e-01  -2.4951434e-04   2.6317355e-04   2.8598280e-04   2.8737660e-04   5.5503607e-05   4.8995950e-05
   4.5875402e+00   6.2299744e-01  -2.6342823e-04   2.4913880e-04   2.7071445e-04   3.0232803e-04   5.2474331e-05   5.1750223e-05
   4.5863930e+00   5.7653388e-01  -2.7655755e-04   2.3437228e-04   2.5465227e-04   3.1643812e-04   4.9304334e-05   5.4348827e-05
   4.5853378e+00   5.3006890e-01  -2.8886276e-04   2.1891418e-04   2.3784367e-04   3.2966612e-04   4.6001473e-05   5.6783888e-05
   4.5843739e+00   4.8360219e-01  -3.0030841e-04   2.0280865e-04   2.2033852e-04   3.4197340e-04   4.2574448e-05   5.9048359e-05
   4.5835010e+00   4.3713357e-01  -3.1086249e-04   1.8610492e-04   2.0218875e-04   3.5332348e-04   3.9032610e-05   6.1136063e-05
   4.5827185e+00   3.9066317e-01  -3.2049516e-04   1.6885592e-04   1.8344797e-04   3.6368246e-04   3.5385613e-05   6.3041388e-05
   4.5820256e+00   3.4419133e-01  -3.2917823e-04   1.5111535e-04   1.6417126e-04   3.7301962e-04   3.1643206e-05   6.4758962e-05
   4.5814215e+00   2.9771837e-01  -3.3688577e-04   1.3293525e-04   1.4441512e-04   3.8130766e-04   2.7815297e-05   6.6283637e-05
   4.5809054e+00   2.5124434e-01  -3.4359529e-04   1.1436583e-04   1.2423738e-04   3.8852265e-04   2.3912125e-05   6.7610797e-05
   4.5804772e+00   2.0476921e-01  -3.4928839e-04   9.5457655e-05   1.0369716e-04   3.9464374e-04   1.9944314e-05   6.8736711e-05
   4.5801370e+00   1.5829306e-01  -3.5395022e-04   7.6264560e-05   8.2854568e-05   3.9965304e-04   1.5922735e-05   6.9658580e-05
   4.5798850e+00   1.1181630e-01  -3.5756810e-04   5.6845097e-05   6.1770551e-05   4.0353580e-04   1.1858303e-05   7.0374219e-05
   4.5797208e+00   6.5339513e-02  -3.6013069e-04   3.7261379e-05   4.0506723e-05   4.0628074e-04   7.7618913e-06   7.0881664e-05
   4.5796434e+00   1.8863163e-02  -3.6162840e-04   1.7575946e-05   1.9125284e-05   4.0788035e-04   3.6443999e-06   7.1179071e-05
