   2.0452317e-01   0.0000000e+00
   2.0966195e-01   2.8617046e-02
   2.1548844e-01   4.2123704e-02
   2.2141697e-01   5.2694380e-02
   2.2735586e-01   6.1736885e-02
   2.3329370e-01   6.9835639e-02
   2.3922752e-01   7.7286127e-02
   2.4515591e-01   8.4260290e-02
   2.5107793e-01   9.0868118e-02
   2.5699275e-01   9.7184632e-02
   2.6289901e-01   1.0326297e-01
   2.6879406e-01   1.0914125e-01
   2.7467283e-01   1.1484606e-01
   2.8051070e-01   1.2037930e-01
   2.8605107e-01   1.2552619e-01
   2.9114775e-01   1.3018276e-01
   2.9687269e-01   1.3533510e-01
   3.0270295e-01   1.4050750e-01
   3.0854166e-01   1.4562123e-01
   3.1437780e-01   1.5067463e-01
   3.2020746e-01   1.5567145e-01
   3.2602815e-01   1.6061583e-01
   3.3183667e-01   1.6551065e-01
   3.3762542e-01   1.7035449e-01
   3.4333971e-01   1.7510649e-01
   3.4853162e-01   1.7940167e-01
   3.5353274e-01   1.8352122e-01
   3.5922994e-01   1.8819542e-01
   3.6497511e-01   1.9289145e-01
   3.7072289e-01   1.9757451e-01
   3.7646385e-01   2.0223929e-01
   3.8219163e-01   2.0688283e-01
   3.8789170e-01   2.1149542e-01
   3.9345705e-01   2.1599258e-01
   3.9844355e-01   2.2001792e-01
   4.0364036e-01   2.2421015e-01
   4.0927798e-01   2.2875594e-01
   4.1494366e-01   2.3332359e-01
   4.2060594e-01   2.3788907e-01
   4.2625254e-01   2.4244371e-01
   4.3185288e-01   2.4696401e-01
   4.3695665e-01   2.5108701e-01
   4.4141670e-01   2.5469338e-01
   4.4687352e-01   2.5911084e-01
   4.5245482e-01   2.6363577e-01
   4.5804289e-01   2.6817393e-01
   4.6361611e-01   2.7270865e-01
   4.6913895e-01   2.7721175e-01
   4.7425431e-01   2.8139166e-01
   4.7911728e-01   2.8537401e-01
   4.8459539e-01   2.8987093e-01
   4.9011273e-01   2.9441239e-01
   4.9561958e-01   2.9895832e-01
   5.0106468e-01   3.0346688e-01
   5.0577758e-01   3.0738063e-01
   5.1069820e-01   3.1147876e-01
   5.1609711e-01   3.1598978e-01
   5.2154959e-01   3.2056167e-01
   5.2698113e-01   3.2513277e-01
   5.3219425e-01   3.2953640e-01
   5.3669811e-01   3.3335426e-01
   5.4190183e-01   3.3778131e-01
   5.4728220e-01   3.4237720e-01
   5.5265549e-01   3.4698648e-01
   5.5787773e-01   3.5148541e-01
   5.6217293e-01   3.5520029e-01
   5.6711582e-01   3.5949212e-01
   5.7243422e-01   3.6413058e-01
   5.7774749e-01   3.6878646e-01
   5.8286536e-01   3.7329239e-01
   5.8648718e-01   3.7649403e-01
   5.9168339e-01   3.8110659e-01
   5.9695448e-01   3.8580918e-01
   6.0213003e-01   3.9045022e-01
   6.0688015e-01   3.9473093e-01
   6.1170781e-01   3.9910275e-01
   6.1691164e-01   4.0383975e-01
   6.2205955e-01   4.0855148e-01
   6.2604498e-01   4.1221709e-01
   6.3027073e-01   4.1612113e-01
   6.3539598e-01   4.2088070e-01
   6.4051114e-01   4.2565826e-01
   6.4453181e-01   4.2943314e-01
   6.4895231e-01   4.3360370e-01
   6.5403295e-01   4.3842386e-01
   6.5906961e-01   4.4323114e-01
   6.6260949e-01   4.4662735e-01
   6.6701734e-01   4.5087691e-01
   6.7206473e-01   4.5577169e-01
   6.7691367e-01   4.6050340e-01
   6.8118917e-01   4.6469991e-01
   6.8619221e-01   4.6964016e-01
   6.9109059e-01   4.7450868e-01
   6.9456119e-01   4.7797742e-01
   6.9942705e-01   4.8286821e-01
   7.0434040e-01   4.8783999e-01
   7.0876602e-01   4.9234749e-01
   7.1348574e-01   4.9718575e-01
   7.1828440e-01   5.0213874e-01
   7.2276826e-01   5.0679831e-01
   7.2746281e-01   5.1171024e-01
   7.3208824e-01   5.1658408e-01
   7.3654143e-01   5.2130934e-01
   7.4131455e-01   5.2641086e-01
   7.4538711e-01   5.3079445e-01
   7.4993619e-01   5.3572548e-01
   7.5465019e-01   5.4087477e-01
   7.5756761e-01   5.4408221e-01
   7.6209289e-01   5.4908956e-01
   7.6647352e-01   5.5397512e-01
   7.7087441e-01   5.5892246e-01
   7.7528445e-01   5.6392087e-01
   7.7865447e-01   5.6776891e-01
   7.8306268e-01   5.7284101e-01
   7.8612720e-01   5.7639358e-01
   7.9059256e-01   5.8161073e-01
   7.9425079e-01   5.8592193e-01
   7.9854687e-01   5.9102941e-01
   8.0233236e-01   5.9557129e-01
   8.0635920e-01   6.0044726e-01
   8.0985750e-01   6.0472194e-01
   8.1362557e-01   6.0936828e-01
   8.1645271e-01   6.1288400e-01
   8.2055148e-01   6.1802821e-01
   8.2412666e-01   6.2256253e-01
   8.2806894e-01   6.2761591e-01
   8.3140297e-01   6.3193515e-01
   8.3428682e-01   6.3570624e-01
   8.3815890e-01   6.4082304e-01
   8.4131969e-01   6.4504697e-01
   8.4410206e-01   6.4880166e-01
   8.4779628e-01   6.5384197e-01
   8.5114623e-01   6.5846901e-01
   8.5397564e-01   6.6242066e-01
   8.5697210e-01   6.6665096e-01
   8.6044426e-01   6.7161363e-01
   8.6366258e-01   6.7627418e-01
   8.6629897e-01   6.8013732e-01
   8.6872577e-01   6.8373081e-01
   8.7137112e-01   6.8769031e-01
   8.7435723e-01   6.9221503e-01
   8.7743272e-01   6.9693879e-01
   8.8048005e-01   7.0168572e-01
   8.8338679e-01   7.0627792e-01
   8.8609620e-01   7.1061725e-01
   8.8864745e-01   7.1475729e-01
   8.9110039e-01   7.1878911e-01
   8.9351409e-01   7.2280735e-01
   8.9591548e-01   7.2685706e-01
   8.9830491e-01   7.3093992e-01
   9.0068084e-01   7.3505438e-01
   9.0304065e-01   7.3919685e-01
   9.0535226e-01   7.4331073e-01
   9.0754733e-01   7.4727034e-01
   9.0954609e-01   7.5092233e-01
   9.1135064e-01   7.5425878e-01
   9.1307091e-01   7.5747511e-01
   9.1481777e-01   7.6077784e-01
   9.1667641e-01   7.6433363e-01
   9.1858393e-01   7.6802892e-01
   9.2036873e-01   7.7152986e-01
   9.2198525e-01   7.7473789e-01
   9.2354345e-01   7.7786449e-01
   9.2517724e-01   7.8117983e-01
   9.2685882e-01   7.8463274e-01
   9.2841009e-01   7.8785541e-01
   9.2984927e-01   7.9087802e-01
   9.3134178e-01   7.9404673e-01
   9.3289321e-01   7.9737807e-01
   9.3430832e-01   8.0045075e-01
   9.3564638e-01   8.0338661e-01
   9.3706875e-01   8.0654058e-01
   9.3845900e-01   8.0965686e-01
   9.3973892e-01   8.1255570e-01
   9.4105844e-01   8.1557471e-01
   9.4238078e-01   8.1863168e-01
   9.4362658e-01   8.2154108e-01
   9.4486071e-01   8.2445172e-01
   9.4611405e-01   8.2743717e-01
   9.4731258e-01   8.3032028e-01
   9.4847766e-01   8.3314976e-01
   9.4968104e-01   8.3610046e-01
   9.5080901e-01   8.3889258e-01
   9.5193578e-01   8.4170759e-01
   9.5307554e-01   8.4458168e-01
   9.5415658e-01   8.4733278e-01
   9.5524511e-01   8.5012797e-01
   9.5631893e-01   8.5291029e-01
   9.5736510e-01   8.5564513e-01
   9.5840751e-01   8.5839417e-01
   9.5943907e-01   8.6113853e-01
   9.6043011e-01   8.6379785e-01
   9.6144951e-01   8.6655690e-01
   9.6240418e-01   8.6916285e-01
   9.6337933e-01   8.7184714e-01
   9.6432596e-01   8.7447499e-01
   9.6525444e-01   8.7707397e-01
   9.6617289e-01   8.7966622e-01
   9.6707159e-01   8.8222374e-01
   9.6794550e-01   8.8473107e-01
   9.6880954e-01   8.8723025e-01
   9.6965613e-01   8.8969891e-01
   9.7049655e-01   8.9216953e-01
   9.7129900e-01   8.9454762e-01
   9.7209355e-01   8.9692109e-01
   9.7287594e-01   8.9927698e-01
   9.7363704e-01   9.0158716e-01
   9.7437702e-01   9.0385101e-01
   9.7510183e-01   9.0608594e-01
   9.7581757e-01   9.0831038e-01
   9.7652207e-01   9.1051728e-01
   9.7718959e-01   9.1262474e-01
   9.7784826e-01   9.1472029e-01
   9.7849576e-01   9.1679631e-01
   9.7913551e-01   9.1886342e-01
   9.7975687e-01   9.2088675e-01
   9.8035472e-01   9.2284842e-01
   9.8093823e-01   9.2477753e-01
   9.8151516e-01   9.2669938e-01
   9.8208322e-01   9.2860610e-01
   9.8264035e-01   9.3049041e-01
   9.8317288e-01   9.3230509e-01
   9.8368919e-01   9.3407747e-01
   9.8419705e-01   9.3583366e-01
   9.8469895e-01   9.3758203e-01
   9.8519445e-01   9.3932084e-01
   9.8568010e-01   9.4103775e-01
   9.8614693e-01   9.4270021e-01
   9.8659253e-01   9.4429843e-01
   9.8703013e-01   9.4587898e-01
   9.8746253e-01   9.4745173e-01
   9.8789016e-01   9.4901816e-01
   9.8831211e-01   9.5057484e-01
   9.8872542e-01   9.5211047e-01
   9.8912467e-01   9.5360434e-01
   9.8950386e-01   9.5503289e-01
   9.8987125e-01   9.5642627e-01
   9.9023382e-01   9.5781053e-01
   9.9059195e-01   9.5918697e-01
   9.9094611e-01   9.6055733e-01
   9.9129585e-01   9.6191972e-01
   9.9163976e-01   9.6326853e-01
   9.9197465e-01   9.6459084e-01
   9.9228960e-01   9.6584260e-01
   9.9259143e-01   9.6704991e-01
   9.9288356e-01   9.6822568e-01
   9.9316998e-01   9.6938567e-01
   9.9345256e-01   9.7053719e-01
   9.9373191e-01   9.7168268e-01
   9.9400741e-01   9.7281948e-01
   9.9427909e-01   9.7394766e-01
   9.9454607e-01   9.7506335e-01
   9.9480675e-01   9.7615967e-01
   9.9505897e-01   9.7722713e-01
   9.9529521e-01   9.7823310e-01
   9.9551501e-01   9.7917451e-01
   9.9572171e-01   9.8006484e-01
   9.9592235e-01   9.8093377e-01
   9.9611899e-01   9.8179001e-01
   9.9631269e-01   9.8263809e-01
   9.9650405e-01   9.8348051e-01
   9.9669284e-01   9.8431633e-01
   9.9687944e-01   9.8514711e-01
   9.9706401e-01   9.8597355e-01
   9.9724644e-01   9.8679522e-01
   9.9742586e-01   9.8760816e-01
   9.9760193e-01   9.8841073e-01
   9.9777366e-01   9.8919828e-01
   9.9793960e-01   9.8996397e-01
   9.9809767e-01   9.9069781e-01
   9.9824515e-01   9.9138661e-01
   9.9837999e-01   9.9201998e-01
   9.9850351e-01   9.9260335e-01
   9.9861911e-01   9.9315218e-01
   9.9872848e-01   9.9367417e-01
   9.9883259e-01   9.9417352e-01
   9.9893508e-01   9.9466766e-01
   9.9903580e-01   9.9515585e-01
   9.9913545e-01   9.9564148e-01
   9.9923491e-01   9.9612894e-01
   9.9933441e-01   9.9661956e-01
   9.9943494e-01   9.9711847e-01
   9.9953637e-01   9.9762542e-01
   9.9964130e-01   9.9815393e-01
   9.9975120e-01   9.9871251e-01
   9.9986821e-01   9.9931354e-01
   1.0000000e+00   1.0000000e+00
