  -1.0000000000000000e+00   2.2971074119490920e-01
  -9.9987422999999997e-01   2.2995841204303200e-01
  -9.9975981999999997e-01   2.3018742251509516e-01
  -9.9965137000000004e-01   2.3040687453290309e-01
  -9.9954730999999997e-01   2.3061903751611382e-01
  -9.9944582000000004e-01   2.3082721111343907e-01
  -9.9934515000000002e-01   2.3103463727878504e-01
  -9.9924531000000005e-01   2.3124113165080548e-01
  -9.9914537000000003e-01   2.3144848700025603e-01
  -9.9904517999999998e-01   2.3165692189708254e-01
  -9.9894382999999998e-01   2.3186819961652688e-01
  -9.9884068000000004e-01   2.3208368593618597e-01
  -9.9873575999999997e-01   2.3230317973823608e-01
  -9.9862594999999998e-01   2.3253325925953913e-01
  -9.9850958000000001e-01   2.3277736534387600e-01
  -9.9838512000000001e-01   2.3303873145624002e-01
  -9.9824939999999995e-01   2.3332399225192885e-01
  -9.9810102000000001e-01   2.3363611284081795e-01
  -9.9794181999999998e-01   2.3397118382354826e-01
  -9.9777450999999995e-01   2.3432347226885805e-01
  -9.9760123999999994e-01   2.3468837443118407e-01
  -9.9742321000000000e-01   2.3506330282683707e-01
  -9.9724243999999995e-01   2.3544396684422950e-01
  -9.9705798999999995e-01   2.3583224136471995e-01
  -9.9687124999999999e-01   2.3622516340491936e-01
  -9.9668243999999995e-01   2.3662222432794366e-01
  -9.9649158999999998e-01   2.3702328394997818e-01
  -9.9629838999999998e-01   2.3742897929133633e-01
  -9.9610228000000001e-01   2.3784040788427888e-01
  -9.9590301000000003e-01   2.3825804530484154e-01
  -9.9569923000000005e-01   2.3868471167970878e-01
  -9.9548820999999998e-01   2.3912599763012610e-01
  -9.9526504000000005e-01   2.3959209251080021e-01
  -9.9502422999999995e-01   2.4009428086024298e-01
  -9.9476931999999996e-01   2.4062504451105104e-01
  -9.9450353999999996e-01   2.4117744794049395e-01
  -9.9423238000000003e-01   2.4173998283270809e-01
  -9.9395683000000001e-01   2.4231050394800160e-01
  -9.9367760999999999e-01   2.4288741775143316e-01
  -9.9339504999999995e-01   2.4346996193322520e-01
  -9.9310915000000000e-01   2.4405811188756951e-01
  -9.9281865000000002e-01   2.4465435494289994e-01
  -9.9252172999999999e-01   2.4526232300452966e-01
  -9.9221190000000004e-01   2.4589515057233413e-01
  -9.9188750000000003e-01   2.4655601997038176e-01
  -9.9154792000000003e-01   2.4724588365111977e-01
  -9.9119893999999997e-01   2.4795279539430182e-01
  -9.9084432000000000e-01   2.4866901524342547e-01
  -9.9048486999999996e-01   2.4939276201077373e-01
  -9.9012153999999997e-01   2.5012210085856196e-01
  -9.8975316999999996e-01   2.5085917765952209e-01
  -9.8937726000000004e-01   2.5160895631411889e-01
  -9.8898845999999996e-01   2.5238188343752804e-01
  -9.8858104999999996e-01   2.5318900752085433e-01
  -9.8815944000000000e-01   2.5402125554480082e-01
  -9.8773087000000004e-01   2.5486415266776913e-01
  -9.8729652000000001e-01   2.5571519897326345e-01
  -9.8685727999999995e-01   2.5657258579021092e-01
  -9.8641140999999999e-01   2.5743958198181321e-01
  -9.8595188000000000e-01   2.5832966627916792e-01
  -9.8547350000000000e-01   2.5925254734633058e-01
  -9.8497847000000005e-01   2.6020360421133343e-01
  -9.8447476000000000e-01   2.6116725882025266e-01
  -9.8396634999999999e-01   2.6213577287675877e-01
  -9.8345028000000001e-01   2.6311470166985296e-01
  -9.8292336999999996e-01   2.6410986314962648e-01
  -9.8236973000000005e-01   2.6515091497316701e-01
  -9.8180051999999995e-01   2.6621633858890542e-01
  -9.8122198999999999e-01   2.6729420724968384e-01
  -9.8063643000000000e-01   2.6838009527793627e-01
  -9.8004139999999995e-01   2.6947843437890306e-01
  -9.7942848999999998e-01   2.7060443990281902e-01
  -9.7878896999999998e-01   2.7177373643347147e-01
  -9.7813603999999998e-01   2.7296167002969529e-01
  -9.7747782999999999e-01   2.7415339993146615e-01
  -9.7680528000000000e-01   2.7536514136862589e-01
  -9.7610945000000005e-01   2.7661260243739377e-01
  -9.7539036999999995e-01   2.7789524865957693e-01
  -9.7466249999999999e-01   2.7918697744329929e-01
  -9.7392619000000002e-01   2.8048707383689991e-01
  -9.7316775000000000e-01   2.8181942250157271e-01
  -9.7239089000000001e-01   2.8317716289723194e-01
  -9.7158557999999995e-01   2.8457730891668670e-01
  -9.7078388999999998e-01   2.8596396924624196e-01
  -9.6994849999999999e-01   2.8740139213839155e-01
  -9.6908640000000001e-01   2.8887694063181890e-01
  -9.6822821999999997e-01   2.9033800658121067e-01
  -9.6734542999999995e-01   2.9183308379617312e-01
  -9.6644149000000001e-01   2.9335587530476404e-01
  -9.6553168000000000e-01   2.9488048236012548e-01
  -9.6459841999999996e-01   2.9643608278194405e-01
  -9.6364362999999997e-01   2.9801904694434905e-01
  -9.6270085999999999e-01   2.9957379653888971e-01
  -9.6170104000000001e-01   3.0121375693851171e-01
  -9.6070263000000000e-01   3.0284244828729967e-01
  -9.5970805999999997e-01   3.0445610585633226e-01
  -9.5866960000000001e-01   3.0613185454209230e-01
  -9.5761607000000004e-01   3.0782248960064040e-01
  -9.5657272999999998e-01   3.0948758854132224e-01
  -9.5550615000000005e-01   3.1118042330691131e-01
  -9.5438856999999999e-01   3.1294424208737981e-01
  -9.5329138000000002e-01   3.1466610679708640e-01
  -9.5220490999999996e-01   3.1636180427350030e-01
  -9.5101669000000000e-01   3.1820581835617123e-01
  -9.4984736000000003e-01   3.2000999082762926e-01
  -9.4871322999999996e-01   3.2175006523262628e-01
  -9.4750519000000000e-01   3.2359315414857975e-01
  -9.4625205999999995e-01   3.2549394621230848e-01
  -9.4503753000000001e-01   3.2732564683785720e-01
  -9.4382493999999995e-01   3.2914425643118062e-01
  -9.4253635000000002e-01   3.3106594694976960e-01
  -9.4119059999999999e-01   3.3306115657424046e-01
  -9.3988965000000002e-01   3.3497880846097050e-01
  -9.3861914000000002e-01   3.3684125054086161e-01
  -9.3722733000000003e-01   3.3886995435363126e-01
  -9.3575781000000002e-01   3.4099908945904522e-01
  -9.3434240000000002e-01   3.4303755500784450e-01
  -9.3299646000000003e-01   3.4496501737111979e-01
  -9.3155010000000005e-01   3.4702454958522866e-01
  -9.2997510999999999e-01   3.4925361859335874e-01
  -9.2834364999999996e-01   3.5154785173133535e-01
  -9.2680043000000001e-01   3.5370430901258332e-01
  -9.2531648000000000e-01   3.5576555343868443e-01
  -9.2378373000000003e-01   3.5788197312797126e-01
  -9.2210917999999997e-01   3.6017971404568927e-01
  -9.2027716000000004e-01   3.6267639599116819e-01
  -9.1838001000000002e-01   3.6524318082433227e-01
  -9.1652734999999996e-01   3.6773167147339253e-01
  -9.1477041999999997e-01   3.7007525359847726e-01
  -9.1307574000000002e-01   3.7232094335219451e-01
  -9.1138417000000005e-01   3.7454808525183314e-01
  -9.0964513999999996e-01   3.7682287888477856e-01
  -9.0780406999999996e-01   3.7921499225888428e-01
  -9.0584604999999996e-01   3.8174108683186964e-01
  -9.0378512000000000e-01   3.8438021039088455e-01
  -9.0160218000000003e-01   3.8715395870804331e-01
  -8.9928445000000001e-01   3.9007498395252493e-01
  -8.9689509000000001e-01   3.9306110996298976e-01
  -8.9447710999999996e-01   3.9605735159310912e-01
  -8.9206914000000004e-01   3.9901620531193260e-01
  -8.8971853000000001e-01   4.0188108057139121e-01
  -8.8746873999999998e-01   4.0460185424888651e-01
  -8.8532396999999996e-01   4.0717665776548390e-01
  -8.8326446999999997e-01   4.0963208873215473e-01
  -8.8109227999999995e-01   4.1220409959045656e-01
  -8.7852978000000004e-01   4.1521556424336248e-01
  -8.7549447999999996e-01   4.1875141562803120e-01
  -8.7230121000000005e-01   4.2243589834798495e-01
  -8.6934131999999997e-01   4.2581975631985713e-01
  -8.6681213000000001e-01   4.2868792253406901e-01
  -8.6424445999999999e-01   4.3157849700136858e-01
  -8.6091424000000005e-01   4.3529642673117436e-01
  -8.5755411999999998e-01   4.3901331693487472e-01
  -8.5470197999999997e-01   4.4214196685788054e-01
  -8.5193472999999997e-01   4.4515516617200568e-01
  -8.4827361000000001e-01   4.4910889887180877e-01
  -8.4524083000000005e-01   4.5235665202219966e-01
  -8.4254412000000001e-01   4.5522436330821781e-01
  -8.3875244000000004e-01   4.5922523065002752e-01
  -8.3553801000000005e-01   4.6258943584563567e-01
  -8.3267146999999997e-01   4.6556892152263490e-01
  -8.2876991000000000e-01   4.6959385789027908e-01
  -8.2507759999999997e-01   4.7337172837224550e-01
  -8.2107039999999998e-01   4.7743894740411280e-01
  -8.1753880000000001e-01   4.8099593682826897e-01
  -8.1367743999999997e-01   4.8485665251733423e-01
  -8.1041099000000005e-01   4.8810018695217305e-01
  -8.0675476999999995e-01   4.9170717943702968e-01
  -8.0330484000000002e-01   4.9508852157363997e-01
  -7.9976636999999995e-01   4.9853503193863941e-01
  -7.9592644999999995e-01   5.0225129299523763e-01
  -7.9217409999999999e-01   5.0585932083208041e-01
  -7.8791137000000000e-01   5.0993103060738854e-01
  -7.8366035000000001e-01   5.1396370930468793e-01
  -7.7915895999999996e-01   5.1820472306834209e-01
  -7.7541484000000005e-01   5.2170997110976236e-01
  -7.7091304999999999e-01   5.2589856354541820e-01
  -7.6714530999999997e-01   5.2938291910495694e-01
  -7.6270278999999996e-01   5.3346716873464128e-01
  -7.5802378000000004e-01   5.3774102992094597e-01
  -7.5493929000000004e-01   5.4054326598312996e-01
  -7.5031294999999998e-01   5.4472406745482860e-01
  -7.4570535999999998e-01   5.4886200231001070e-01
  -7.4176067999999995e-01   5.5238437762968273e-01
  -7.3693553999999994e-01   5.5666813115353386e-01
  -7.3244394000000002e-01   5.6063149828450010e-01
  -7.2817483000000005e-01   5.6437742864632057e-01
  -7.2332741000000000e-01   5.6860599779953402e-01
  -7.1900354000000000e-01   5.7235600978269363e-01
  -7.1485237999999995e-01   5.7593713881025532e-01
  -7.0994599999999997e-01   5.8014605727575941e-01
  -7.0584981999999996e-01   5.8364042868238897e-01
  -7.0208013000000002e-01   5.8684073333472464e-01
  -6.9716038999999996e-01   5.9099541135722522e-01
  -6.9231178999999998e-01   5.9506585820457836e-01
  -6.8786988000000004e-01   5.9877413532792201e-01
  -6.8306977999999996e-01   6.0275940748017609e-01
  -6.7805163999999996e-01   6.0690136349914425e-01
  -6.7370596999999999e-01   6.1046861468137292e-01
  -6.6901394000000003e-01   6.1429970460842387e-01
  -6.6393650999999998e-01   6.1842201225423976e-01
  -6.5890981000000004e-01   6.2247924700502077e-01
  -6.5487066999999999e-01   6.2572236493280819e-01
  -6.4994090999999998e-01   6.2966026334165281e-01
  -6.4481065999999998e-01   6.3373485353221248e-01
  -6.3986202000000003e-01   6.3764271481354928e-01
  -6.3528249000000003e-01   6.4123965650767600e-01
  -6.3031148999999997e-01   6.4512325976856189e-01
  -6.2512911000000004e-01   6.4914909348812810e-01
  -6.2002913999999998e-01   6.5308823859239407e-01
  -6.1622664000000005e-01   6.5601075868272285e-01
  -6.1170928000000002e-01   6.5946687662969417e-01
  -6.0649881000000005e-01   6.6343215537159561e-01
  -6.0125883000000002e-01   6.6739711370518628e-01
  -5.9623939000000004e-01   6.7117412272897614e-01
  -5.9204869999999998e-01   6.7431188631537498e-01
  -5.8682292999999996e-01   6.7820494201008996e-01
  -5.8152037000000001e-01   6.8213301746331656e-01
  -5.7625099000000002e-01   6.8601457062196503e-01
  -5.7153323000000000e-01   6.8947156108215057e-01
  -5.6746421000000002e-01   6.9243935856326344e-01
  -5.6219083000000003e-01   6.9626688288242922e-01
  -5.5683181999999998e-01   7.0013503758937623e-01
  -5.5148056999999995e-01   7.0397620375604852e-01
  -5.4643953000000001e-01   7.0757530118790168e-01
  -5.4166243000000003e-01   7.1096894817601441e-01
  -5.3637984999999999e-01   7.1470247732895043e-01
  -5.3096257000000002e-01   7.1851040903415631e-01
  -5.2552989000000006e-01   7.2230840940643171e-01
  -5.2016308000000000e-01   7.2604016068718280e-01
  -5.1528278000000005e-01   7.2941628963547067e-01
  -5.1043848000000003e-01   7.3275138440759824e-01
  -5.0500456999999999e-01   7.3647348763662901e-01
  -4.9951487999999999e-01   7.4021381346748327e-01
  -4.9401514000000002e-01   7.4394092318805605e-01
  -4.8855170999999997e-01   7.4762376903471550e-01
  -4.8359412000000002e-01   7.5094904407749286e-01
  -4.7858366000000002e-01   7.5429366503248185e-01
  -4.7308655999999999e-01   7.5794494894434705e-01
  -4.6753223999999999e-01   7.6161492265446296e-01
  -4.6196081999999999e-01   7.6527701317392416e-01
  -4.5639099999999999e-01   7.6891905277071326e-01
  -4.5089406999999998e-01   7.7249507601787515e-01
  -4.4656235000000000e-01   7.7530033804224296e-01
  -4.4169955999999999e-01   7.7843618059024389e-01
  -4.3615008000000000e-01   7.8199788589101626e-01
  -4.3052605999999999e-01   7.8558929676403966e-01
  -4.2488091000000000e-01   7.8917583544072900e-01
  -4.1922783000000002e-01   7.9274939116081011e-01
  -4.1358253000000000e-01   7.9630010290714470e-01
  -4.0804913999999998e-01   7.9976331337279705e-01
  -4.0335956000000001e-01   8.0268519278032224e-01
  -3.9835219999999999e-01   8.0579194749056171e-01
  -3.9270764000000002e-01   8.0927791939731486e-01
  -3.8700499999999999e-01   8.1278252567204889e-01
  -3.8128255999999999e-01   8.1628216122566855e-01
  -3.7554883000000000e-01   8.1977173119613289e-01
  -3.6980984000000000e-01   8.2324757007289884e-01
  -3.6407760000000000e-01   8.2670267382174611e-01
  -3.5842354999999998e-01   8.3009450704559673e-01
  -3.5388329000000002e-01   8.3280667841996703e-01
  -3.4893829999999998e-01   8.3574918335115511e-01
  -3.4323917999999998e-01   8.3912565475872203e-01
  -3.3746061999999999e-01   8.4253330134037230e-01
  -3.3165971000000000e-01   8.4593819792705383e-01
  -3.2584661999999998e-01   8.4933441655394659e-01
  -3.2002430999999998e-01   8.5272028832129265e-01
  -3.1419501000000000e-01   8.5609468216178974e-01
  -3.0836190000000002e-01   8.5945590943591810e-01
  -3.0253306000000002e-01   8.6279945394901503e-01
  -2.9674402999999999e-01   8.6610524327593952e-01
  -2.9141777000000002e-01   8.6913389151001708e-01
  -2.8630660000000002e-01   8.7202867178871657e-01
  -2.8051035000000002e-01   8.7529790003408980e-01
  -2.7464604999999997e-01   8.7859108326175217e-01
  -2.6876060000000002e-01   8.8188172714808999e-01
  -2.6286293999999999e-01   8.8516483289230408e-01
  -2.5695557000000002e-01   8.8843905259694445e-01
  -2.5104005000000001e-01   8.9170373945158854e-01
  -2.4511761000000001e-01   8.9495823852258949e-01
  -2.3918900000000001e-01   8.9820229985401245e-01
  -2.3325510999999999e-01   9.0143550604457212e-01
  -2.2731741000000000e-01   9.0465726543600100e-01
  -2.2137899000000000e-01   9.0786605216700789e-01
  -2.1545128000000000e-01   9.1105583707063664e-01
  -2.0963091000000000e-01   9.1417513920447968e-01
  -2.0450836999999999e-01   9.1691016240158019e-01
  -1.9921881000000000e-01   9.1972432287083694e-01
  -1.9331214999999999e-01   9.2285503080701692e-01
  -1.8734951999999999e-01   9.2600275439554536e-01
  -1.8136885999999999e-01   9.2914756822101241e-01
  -1.7537905000000001e-01   9.3228464385019283e-01
  -1.6938217000000000e-01   9.3541319309544468e-01
  -1.6337926999999999e-01   9.3853274674272424e-01
  -1.5737095000000001e-01   9.4164303070936350e-01
  -1.5135762999999999e-01   9.4474395043700288e-01
  -1.4533934000000001e-01   9.4783560455253590e-01
  -1.3931641000000000e-01   9.5091794023900755e-01
  -1.3328931999999999e-01   9.5399092256913731e-01
  -1.2725826000000001e-01   9.5705447655338960e-01
  -1.2122342999999999e-01   9.6010861988031582e-01
  -1.1518501000000000e-01   9.6315338056539834e-01
  -1.0914306999999999e-01   9.6618890633729104e-01
  -1.0309762000000000e-01   9.6921530698473424e-01
  -9.7049144000000004e-02   9.7223229207267059e-01
  -9.0997802000000003e-02   9.7524014920544522e-01
  -8.4943768000000003e-02   9.7823865580921909e-01
  -7.8887209999999999e-02   9.8122808982028797e-01
  -7.2828277999999996e-02   9.8420832199519670e-01
  -6.6766937999999998e-02   9.8717948163533953e-01
  -6.0703619000000000e-02   9.9014164847775799e-01
  -5.4638489999999998e-02   9.9309467731872425e-01
  -4.8571725000000003e-02   9.9603859282673202e-01
  -4.2503497000000001e-02   9.9897357371476281e-01
  -3.6433971000000002e-02   1.0018994548586539e+00
  -3.0363195999999999e-02   1.0048162888295624e+00
  -2.4291483999999999e-02   1.0077240254124300e+00
  -1.8219061000000002e-02   1.0106228373972628e+00
  -1.2146185000000000e-02   1.0135129487897798e+00
  -6.0729533000000004e-03   1.0163964797293581e+00
   0.0000000000000000e+00   1.0192678099999994e+00
   6.0729533000000004e-03   1.0221836209169775e+00
   1.2146185000000000e-02   1.0254701271412594e+00
   1.8219061000000002e-02   1.0281621639711569e+00
   2.4291483999999999e-02   1.0309243310990692e+00
   3.0363195999999999e-02   1.0337064729207961e+00
   3.6433971000000002e-02   1.0365054888092928e+00
   4.2503497000000001e-02   1.0393052490280339e+00
   4.8571725000000003e-02   1.0420981932420725e+00
   5.4638489999999998e-02   1.0448835711544402e+00
   6.0703619000000000e-02   1.0476608198223145e+00
   6.6766937999999998e-02   1.0504298069893951e+00
   7.2828277999999996e-02   1.0531906726179452e+00
   7.8887209999999999e-02   1.0559431533918415e+00
   8.4943768000000003e-02   1.0586874325825861e+00
   9.0997802000000003e-02   1.0614237562174316e+00
   9.7049144000000004e-02   1.0641518795551574e+00
   1.0309762000000000e-01   1.0668720983044255e+00
   1.0914306999999999e-01   1.0695841539776234e+00
   1.1518501000000000e-01   1.0722880951614326e+00
   1.2122342999999999e-01   1.0749839982283369e+00
   1.2725826000000001e-01   1.0776718445055378e+00
   1.3328931999999999e-01   1.0803516454421083e+00
   1.3931641000000000e-01   1.0830234032803294e+00
   1.4533934000000001e-01   1.0856871929873875e+00
   1.5135762999999999e-01   1.0883428214505872e+00
   1.5737095000000001e-01   1.0909902141118544e+00
   1.6337926999999999e-01   1.0936294621458964e+00
   1.6938217000000000e-01   1.0962604578443911e+00
   1.7537905000000001e-01   1.0988830997903023e+00
   1.8136885999999999e-01   1.1014970573101386e+00
   1.8734951999999999e-01   1.1041013098275643e+00
   1.9331214999999999e-01   1.1066923445136276e+00
   1.9921881000000000e-01   1.1092536609321524e+00
   2.0450836999999999e-01   1.1115430258484884e+00
   2.0963091000000000e-01   1.1137561260675652e+00
   2.1545128000000000e-01   1.1162660685417216e+00
   2.2137899000000000e-01   1.1188172387595854e+00
   2.2731741000000000e-01   1.1213680049439489e+00
   2.3325510999999999e-01   1.1239135625617296e+00
   2.3918900000000001e-01   1.1264526574716476e+00
   2.4511761000000001e-01   1.1289846698614363e+00
   2.5104005000000001e-01   1.1315093405096954e+00
   2.5695557000000002e-01   1.1340264027579481e+00
   2.6286293999999999e-01   1.1365355009180895e+00
   2.6876060000000002e-01   1.1390359566173971e+00
   2.7464604999999997e-01   1.1415268493963127e+00
   2.8051035000000002e-01   1.1440045310888038e+00
   2.8630660000000002e-01   1.1464493530254931e+00
   2.9141777000000002e-01   1.1486018277025045e+00
   2.9674402999999999e-01   1.1508415227951723e+00
   3.0253306000000002e-01   1.1532721228785101e+00
   3.0836190000000002e-01   1.1557154608561793e+00
   3.1419501000000000e-01   1.1581567139501496e+00
   3.2002430999999998e-01   1.1605926037032379e+00
   3.2584661999999998e-01   1.1630218372223762e+00
   3.3165971000000000e-01   1.1654435367304266e+00
   3.3746061999999999e-01   1.1678565937392242e+00
   3.4323917999999998e-01   1.1702568192037848e+00
   3.4893829999999998e-01   1.1726207574240086e+00
   3.5388329000000002e-01   1.1746691422167439e+00
   3.5842354999999998e-01   1.1765478419989075e+00
   3.6407760000000000e-01   1.1788845051028296e+00
   3.6980984000000000e-01   1.1812502843784816e+00
   3.7554883000000000e-01   1.1836157909819003e+00
   3.8128255999999999e-01   1.1859760023306987e+00
   3.8700499999999999e-01   1.1883286461391049e+00
   3.9270764000000002e-01   1.1906702202822568e+00
   3.9835219999999999e-01   1.1929851126873501e+00
   4.0335956000000001e-01   1.1950363913182922e+00
   4.0804913999999998e-01   1.1969556193707263e+00
   4.1358253000000000e-01   1.1992177528616617e+00
   4.1922783000000002e-01   1.2015230967988790e+00
   4.2488091000000000e-01   1.2038290041180633e+00
   4.3052605999999999e-01   1.2061292916068249e+00
   4.3615008000000000e-01   1.2084184410493959e+00
   4.4169955999999999e-01   1.2106750325356150e+00
   4.4656235000000000e-01   1.2126505359431643e+00
   4.5089406999999998e-01   1.2144087866999307e+00
   4.5639099999999999e-01   1.2166381454156083e+00
   4.6196081999999999e-01   1.2188949856646294e+00
   4.6753223999999999e-01   1.2211503878121952e+00
   4.7308655999999999e-01   1.2233968834784130e+00
   4.7858366000000002e-01   1.2256182395204425e+00
   4.8359412000000002e-01   1.2276413781504600e+00
   4.8855170999999997e-01   1.2296416024253995e+00
   4.9401514000000002e-01   1.2318443267548262e+00
   4.9951487999999999e-01   1.2340599384909177e+00
   5.0500456999999999e-01   1.2362697704364520e+00
   5.1043848000000003e-01   1.2384556193094260e+00
   5.1528278000000005e-01   1.2404029969774510e+00
   5.2016308000000000e-01   1.2423636155175075e+00
   5.2552989000000006e-01   1.2445182743801901e+00
   5.3096257000000002e-01   1.2466980162188848e+00
   5.3637984999999999e-01   1.2488703267401629e+00
   5.4166243000000003e-01   1.2509872864372886e+00
   5.4643953000000001e-01   1.2529006269578338e+00
   5.5148056999999995e-01   1.2549187784314864e+00
   5.5683181999999998e-01   1.2570599560255338e+00
   5.6219083000000003e-01   1.2592031311720338e+00
   5.6746421000000002e-01   1.2613110327775177e+00
   5.7153323000000000e-01   1.2629369124260852e+00
   5.7625099000000002e-01   1.2648212909230852e+00
   5.8152037000000001e-01   1.2669252130586413e+00
   5.8682292999999996e-01   1.2690415059085665e+00
   5.9204869999999998e-01   1.2711263495678071e+00
   5.9623939000000004e-01   1.2727977376777158e+00
   6.0125883000000002e-01   1.2747990738655759e+00
   6.0649881000000005e-01   1.2768877542879349e+00
   6.1170928000000002e-01   1.2789639737968519e+00
   6.1622664000000005e-01   1.2807636145174421e+00
   6.2002913999999998e-01   1.2822782113852740e+00
   6.2512911000000004e-01   1.2843091954260262e+00
   6.3031148999999997e-01   1.2863725124182830e+00
   6.3528249000000003e-01   1.2883513244085545e+00
   6.3986202000000003e-01   1.2901741239658389e+00
   6.4481065999999998e-01   1.2921435495659801e+00
   6.4994090999999998e-01   1.2941849480373666e+00
   6.5487066999999999e-01   1.2961464448464601e+00
   6.5890981000000004e-01   1.2977534462780007e+00
   6.6393650999999998e-01   1.2997532542064152e+00
   6.6901394000000003e-01   1.3017731905810639e+00
   6.7370596999999999e-01   1.3036398326250056e+00
   6.7805163999999996e-01   1.3053686445593446e+00
   6.8306977999999996e-01   1.3073651553566792e+00
   6.8786988000000004e-01   1.3092748934409695e+00
   6.9231178999999998e-01   1.3110422870857863e+00
   6.9716038999999996e-01   1.3129716976737034e+00
   7.0208013000000002e-01   1.3149296479019652e+00
   7.0584981999999996e-01   1.3164301518979598e+00
   7.0994599999999997e-01   1.3180607300023619e+00
   7.1485237999999995e-01   1.3200141290234053e+00
   7.1900354000000000e-01   1.3216672005707022e+00
   7.2332741000000000e-01   1.3233894131111417e+00
   7.2817483000000005e-01   1.3253205556569854e+00
   7.3244394000000002e-01   1.3270216737032103e+00
   7.3693553999999994e-01   1.3288120207661143e+00
   7.4176067999999995e-01   1.3307357620087530e+00
   7.4570535999999998e-01   1.3323089921145872e+00
   7.5031294999999998e-01   1.3341471495891397e+00
   7.5493929000000004e-01   1.3359934701992637e+00
   7.5802378000000004e-01   1.3372248673379763e+00
   7.6270278999999996e-01   1.3390934843812849e+00
   7.6714530999999997e-01   1.3408682929721103e+00
   7.7091304999999999e-01   1.3423741665176365e+00
   7.7541484000000005e-01   1.3441742113652946e+00
   7.7915895999999996e-01   1.3456719054596979e+00
   7.8366035000000001e-01   1.3474732885648202e+00
   7.8791137000000000e-01   1.3491754378556293e+00
   7.9217409999999999e-01   1.3508831002201722e+00
   7.9592644999999995e-01   1.3523871210238843e+00
   7.9976636999999995e-01   1.3539269318175424e+00
   8.0330484000000002e-01   1.3553466341099700e+00
   8.0675476999999995e-01   1.3567315563288260e+00
   8.1041099000000005e-01   1.3581999842722838e+00
   8.1367743999999997e-01   1.3595125721801544e+00
   8.1753880000000001e-01   1.3610651215731582e+00
   8.2107039999999998e-01   1.3624859593431584e+00
   8.2507759999999997e-01   1.3640991233897546e+00
   8.2876991000000000e-01   1.3655866660682112e+00
   8.3267146999999997e-01   1.3671595224938253e+00
   8.3553801000000005e-01   1.3683158942727021e+00
   8.3875244000000004e-01   1.3696134375742239e+00
   8.4254412000000001e-01   1.3711451706779967e+00
   8.4524083000000005e-01   1.3722353007583286e+00
   8.4827361000000001e-01   1.3734621155982989e+00
   8.5193472999999997e-01   1.3749442544101784e+00
   8.5470197999999997e-01   1.3760654070304554e+00
   8.5755411999999998e-01   1.3772218371331240e+00
   8.6091424000000005e-01   1.3785853150582816e+00
   8.6424445999999999e-01   1.3799379594737953e+00
   8.6681213000000001e-01   1.3809817514280740e+00
   8.6934131999999997e-01   1.3820107766302203e+00
   8.7230121000000005e-01   1.3832160039828059e+00
   8.7549447999999996e-01   1.3845176637481016e+00
   8.7852978000000004e-01   1.3857562689153691e+00
   8.8109227999999995e-01   1.3868029348721174e+00
   8.8326446999999997e-01   1.3876910826060145e+00
   8.8532396999999996e-01   1.3885338249066754e+00
   8.8746873999999998e-01   1.3894122179582074e+00
   8.8971853000000001e-01   1.3903344466580441e+00
   8.9206914000000004e-01   1.3912990578046414e+00
   8.9447710999999996e-01   1.3922883407950162e+00
   8.9689509000000001e-01   1.3932829305907000e+00
   8.9928445000000001e-01   1.3942668771590454e+00
   9.0160218000000003e-01   1.3952225962607050e+00
   9.0378512000000000e-01   1.3961238485506868e+00
   9.0584604999999996e-01   1.3969758496840803e+00
   9.0780406999999996e-01   1.3977862815186135e+00
   9.0964513999999996e-01   1.3985492548405958e+00
   9.1138417000000005e-01   1.3992708094524606e+00
   9.1307574000000002e-01   1.3999734918866655e+00
   9.1477041999999997e-01   1.4006783588633347e+00
   9.1652734999999996e-01   1.4014100234788074e+00
   9.1838001000000002e-01   1.4021826534029280e+00
   9.2027716000000004e-01   1.4029750744134566e+00
   9.2210917999999997e-01   1.4037415139940890e+00
   9.2378373000000003e-01   1.4044431461305262e+00
   9.2531648000000000e-01   1.4050862512919537e+00
   9.2680043000000001e-01   1.4057097096153781e+00
   9.2834364999999996e-01   1.4063589561091261e+00
   9.2997510999999999e-01   1.4070462948683424e+00
   9.3155010000000005e-01   1.4077108009114905e+00
   9.3299646000000003e-01   1.4083218718917181e+00
   9.3434240000000002e-01   1.4088912667327713e+00
   9.3575781000000002e-01   1.4094907903713965e+00
   9.3722733000000003e-01   1.4101140166436705e+00
   9.3861914000000002e-01   1.4107049639893836e+00
   9.3988965000000002e-01   1.4112449901259971e+00
   9.4119059999999999e-01   1.4117984702912338e+00
   9.4253635000000002e-01   1.4123715186477948e+00
   9.4382493999999995e-01   1.4129206938067098e+00
   9.4503753000000001e-01   1.4134378595990651e+00
   9.4625205999999995e-01   1.4139562137966535e+00
   9.4750519000000000e-01   1.4144913873315841e+00
   9.4871322999999996e-01   1.4150075861474609e+00
   9.4984736000000003e-01   1.4154924686877688e+00
   9.5101669000000000e-01   1.4159926045219304e+00
   9.5220490999999996e-01   1.4165010166744616e+00
   9.5329138000000002e-01   1.4169660201943599e+00
   9.5438856999999999e-01   1.4174357256777057e+00
   9.5550615000000005e-01   1.4179142880456128e+00
   9.5657272999999998e-01   1.4183710861944427e+00
   9.5761607000000004e-01   1.4188180203088954e+00
   9.5866960000000001e-01   1.4192693648562651e+00
   9.5970805999999997e-01   1.4197143164050641e+00
   9.6070263000000000e-01   1.4201404735666487e+00
   9.6170104000000001e-01   1.4205683271033605e+00
   9.6270085999999999e-01   1.4209967916901254e+00
   9.6364362999999997e-01   1.4214008191204970e+00
   9.6459841999999996e-01   1.4218099883649078e+00
   9.6553168000000000e-01   1.4222099067656413e+00
   9.6644149000000001e-01   1.4225997810338413e+00
   9.6734542999999995e-01   1.4229871121598965e+00
   9.6822821999999997e-01   1.4233653215199544e+00
   9.6908640000000001e-01   1.4237329373048571e+00
   9.6994849999999999e-01   1.4241022009883115e+00
   9.7078388999999998e-01   1.4244599534859770e+00
   9.7158557999999995e-01   1.4248032309425378e+00
   9.7239089000000001e-01   1.4251480098271521e+00
   9.7316775000000000e-01   1.4254805484468505e+00
   9.7392619000000002e-01   1.4258051593106298e+00
   9.7466249999999999e-01   1.4261202399556752e+00
   9.7539036999999995e-01   1.4264316784261644e+00
   9.7610945000000005e-01   1.4267392881828003e+00
   9.7680528000000000e-01   1.4270369140769579e+00
   9.7747782999999999e-01   1.4273245513266848e+00
   9.7813603999999998e-01   1.4276043557375986e+00
   9.7878896999999998e-01   1.4278798220022806e+00
   9.7942848999999998e-01   1.4281495651484732e+00
   9.8004139999999995e-01   1.4284079796507061e+00
   9.8063643000000000e-01   1.4286587952053544e+00
   9.8122198999999999e-01   1.4289055310025831e+00
   9.8180051999999995e-01   1.4291492415843394e+00
   9.8236973000000005e-01   1.4293889377502746e+00
   9.8292336999999996e-01   1.4296220256476850e+00
   9.8345028000000001e-01   1.4298437735923843e+00
   9.8396634999999999e-01   1.4300609104654893e+00
   9.8447476000000000e-01   1.4302747496400368e+00
   9.8497847000000005e-01   1.4304865554212782e+00
   9.8547350000000000e-01   1.4306946609934645e+00
   9.8595188000000000e-01   1.4308957328268355e+00
   9.8641140999999999e-01   1.4310888391267669e+00
   9.8685727999999995e-01   1.4312761492675825e+00
   9.8729652000000001e-01   1.4314606606874265e+00
   9.8773087000000004e-01   1.4316430743414066e+00
   9.8815944000000000e-01   1.4318230452559346e+00
   9.8858104999999996e-01   1.4320000661297361e+00
   9.8898845999999996e-01   1.4321710852076301e+00
   9.8937726000000004e-01   1.4323343020335331e+00
   9.8975316999999996e-01   1.4324920743819420e+00
   9.9012153999999997e-01   1.4326466654152392e+00
   9.9048486999999996e-01   1.4327991451142943e+00
   9.9084432000000000e-01   1.4329499629576048e+00
   9.9119893999999997e-01   1.4330987630139036e+00
   9.9154792000000003e-01   1.4332451794264778e+00
   9.9188750000000003e-01   1.4333876462426616e+00
   9.9221190000000004e-01   1.4335237479146736e+00
   9.9252172999999999e-01   1.4336537030914496e+00
   9.9281865000000002e-01   1.4337782678117579e+00
   9.9310915000000000e-01   1.4339001279562520e+00
   9.9339504999999995e-01   1.4340200673819297e+00
   9.9367760999999999e-01   1.4341385842855736e+00
   9.9395683000000001e-01   1.4342557039196830e+00
   9.9423238000000003e-01   1.4343712999514060e+00
   9.9450353999999996e-01   1.4344850403807230e+00
   9.9476931999999996e-01   1.4345965163310554e+00
   9.9502422999999995e-01   1.4347034506837684e+00
   9.9526504000000005e-01   1.4348044510969216e+00
   9.9548820999999998e-01   1.4348980759460788e+00
   9.9569923000000005e-01   1.4349865931358727e+00
   9.9590301000000003e-01   1.4350720841955453e+00
   9.9610228000000001e-01   1.4351556801139305e+00
   9.9629838999999998e-01   1.4352379439662735e+00
   9.9649158999999998e-01   1.4353189897807630e+00
   9.9668243999999995e-01   1.4353990610022154e+00
   9.9687124999999999e-01   1.4354782713614895e+00
   9.9705798999999995e-01   1.4355566112427636e+00
   9.9724243999999995e-01   1.4356340028462500e+00
   9.9742321000000000e-01   1.4357098490818243e+00
   9.9760123999999994e-01   1.4357845508407125e+00
   9.9777450999999995e-01   1.4358572503506655e+00
   9.9794181999999998e-01   1.4359274515478253e+00
   9.9810102000000001e-01   1.4359942574314652e+00
   9.9824939999999995e-01   1.4360565245848504e+00
   9.9838512000000001e-01   1.4361134921605871e+00
   9.9850958000000001e-01   1.4361657204630867e+00
   9.9862594999999998e-01   1.4362145503547150e+00
   9.9873575999999997e-01   1.4362606521472583e+00
   9.9884068000000004e-01   1.4363046861060720e+00
   9.9894382999999998e-01   1.4363479942551938e+00
   9.9904517999999998e-01   1.4363905250526023e+00
   9.9914537000000003e-01   1.4364326019350135e+00
   9.9924531000000005e-01   1.4364745582255247e+00
   9.9934515000000002e-01   1.4365164843768250e+00
   9.9944582000000004e-01   1.4365587625608600e+00
   9.9954730999999997e-01   1.4366013966897535e+00
   9.9965137000000004e-01   1.4366451055645988e+00
   9.9975981999999997e-01   1.4366906859234252e+00
   9.9987422999999997e-01   1.4367387950700083e+00
   1.0000000000000000e+00   1.4367917312435103e+00
