&startptsrz

  nptsrz  = 513         ! 513 R-Z points generated by YQ Liu
  phinrz  = 0.          ! reference toroidal angle in degrees
  nphinrz = 24          ! 24 toroidal planes starting at 0

  ptsrz(1:2,1:513)=
   2.2971074119490920e-01  -2.2396665960191625e-01
   2.2995834195134351e-01  -2.3577618417477747e-01
   2.3023368295039498e-01  -2.4757721097519092e-01
   2.3053732703336624e-01  -2.5938343323656027e-01
   2.3086916630245571e-01  -2.7120307246370590e-01
   2.3123056652181712e-01  -2.8303099877211713e-01
   2.3162382298823125e-01  -2.9485278136557797e-01
   2.3204923916712103e-01  -3.0665736971931373e-01
   2.3250299802691729e-01  -3.1844726799454237e-01
   2.3297871989982458e-01  -3.3023697529608803e-01
   2.3347220564570390e-01  -3.4204067043416692e-01
   2.3398545702255233e-01  -3.5385975221893440e-01
   2.3452603698137139e-01  -3.6568131372790119e-01
   2.3510161855376377e-01  -3.7748925223227303e-01
   2.3571400402614423e-01  -3.8927853769708126e-01
   2.3635788555627890e-01  -4.0106004956244590e-01
   2.3702588585516318e-01  -4.1285134717532901e-01
   2.3771590934206074e-01  -4.2466105702735607e-01
   2.3843437057451994e-01  -4.3648048239550857e-01
   2.3919192455481175e-01  -4.4829014436116793e-01
   2.3999464158709230e-01  -4.6007608570580788e-01
   2.4083783330143183e-01  -4.7184202898208699e-01
   2.4170807570250755e-01  -4.8360666607834690e-01
   2.4259244297074908e-01  -4.9538800373350728e-01
   2.4348788749857661e-01  -5.0718798532761977e-01
   2.4440326990474898e-01  -5.1899066497559598e-01
   2.4535234177815038e-01  -5.3077573160977598e-01
   2.4634332504824330e-01  -5.4253593016667645e-01
   2.4737350131750735e-01  -5.5428339633799606e-01
   2.4843305332795174e-01  -5.6603933326338773e-01
   2.4951474067435261e-01  -5.7781581113814784e-01
   2.5062125178284239e-01  -5.8960534272415155e-01
   2.5176419829958435e-01  -6.0138721998672118e-01
   2.5295583005070599e-01  -6.1314507738176782e-01
   2.5420056320979051e-01  -6.2488039115299343e-01
   2.5549325922082150e-01  -6.3661020966002346e-01
   2.5682515288830454e-01  -6.4835129313872653e-01
   2.5819175445480846e-01  -6.6010487356595804e-01
   2.5959567069863310e-01  -6.7185575125989749e-01
   2.6104220568718278e-01  -6.8358668359847263e-01
   2.6253233914941493e-01  -6.9529515815918508e-01
   2.6406015153421547e-01  -7.0699706481464597e-01
   2.6561768173580935e-01  -7.1871311503234014e-01
   2.6720317048474052e-01  -7.3044938046813668e-01
   2.6882502486247412e-01  -7.4218927524993861e-01
   2.7049710505593294e-01  -7.5390500619580414e-01
   2.7222845462257728e-01  -7.6557965908535375e-01
   2.7401581020175697e-01  -7.7722134078164906e-01
   2.7584537768849199e-01  -7.8885701387134366e-01
   2.7770278672249593e-01  -8.0051087884293282e-01
   2.7958326787914423e-01  -8.1218556672900277e-01
   2.8149392323556682e-01  -8.2386213772934735e-01
   2.8344672707472657e-01  -8.3551858063850115e-01
   2.8544876269840369e-01  -8.4715024363597280e-01
   2.8749828861277682e-01  -8.5877379139604160e-01
   2.8958967802614738e-01  -8.7041084688061687e-01
   2.9172201358317978e-01  -8.8206587321922403e-01
   2.9390259453649842e-01  -8.9371870532864972e-01
   2.9614117419120600e-01  -9.0533973027259351e-01
   2.9843948785350904e-01  -9.1691546006993419e-01
   3.0078566606403651e-01  -9.2846201950306584e-01
   3.0315956425260643e-01  -9.4001355972375944e-01
   3.0554556880264855e-01  -9.5159429028236509e-01
   3.0794229620854946e-01  -9.6319793025857348e-01
   3.1036044031127225e-01  -9.7479309784332158e-01
   3.1280984043706711e-01  -9.8635113928676987e-01
   3.1528643821247787e-01  -9.9787283535021865e-01
   3.1777065716055131e-01  -1.0093901840827382e+00
   3.2023958961005583e-01  -1.0209402381243122e+00
   3.2268365177991037e-01  -1.0325324738033184e+00
   3.2511412642837068e-01  -1.0441380133264795e+00
   3.2755523389713270e-01  -1.0557113968174539e+00
   3.3002723294080349e-01  -1.0672278652331801e+00
   3.3253463588827126e-01  -1.0787050571991834e+00
   3.3506926337462462e-01  -1.0901903594452327e+00
   3.3762509410480912e-01  -1.1017239610335425e+00
   3.4021161738657685e-01  -1.1133083072159360e+00
   3.4285362314039203e-01  -1.1249089626462050e+00
   3.4557711935932917e-01  -1.1364844378198979e+00
   3.4839309833258170e-01  -1.1480173084922634e+00
   3.5129250048338923e-01  -1.1595186572492899e+00
   3.5425539780988730e-01  -1.1710033884987374e+00
   3.5726441617901389e-01  -1.1824625799178370e+00
   3.6030880138408644e-01  -1.1938638538736892e+00
   3.6337516150036181e-01  -1.2051852530308309e+00
   3.6643532557479308e-01  -1.2164537579326604e+00
   3.6944717066374189e-01  -1.2277484536310725e+00
   3.7237411674117282e-01  -1.2391543911796525e+00
   3.7521089709902811e-01  -1.2506973213768271e+00
   3.7799350781008123e-01  -1.2623132819545277e+00
   3.8078075574348735e-01  -1.2738855129508535e+00
   3.8361804329741761e-01  -1.2853271787013034e+00
   3.8651184349048162e-01  -1.2966457364521216e+00
   3.8943853646212928e-01  -1.3079330770029600e+00
   3.9238447789077602e-01  -1.3192842838996337e+00
   3.9538582237168979e-01  -1.3307116780501655e+00
   3.9853184362274929e-01  -1.3421335108459962e+00
   4.0192257998348002e-01  -1.3534588824018592e+00
   4.0561226606929496e-01  -1.3647017159062647e+00
   4.0959099080064515e-01  -1.3760097637381854e+00
   4.1383629420590129e-01  -1.3875387324046120e+00
   4.1841326688637481e-01  -1.3992174395614232e+00
   4.2355372457764001e-01  -1.4105560277628124e+00
   4.2964164983832998e-01  -1.4206592913372362e+00
   4.3708367608537924e-01  -1.4284973243737007e+00
   4.4611975637206402e-01  -1.4333200843103007e+00
   4.5667830735528769e-01  -1.4349931884020322e+00
   4.6836491256237528e-01  -1.4340603130924776e+00
   4.8059981086134457e-01  -1.4314921986033324e+00
   4.9283335472850531e-01  -1.4282648884998066e+00
   5.0472606618686411e-01  -1.4250015023182399e+00
   5.1620718440046709e-01  -1.4218558847921292e+00
   5.2740208537173461e-01  -1.4186564620770574e+00
   5.3849283432450068e-01  -1.4151748349403919e+00
   5.4960126103781937e-01  -1.4113340273498558e+00
   5.6075075850533940e-01  -1.4072454398343854e+00
   5.7190167065148145e-01  -1.4030959129458755e+00
   5.8301060902357360e-01  -1.3990000450619886e+00
   5.9406307354760968e-01  -1.3949308298942833e+00
   6.0506343805497542e-01  -1.3907616758675028e+00
   6.1600459094181625e-01  -1.3863653826045987e+00
   6.2685192362405984e-01  -1.3816854664985507e+00
   6.3755786946183990e-01  -1.3767345282754935e+00
   6.4809356613636726e-01  -1.3715409833284347e+00
   6.5846936405268119e-01  -1.3661027229790592e+00
   6.6872660637417347e-01  -1.3603889896005075e+00
   6.7890801666903433e-01  -1.3543821609315672e+00
   6.8903115493961808e-01  -1.3481151577636596e+00
   6.9908509686901654e-01  -1.3416671426890907e+00
   7.0904996192607628e-01  -1.3351201280073222e+00
   7.1892040743950136e-01  -1.3285146892132391e+00
   7.2871290792313492e-01  -1.3218431465225617e+00
   7.3845230985065902e-01  -1.3150846462284134e+00
   7.4815139589946411e-01  -1.3082493123008063e+00
   7.5780241564480810e-01  -1.3013906049440596e+00
   7.6738808392248037e-01  -1.2945727142265413e+00
   7.7690206608337808e-01  -1.2878190259196163e+00
   7.8636068355096989e-01  -1.2810849374712301e+00
   7.9579522317809781e-01  -1.2742792667807423e+00
   8.0523079864175129e-01  -1.2673194764116389e+00
   8.1466892777512911e-01  -1.2601793549164753e+00
   8.2408763560222287e-01  -1.2528948927842478e+00
   8.3345829348299216e-01  -1.2455278852723728e+00
   8.4276510236712832e-01  -1.2381189801673982e+00
   8.5201201216297495e-01  -1.2306668924988629e+00
   8.6121319538541141e-01  -1.2231461450972410e+00
   8.7037689930533768e-01  -1.2155436191229314e+00
   8.7949710821175808e-01  -1.2078808515754245e+00
   8.8855969623042297e-01  -1.2002037691330882e+00
   8.9755687969355891e-01  -1.1925501707307697e+00
   9.0649690403067718e-01  -1.1849231924108048e+00
   9.1540049124802148e-01  -1.1772922126686520e+00
   9.2428714860653849e-01  -1.1696185972737201e+00
   9.3316285316249659e-01  -1.1618835512704273e+00
   9.4201892029753165e-01  -1.1540955810485607e+00
   9.5084198682001708e-01  -1.1462739562772362e+00
   9.5962576652091047e-01  -1.1384249006670435e+00
   9.6837440319150681e-01  -1.1305318334694672e+00
   9.7709513663916858e-01  -1.1225671287938612e+00
   9.8578744730067702e-01  -1.1145136887483738e+00
   9.9443868028660465e-01  -1.1063769264274605e+00
   1.0030302079027200e+00  -1.0981774010803200e+00
   1.0115489213384303e+00  -1.0899318989615174e+00
   1.0199943423140110e+00  -1.0816404386439842e+00
   1.0283756173903578e+00  -1.0732903862897047e+00
   1.0367014018084508e+00  -1.0648728441838951e+00
   1.0449714939689227e+00  -1.0563952911606791e+00
   1.0531771345302063e+00  -1.0478779479506843e+00
   1.0613090946279848e+00  -1.0393361595530102e+00
   1.0693659587312228e+00  -1.0307639682757823e+00
   1.0773551182148848e+00  -1.0221336430573593e+00
   1.0852856171553964e+00  -1.0134126377139403e+00
   1.0931591997912293e+00  -1.0045848391510623e+00
   1.1009674265568727e+00  -9.9565953269209639e-01
   1.1086973592385150e+00  -9.8666191298483286e-01
   1.1163408510114909e+00  -9.7761401413569771e-01
   1.1238994071070791e+00  -9.6852180681882494e-01
   1.1313804759097150e+00  -9.5937755217055032e-01
   1.1387884156915207e+00  -9.5017271889188026e-01
   1.1461178675770711e+00  -9.4090808528953362e-01
   1.1533550895916689e+00  -9.3159134258811893e-01
   1.1604859914336805e+00  -9.2222479358416865e-01
   1.1675040763677529e+00  -9.1279538863031973e-01
   1.1744118967109889e+00  -9.0327773362603370e-01
   1.1812154066146461e+00  -8.9364930597520509e-01
   1.1879166219082089e+00  -8.8390602328824175e-01
   1.1945111069084684e+00  -8.7406531207285965e-01
   1.2009922357979352e+00  -8.6415387069349825e-01
   1.2073580796525134e+00  -8.5418980693014168e-01
   1.2136145030174472e+00  -8.4417314325934045e-01
   1.2197715026081331e+00  -8.3409134210802560e-01
   1.2258358530604274e+00  -8.2393398524354777e-01
   1.2318064157868172e+00  -8.1370370956594673e-01
   1.2376761658601645e+00  -8.0341460923623642e-01
   1.2434391571559951e+00  -7.9308056027975604e-01
   1.2490963873200931e+00  -7.8270441150274128e-01
   1.2546555298623325e+00  -7.7227760135050871e-01
   1.2601248591911975e+00  -7.6179016391591692e-01
   1.2655067336603758e+00  -7.5124194497131425e-01
   1.2707963649273923e+00  -7.4064508702344944e-01
   1.2759870025289684e+00  -7.3001580749676687e-01
   1.2810770910595277e+00  -7.1936291444206457e-01
   1.2860732097587260e+00  -7.0868307770893568e-01
   1.2909861608276756e+00  -6.9796655693347776e-01
   1.2958233667580306e+00  -6.8720771048042062e-01
   1.3005838268500405e+00  -6.7641055003347683e-01
   1.3052596868808219e+00  -6.6558435429543783e-01
   1.3098429308416077e+00  -6.5473353040517113e-01
   1.3143315450961457e+00  -6.4385125952231403e-01
   1.3187301967590639e+00  -6.3292320768356880e-01
   1.3230452887367610e+00  -6.2193861548065965e-01
   1.3272789999259325e+00  -6.1089934908510024e-01
   1.3314275546456076e+00  -5.9981897326388844e-01
   1.3354850602180230e+00  -5.8871235133107025e-01
   1.3394492810586431e+00  -5.7758435483081394e-01
   1.3433240215845104e+00  -5.6642699444461508e-01
   1.3471158344240488e+00  -5.5522710173502510e-01
   1.3508279067766269e+00  -5.4397787109154183e-01
   1.3544567320095953e+00  -5.3268468429161209e-01
   1.3579950803081153e+00  -5.2136097711525120e-01
   1.3614395006009692e+00  -5.1001859645777059e-01
   1.3647965181342820e+00  -4.9866148775128749e-01
   1.3680822916234960e+00  -4.8728795066880132e-01
   1.3713153778624572e+00  -4.7589852837409879e-01
   1.3745075173373289e+00  -4.6450126878522147e-01
   1.3776588019415874e+00  -4.5310842799777412e-01
   1.3807601422942237e+00  -4.4172663368149823e-01
   1.3838004768262808e+00  -4.3034900255832687e-01
   1.3867730327016803e+00  -4.1895682811498125e-01
   1.3896764681256384e+00  -4.0753073937782819e-01
   1.3925113508299269e+00  -3.9606319790195849e-01
   1.3952761754848331e+00  -3.8456274250884837e-01
   1.3979669408326132e+00  -3.7304683200012717e-01
   1.4005805719213329e+00  -3.6152910430090696e-01
   1.4031185819827419e+00  -3.5001092959134977e-01
   1.4055868197616506e+00  -3.3848310757823652e-01
   1.4079905513703084e+00  -3.2693510037771040e-01
   1.4103286270672499e+00  -3.1536349079323350e-01
   1.4125920904978240e+00  -3.0377293397785649e-01
   1.4147695236124951e+00  -2.9216988219135265e-01
   1.4168557786974727e+00  -2.8055547845692902e-01
   1.4188570496468993e+00  -2.6892407738671531e-01
   1.4207869089473373e+00  -2.5726826424269805e-01
   1.4226544324470223e+00  -2.4558532728777460e-01
   1.4244523397173550e+00  -2.3387919865539608e-01
   1.4261548260756409e+00  -2.2215648066466737e-01
   1.4277292594867559e+00  -2.1042081909209076e-01
   1.4291561638036228e+00  -1.9867126155486212e-01
   1.4304444942194980e+00  -1.8690612777068671e-01
   1.4316299352805384e+00  -1.7512828349955023e-01
   1.4327535972885950e+00  -1.6334600408866587e-01
   1.4338316643737523e+00  -1.5156766636570304e-01
   1.4348347017494762e+00  -1.3979469111259071e-01
   1.4356922139555235e+00  -1.2801959188884146e-01
   1.4363241955626149e+00  -1.1623196953694136e-01
   1.4366845327879925e+00  -1.0442803843166006e-01
   1.4367917312435103e+00  -9.2615310289803979e-02
   1.4367273131516940e+00  -8.0807436787838402e-02
   1.4365995973937555e+00  -6.9012584845147315e-02
   1.4364906398341879e+00  -5.7225007009031596e-02
   1.4364147231193789e+00  -4.5427850515530541e-02
   1.4363110704452684e+00  -3.3606412216295005e-02
   1.4360744259671103e+00  -2.1762029420099093e-02
   1.4356061010771162e+00  -9.9152754981519896e-03
   1.4348576257125696e+00   1.9051225618854910e-03
   1.4338451832738628e+00   1.3680120114085027e-02
   1.4326311135692604e+00   2.5411881934126548e-02
   1.4312872586426595e+00   3.7120576878092233e-02
   1.4298626398490475e+00   4.8829231096320681e-02
   1.4283713946069820e+00   6.0548287702646406e-02
   1.4268019508451553e+00   7.2271053080705291e-02
   1.4251356784124543e+00   8.3982078966293852e-02
   1.4233605441508137e+00   9.5670359011169645e-02
   1.4214726644213644e+00   1.0733621240242500e-01
   1.4194692569665133e+00   1.1898693920883512e-01
   1.4173422515867851e+00   1.3062617740657470e-01
   1.4150793338698175e+00   1.4224702008847498e-01
   1.4126716686461809e+00   1.5383527535885178e-01
   1.4101215762088493e+00   1.6538020798272715e-01
   1.4074435892163311e+00   1.7688352691310019e-01
   1.4046578455868175e+00   1.8835879409924267e-01
   1.4017807430804643e+00   1.9982145907122320e-01
   1.3988194084270629e+00   2.1127747331739524e-01
   1.3957729662796121e+00   2.2271944555973755e-01
   1.3926382067656005e+00   2.3413294258383754e-01
   1.3894145084906646e+00   2.4550735496469217e-01
   1.3861045959711535e+00   2.5684255131598183e-01
   1.3827118552084954e+00   2.6814667809325399e-01
   1.3792376946471838e+00   2.7942803441806102e-01
   1.3756816476049782e+00   2.9068843006431766e-01
   1.3720437374197212e+00   3.0192330582067312e-01
   1.3683262655022090e+00   3.1312748782007305e-01
   1.3645328444353821e+00   3.2430061719729386e-01
   1.3606654366359101e+00   3.3544717297472776e-01
   1.3567224594743239e+00   3.4657146267179112e-01
   1.3527003520084520e+00   3.5767281917514171e-01
   1.3485978198453614e+00   3.6874603882776780e-01
   1.3444191629730937e+00   3.7978705317214073e-01
   1.3401733577590345e+00   3.9079861479649403e-01
   1.3358689392415171e+00   4.0179026668459078e-01
   1.3315084073835390e+00   4.1277171340747248e-01
   1.3270866145351070e+00   4.2374471371222955e-01
   1.3225945660926695e+00   4.3470038538517969e-01
   1.3180257107992024e+00   4.4562458397740612e-01
   1.3133797693857916e+00   4.5650727937994739e-01
   1.3086612032468423e+00   4.6734839520223181e-01
   1.3038738636756273e+00   4.7815545282939026e-01
   1.2990164559514386e+00   4.8893520176460864e-01
   1.2940826112673147e+00   4.9968641177100664e-01
   1.2890653468191888e+00   5.1039989258840268e-01
   1.2839619649137624e+00   5.2106555652677433e-01
   1.2787751693487279e+00   5.3168030970580193e-01
   1.2735095354719881e+00   5.4224990197233058e-01
   1.2681665105970703e+00   5.5278310782914464e-01
   1.2627423424162616e+00   5.6328321797454473e-01
   1.2572307106544658e+00   5.7374411916655521e-01
   1.2516276913588400e+00   5.8415428854760099e-01
   1.2459346402604226e+00   5.9450525962194367e-01
   1.2401564136675354e+00   6.0479735192014628e-01
   1.2342964368556726e+00   6.1503789183101676e-01
   1.2283528993938231e+00   6.2523363832188172e-01
   1.2223193864360709e+00   6.3538405737282366e-01
   1.2161893970469246e+00   6.4548124246974092e-01
   1.2099608267741553e+00   6.5551643665201753e-01
   1.2036365448071862e+00   6.6548734825844924e-01
   1.1972206212630097e+00   6.7539974184689944e-01
   1.1907135577541206e+00   6.8526172531892515e-01
   1.1841107262168542e+00   6.9507547528078495e-01
   1.1774053922684431e+00   7.0483340310190612e-01
   1.1705936780892305e+00   7.1452202860964853e-01
   1.1636771338793066e+00   7.2413031374798253e-01
   1.1566607102748663e+00   7.3365550132149315e-01
   1.1495479831828117e+00   7.4310175876152051e-01
   1.1423379002870389e+00   7.5247317079841081e-01
   1.1350259587294613e+00   7.6176746775267878e-01
   1.1276087764143925e+00   7.7097614518501623e-01
   1.1200879661414085e+00   7.8009095461974853e-01
   1.1124697752324355e+00   7.8911102283355061e-01
   1.1047606579258029e+00   7.9804406774426817e-01
   1.0969625567704411e+00   8.0690010728210904e-01
   1.0890719871887733e+00   8.1568257952527190e-01
   1.0810837250348988e+00   8.2438433689516155e-01
   1.0729958574509377e+00   8.3299224708679853e-01
   1.0648117323572608e+00   8.4149709880958234e-01
   1.0565370493684048e+00   8.4990098452310359e-01
   1.0481746340527447e+00   8.5821614254383427e-01
   1.0397215510918085e+00   8.6645601684842444e-01
   1.0311712419980079e+00   8.7462554423116579e-01
   1.0225190026043420e+00   8.8271827883601750e-01
   1.0137661737083843e+00   8.9072235749063833e-01
   1.0049195284813468e+00   8.9863000113776037e-01
   9.9598657838572047e-01   9.0644219041014629e-01
   9.8697116497271631e-01   9.1416395821392915e-01
   9.7787347947021130e-01   9.2179355552538178e-01
   9.6869463700336700e-01   9.2931445304733562e-01
   9.5944158973061378e-01   9.3669811414385751e-01
   9.5012737647242607e-01   9.4391814985186884e-01
   9.4076537071561561e-01   9.5096803224566662e-01
   9.3136132687295869e-01   9.5787108080273198e-01
   9.2190925699763293e-01   9.6467551057748213e-01
   9.1239446487468723e-01   9.7143625007234458e-01
   9.0280154284362557e-01   9.7819309360835760e-01
   8.9312134390541176e-01   9.8495655394653481e-01
   8.8335201912394845e-01   9.9170767352670397e-01
   8.7349422830371415e-01   9.9840958010400105e-01
   8.6354536819434324e-01   1.0050221053298583e+00
   8.5349817293320218e-01   1.0115100890417157e+00
   8.4334498138494574e-01   1.0178411366880464e+00
   8.3308384219627729e-01   1.0239762293430208e+00
   8.2272079469598924e-01   1.0298620637597073e+00
   8.1226565436972920e-01   1.0354339925743803e+00
   8.0172393359283378e-01   1.0406326520024007e+00
   7.9109078767677499e-01   1.0454287263550646e+00
   7.8035155963502789e-01   1.0498435563407946e+00
   7.6948886702580910e-01   1.0539526727060979e+00
   7.5849198712566612e-01   1.0578661588090299e+00
   7.4736351517220490e-01   1.0616912719132794e+00
   7.3612074250829240e-01   1.0654930629591133e+00
   7.2479225890403731e-01   1.0692716716933239e+00
   7.1341150376654927e-01   1.0729678037049550e+00
   7.0200842255978047e-01   1.0764935264200481e+00
   6.9060012028463347e-01   1.0797715682321631e+00
   6.7918297372698833e-01   1.0827610341773630e+00
   6.6773090199900298e-01   1.0854547367637373e+00
   6.5620422023332259e-01   1.0878497803685305e+00
   6.4456871974363583e-01   1.0899093687421417e+00
   6.3281732612148744e-01   1.0915401628979717e+00
   6.2098229857899567e-01   1.0926015176673163e+00
   6.0912915288543878e-01   1.0929447418130285e+00
   5.9733382311087413e-01   1.0924627753702474e+00
   5.8565555740430242e-01   1.0911241367914681e+00
   5.7412151315419235e-01   1.0889738961004698e+00
   5.6273153972317858e-01   1.0861035710033811e+00
   5.5147787106320234e-01   1.0826095059442988e+00
   5.4036430877712005e-01   1.0785644449525200e+00
   5.2941076365359208e-01   1.0740163577638435e+00
   5.1864114719417009e-01   1.0690089828052169e+00
   5.0806651238867795e-01   1.0636029540483001e+00
   4.9768015355036366e-01   1.0578755536718172e+00
   4.8747280059737225e-01   1.0518923832762881e+00
   4.7746003543150722e-01   1.0456659659806444e+00
   4.6770262222513848e-01   1.0391297429399966e+00
   4.5830263381281960e-01   1.0321508926649261e+00
   4.4937321009845427e-01   1.0245834652516819e+00
   4.4099717622685652e-01   1.0163376705956177e+00
   4.3319736255733921e-01   1.0074284740439505e+00
   4.2593413037284339e-01   9.9797611118245255e-01
   4.1912875211567358e-01   9.8815783827701864e-01
   4.1269666648493647e-01   9.7813784918750968e-01
   4.0657160916540719e-01   9.6801351871265517e-01
   4.0071081444134049e-01   9.5780416859518192e-01
   3.9508512331803919e-01   9.4748163281345721e-01
   3.8966616578517638e-01   9.3701769385560552e-01
   3.8442119843854727e-01   9.2641708454970417e-01
   3.7931774991831302e-01   9.1571872800497578e-01
   3.7433231377621701e-01   9.0497107955769018e-01
   3.6945550269242805e-01   8.9420345739011975e-01
   3.6469031777429062e-01   8.8341415515211641e-01
   3.6004591852367840e-01   8.7258085601539359e-01
   3.5553175254819197e-01   8.6168204385816705e-01
   3.5115496515771200e-01   8.5071206986898140e-01
   3.4692034593031956e-01   8.3968029920195042e-01
   3.4283025887479207e-01   8.2859865932234467e-01
   3.3888327847326449e-01   8.1747041149447808e-01
   3.3507278052924910e-01   8.0628996116579055e-01
   3.3138770415639929e-01   7.9505267143977176e-01
   3.2781607067862362e-01   7.8376467180358500e-01
   3.2434922099239721e-01   7.7244301543807781e-01
   3.2098371590005098e-01   7.6110541256963138e-01
   3.1771953114280893e-01   7.4975817064557859e-01
   3.1455614318206215e-01   7.3839276150458155e-01
   3.1148972636852845e-01   7.2699418483253953e-01
   3.0851355629191324e-01   7.1555432041094180e-01
   3.0562088589220715e-01   7.0407929210994158e-01
   3.0280754768171375e-01   6.9258498287240788e-01
   3.0007204460043013e-01   6.8108480222208612e-01
   2.9741333300589495e-01   6.6958013905928948e-01
   2.9482859677881895e-01   6.5806135585183334e-01
   2.9231319592892813e-01   6.4651804044235250e-01
   2.8986285079898227e-01   6.3494939461814515e-01
   2.8747601007498969e-01   6.2336573648951199e-01
   2.8515418843636992e-01   6.1177990716114428e-01
   2.8289994745692787e-01   6.0019611125289130e-01
   2.8071434207945839e-01   5.8860589838921507e-01
   2.7859606673455212e-01   5.7699482334073604e-01
   2.7654284995529571e-01   5.6535418071987142e-01
   2.7455346348976095e-01   5.5368795175817043e-01
   2.7262810249718633e-01   5.4200930762616006e-01
   2.7076647393620668e-01   5.3032996928734688e-01
   2.6896526685518374e-01   5.1865168140949325e-01
   2.6721757776480071e-01   5.0696694450584967e-01
   2.6551538733839664e-01   4.9526791121667130e-01
   2.6385354880951389e-01   4.8355521210943497e-01
   2.6223228000134335e-01   4.7183864200947928e-01
   2.6065620827675895e-01   4.6012892360576779e-01
   2.5913074860847252e-01   4.4842777456663135e-01
   2.5765865940416510e-01   4.3672520680080695e-01
   2.5623925227428429e-01   4.2500684025009072e-01
   2.5487030361482471e-01   4.1326532189452414e-01
   2.5355040679303792e-01   4.0150625722286271e-01
   2.5227935514158556e-01   3.8974362824708170e-01
   2.5105623854973697e-01   3.7798858606826818e-01
   2.4987732031152832e-01   3.6624108469578048e-01
   2.4873620900385049e-01   3.5449126118826729e-01
   2.4762686325939801e-01   3.4272900897583242e-01
   2.4654728542755278e-01   3.3095318441583826e-01
   2.4550079526663673e-01   3.1917239884271453e-01
   2.4449349447014923e-01   3.0739688646153585e-01
   2.4352956082835503e-01   2.9562887433550122e-01
   2.4260780240769531e-01   2.8386023206523436e-01
   2.4172194970019836e-01   2.7207972257793905e-01
   2.4086428865132820e-01   2.6028355584446067e-01
   2.4002984221725485e-01   2.4847977595820511e-01
   2.3921827591209580e-01   2.3668220019013542e-01
   2.3843281907684008e-01   2.2489876920330312e-01
   2.3767776410411348e-01   2.1312429715327932e-01
   2.3695662536688863e-01   2.0134413189332720e-01
   2.3627167819183162e-01   1.8954599004801226e-01
   2.3562397613299518e-01   1.7773013413402286e-01
   2.3501276867917284e-01   1.6590928536055227e-01
   2.3443460348868617e-01   1.5409827400680906e-01
   2.3388367769900653e-01   1.4230210016296238e-01
   2.3335450852461501e-01   1.3051238636228701e-01
   2.3284578385154811e-01   1.1871502414485664e-01
   2.3236234183936200e-01   1.0690231175138919e-01
   2.3191280085418375e-01   9.5079197263371606e-02
   2.3150356230810251e-01   8.3258486836257431e-02
   2.3113331165440579e-01   7.1449450621984462e-02
   2.3079262552784424e-01   5.9649858570645517e-02
   2.3046985390474786e-01   4.7848306507574948e-02
   2.3015944513908279e-01   3.6034598782722228e-02
   2.2986639082236715e-01   2.4208918698963206e-02
   2.2960290115261803e-01   1.2381677162101002e-02
   2.2937926954701127e-01   5.6421943789144720e-04
   2.2919563405649254e-01  -1.1241326718580771e-02
   2.2904104253155352e-01  -2.3044005895434913e-02
   2.2890082811019960e-01  -3.4855989033754378e-02
   2.2876690669353644e-01  -4.6681614253761154e-02
   2.2864328357009953e-01  -5.8513268975928408e-02
   2.2854271767365314e-01  -7.0337896834822139e-02
   2.2847728034783030e-01  -8.2148511537468313e-02
   2.2845009407636435e-01  -9.3950560866162616e-02
   2.2845430848176765e-01  -1.0575738818539086e-01
   2.2847950028518399e-01  -1.1757860459467456e-01
   2.2851997947542951e-01  -1.2941152034987610e-01
   2.2857844744443534e-01  -1.4124324469988711e-01
   2.2866264286385679e-01  -1.5306176992422313e-01
   2.2877834803318972e-01  -1.6486641976091454e-01
   2.2892469498752344e-01  -1.7666848279275327e-01
   2.2909527528977758e-01  -1.8848138433602318e-01
   2.2928351984834719e-01  -2.0030894778506864e-01
   2.2948754844665681e-01  -2.1214205099470052e-01
   2.2971074119490920e-01  -2.2396665960191597e-01

&END
