   0.0000000e+00   3.7186443e-04
   1.0000000e-02   3.7221195e-04
   2.0000000e-02   3.7286422e-04
   3.0000000e-02   3.7387445e-04
   4.0000000e-02   3.7524350e-04
   5.0000000e-02   3.7696235e-04
   6.0000000e-02   3.7901651e-04
   7.0000000e-02   3.8139255e-04
   8.0000000e-02   3.8408059e-04
   9.0000000e-02   3.8707427e-04
   1.0000000e-01   3.9037116e-04
   1.1000000e-01   3.9397114e-04
   1.2000000e-01   3.9787571e-04
   1.3000000e-01   4.0208802e-04
   1.4000000e-01   4.0661107e-04
   1.5000000e-01   4.1144894e-04
   1.6000000e-01   4.1660875e-04
   1.7000000e-01   4.2209902e-04
   1.8000000e-01   4.2792953e-04
   1.9000000e-01   4.3411138e-04
   2.0000000e-01   4.4065633e-04
   2.1000000e-01   4.4757606e-04
   2.2000000e-01   4.5488388e-04
   2.3000000e-01   4.6259468e-04
   2.4000000e-01   4.7072490e-04
   2.5000000e-01   4.7929189e-04
   2.6000000e-01   4.8831425e-04
   2.7000000e-01   4.9781188e-04
   2.8000000e-01   5.0780544e-04
   2.9000000e-01   5.1831775e-04
   3.0000000e-01   5.2937332e-04
   3.1000000e-01   5.4099835e-04
   3.2000000e-01   5.5322150e-04
   3.3000000e-01   5.6607356e-04
   3.4000000e-01   5.7958675e-04
   3.5000000e-01   5.9379570e-04
   3.6000000e-01   6.0874069e-04
   3.7000000e-01   6.2446922e-04
   3.8000000e-01   6.4103586e-04
   3.9000000e-01   6.5850036e-04
   4.0000000e-01   6.7692804e-04
   4.1000000e-01   6.9639024e-04
   4.2000000e-01   7.1696660e-04
   4.3000000e-01   7.3874604e-04
   4.4000000e-01   7.6182460e-04
   4.5000000e-01   7.8630534e-04
   4.6000000e-01   8.1230077e-04
   4.7000000e-01   8.3993581e-04
   4.8000000e-01   8.6934765e-04
   4.9000000e-01   9.0068536e-04
   5.0000000e-01   9.3410721e-04
   5.1000000e-01   9.6979055e-04
   5.2000000e-01   1.0079412e-03
   5.3000000e-01   1.0487976e-03
   5.4000000e-01   1.0926178e-03
   5.5000000e-01   1.1396753e-03
   5.6000000e-01   1.1902470e-03
   5.7000000e-01   1.2446387e-03
   5.8000000e-01   1.3032154e-03
   5.9000000e-01   1.3663885e-03
   6.0000000e-01   1.4346077e-03
   6.1000000e-01   1.5083673e-03
   6.2000000e-01   1.5882192e-03
   6.3000000e-01   1.6747809e-03
   6.4000000e-01   1.7687468e-03
   6.5000000e-01   1.8709022e-03
   6.6000000e-01   1.9821258e-03
   6.7000000e-01   2.1034142e-03
   6.8000000e-01   2.2358960e-03
   6.9000000e-01   2.3808561e-03
   7.0000000e-01   2.5397680e-03
   7.1000000e-01   2.7143108e-03
   7.2000000e-01   2.9064338e-03
   7.3000000e-01   3.1183756e-03
   7.4000000e-01   3.3527525e-03
   7.5000000e-01   3.6126111e-03
   7.6000000e-01   3.9015230e-03
   7.7000000e-01   4.2237258e-03
   7.8000000e-01   4.5842142e-03
   7.9000000e-01   4.9890322e-03
   8.0000000e-01   5.4453725e-03
   8.1000000e-01   5.9620174e-03
   8.2000000e-01   6.5496247e-03
   8.3000000e-01   7.2213702e-03
   8.4000000e-01   7.9936727e-03
   8.5000000e-01   8.8870082e-03
   8.6000000e-01   9.9276909e-03
   8.7000000e-01   1.1148860e-02
   8.8000000e-01   1.2594692e-02
   8.9000000e-01   1.4322288e-02
   9.0000000e-01   1.6409461e-02
   9.1000000e-01   1.8961732e-02
   9.2000000e-01   2.2125038e-02
   9.3000000e-01   2.6113167e-02
   9.4000000e-01   3.1223422e-02
   9.5000000e-01   3.7963958e-02
   9.6000000e-01   4.7108024e-02
   9.7000000e-01   5.9837659e-02
   9.8000000e-01   7.6471877e-02
   9.9000000e-01   9.4557375e-02
   1.0000000e+00   1.1277250e-01
