   2.0452317e-01   2.4361005e-01
   2.0966195e-01   2.4303553e-01
   2.1548844e-01   2.4204042e-01
   2.2141697e-01   2.4100239e-01
   2.2735586e-01   2.3993698e-01
   2.3329370e-01   2.3884638e-01
   2.3922752e-01   2.3773138e-01
   2.4515591e-01   2.3659252e-01
   2.5107793e-01   2.3543030e-01
   2.5699275e-01   2.3424517e-01
   2.6289901e-01   2.3303774e-01
   2.6879406e-01   2.3180891e-01
   2.7467283e-01   2.3056013e-01
   2.8051070e-01   2.2929723e-01
   2.8605107e-01   2.2807787e-01
   2.9114775e-01   2.2693845e-01
   2.9687269e-01   2.2563854e-01
   3.0270295e-01   2.2429318e-01
   3.0854166e-01   2.2292435e-01
   3.1437780e-01   2.2153485e-01
   3.2020746e-01   2.2012595e-01
   3.2602815e-01   2.1869860e-01
   3.3183667e-01   2.1725397e-01
   3.3762542e-01   2.1579440e-01
   3.4333971e-01   2.1433443e-01
   3.4853162e-01   2.1299165e-01
   3.5353274e-01   2.1168375e-01
   3.5922994e-01   2.1017679e-01
   3.6497511e-01   2.0863904e-01
   3.7072289e-01   2.0708270e-01
   3.7646385e-01   2.0551066e-01
   3.8219163e-01   2.0392504e-01
   3.8789170e-01   2.0233037e-01
   3.9345705e-01   2.0075758e-01
   3.9844355e-01   1.9933534e-01
   4.0364036e-01   1.9784027e-01
   4.0927798e-01   1.9620381e-01
   4.1494366e-01   1.9454424e-01
   4.2060594e-01   1.9287102e-01
   4.2625254e-01   1.9118815e-01
   4.3185288e-01   1.8950533e-01
   4.3695665e-01   1.8796006e-01
   4.4141670e-01   1.8660081e-01
   4.4687352e-01   1.8492675e-01
   4.5245482e-01   1.8320226e-01
   4.5804289e-01   1.8146361e-01
   4.6361611e-01   1.7971789e-01
   4.6913895e-01   1.7797679e-01
   4.7425431e-01   1.7635452e-01
   4.7911728e-01   1.7480397e-01
   4.8459539e-01   1.7304786e-01
   4.9011273e-01   1.7126943e-01
   4.9561958e-01   1.6948497e-01
   5.0106468e-01   1.6771162e-01
   5.0577758e-01   1.6616987e-01
   5.1069820e-01   1.6455362e-01
   5.1609711e-01   1.6277289e-01
   5.2154959e-01   1.6096700e-01
   5.2698113e-01   1.5916090e-01
   5.3219425e-01   1.5742108e-01
   5.3669811e-01   1.5591321e-01
   5.4190183e-01   1.5416582e-01
   5.4728220e-01   1.5235357e-01
   5.5265549e-01   1.5053845e-01
   5.5787773e-01   1.4876966e-01
   5.6217293e-01   1.4731163e-01
   5.6711582e-01   1.4563041e-01
   5.7243422e-01   1.4381780e-01
   5.7774749e-01   1.4200349e-01
   5.8286536e-01   1.4025299e-01
   5.8648718e-01   1.3901266e-01
   5.9168339e-01   1.3723117e-01
   5.9695448e-01   1.3542196e-01
   6.0213003e-01   1.3364387e-01
   6.0688015e-01   1.3201079e-01
   6.1170781e-01   1.3035021e-01
   6.1691164e-01   1.2855960e-01
   6.2205955e-01   1.2678793e-01
   6.2604498e-01   1.2541635e-01
   6.3027073e-01   1.2396225e-01
   6.3539598e-01   1.2219919e-01
   6.4051114e-01   1.2044052e-01
   6.4453181e-01   1.1905901e-01
   6.4895231e-01   1.1754120e-01
   6.5403295e-01   1.1579840e-01
   6.5906961e-01   1.1407276e-01
   6.6260949e-01   1.1286133e-01
   6.6701734e-01   1.1135465e-01
   6.7206473e-01   1.0963206e-01
   6.7691367e-01   1.0798015e-01
   6.8118917e-01   1.0652621e-01
   6.8619221e-01   1.0482820e-01
   6.9109059e-01   1.0316945e-01
   6.9456119e-01   1.0199656e-01
   6.9942705e-01   1.0035560e-01
   7.0434040e-01   9.8702927e-02
   7.0876602e-01   9.7218160e-02
   7.1348574e-01   9.5638896e-02
   7.1828440e-01   9.4037765e-02
   7.2276826e-01   9.2545917e-02
   7.2746281e-01   9.0988436e-02
   7.3208824e-01   8.9458408e-02
   7.3654143e-01   8.7989607e-02
   7.4131455e-01   8.6419887e-02
   7.4538711e-01   8.5084276e-02
   7.4993619e-01   8.3596332e-02
   7.5465019e-01   8.2058668e-02
   7.5756761e-01   8.1109088e-02
   7.6209289e-01   7.9639064e-02
   7.6647352e-01   7.8219105e-02
   7.7087441e-01   7.6795236e-02
   7.7528445e-01   7.5370605e-02
   7.7865447e-01   7.4283090e-02
   7.8306268e-01   7.2861587e-02
   7.8612720e-01   7.1873865e-02
   7.9059256e-01   7.0435050e-02
   7.9425079e-01   6.9256510e-02
   7.9854687e-01   6.7872563e-02
   8.0233236e-01   6.6653129e-02
   8.0635920e-01   6.5356008e-02
   8.0985750e-01   6.4229276e-02
   8.1362557e-01   6.3015948e-02
   8.1645271e-01   6.2105930e-02
   8.2055148e-01   6.0787381e-02
   8.2412666e-01   5.9638358e-02
   8.2806894e-01   5.8373025e-02
   8.3140297e-01   5.7304739e-02
   8.3428682e-01   5.6382407e-02
   8.3815890e-01   5.5147128e-02
   8.4131969e-01   5.4141991e-02
   8.4410206e-01   5.3260083e-02
   8.4779628e-01   5.2094126e-02
   8.5114623e-01   5.1042615e-02
   8.5397564e-01   5.0159521e-02
   8.5697210e-01   4.9230078e-02
   8.6044426e-01   4.8161652e-02
   8.6366258e-01   4.7180776e-02
   8.6629897e-01   4.6384968e-02
   8.6872577e-01   4.5659298e-02
   8.7137112e-01   4.4876609e-02
   8.7435723e-01   4.4004704e-02
   8.7743272e-01   4.3121101e-02
   8.8048005e-01   4.2261761e-02
   8.8338679e-01   4.1458852e-02
   8.8609620e-01   4.0726863e-02
   8.8864745e-01   4.0053587e-02
   8.9110039e-01   3.9422291e-02
   8.9351409e-01   3.8817857e-02
   8.9591548e-01   3.8234486e-02
   8.9830491e-01   3.7673384e-02
   9.0068084e-01   3.7136276e-02
   9.0304065e-01   3.6625122e-02
   9.0535226e-01   3.6147774e-02
   9.0754733e-01   3.5717655e-02
   9.0954609e-01   3.5347161e-02
   9.1135064e-01   3.5031205e-02
   9.1307091e-01   3.4747367e-02
   9.1481777e-01   3.4477126e-02
   9.1667641e-01   3.4209697e-02
   9.1858393e-01   3.3956389e-02
   9.2036873e-01   3.3737801e-02
   9.2198525e-01   3.3553910e-02
   9.2354345e-01   3.3387829e-02
   9.2517724e-01   3.3223522e-02
   9.2685882e-01   3.3062372e-02
   9.2841009e-01   3.2918214e-02
   9.2984927e-01   3.2785813e-02
   9.3134178e-01   3.2647037e-02
   9.3289321e-01   3.2497717e-02
   9.3430832e-01   3.2353588e-02
   9.3564638e-01   3.2207187e-02
   9.3706875e-01   3.2037299e-02
   9.3845900e-01   3.1853523e-02
   9.3973892e-01   3.1666006e-02
   9.4105844e-01   3.1451908e-02
   9.4238078e-01   3.1214231e-02
   9.4362658e-01   3.0967730e-02
   9.4486071e-01   3.0700992e-02
   9.4611405e-01   3.0406547e-02
   9.4731258e-01   3.0102577e-02
   9.4847766e-01   2.9786234e-02
   9.4968104e-01   2.9438377e-02
   9.5080901e-01   2.9093528e-02
   9.5193578e-01   2.8731717e-02
   9.5307554e-01   2.8349094e-02
   9.5415658e-01   2.7971726e-02
   9.5524511e-01   2.7578482e-02
   9.5631893e-01   2.7178288e-02
   9.5736510e-01   2.6777251e-02
   9.5840751e-01   2.6367114e-02
   9.5943907e-01   2.5951158e-02
   9.6043011e-01   2.5542233e-02
   9.6144951e-01   2.5112135e-02
   9.6240418e-01   2.4700588e-02
   9.6337933e-01   2.4271312e-02
   9.6432596e-01   2.3845755e-02
   9.6525444e-01   2.3419582e-02
   9.6617289e-01   2.2989101e-02
   9.6707159e-01   2.2558956e-02
   9.6794550e-01   2.2131952e-02
   9.6880954e-01   2.1701115e-02
   9.6965613e-01   2.1270478e-02
   9.7049655e-01   2.0834593e-02
   9.7129900e-01   2.0410598e-02
   9.7209355e-01   1.9983362e-02
   9.7287594e-01   1.9555607e-02
   9.7363704e-01   1.9132967e-02
   9.7437702e-01   1.8716142e-02
   9.7510183e-01   1.8302482e-02
   9.7581757e-01   1.7889074e-02
   9.7652207e-01   1.7477714e-02
   9.7718959e-01   1.7084198e-02
   9.7784826e-01   1.6692675e-02
   9.7849576e-01   1.6305007e-02
   9.7913551e-01   1.5919646e-02
   9.7975687e-01   1.5543506e-02
   9.8035472e-01   1.5180235e-02
   9.8093823e-01   1.4824738e-02
   9.8151516e-01   1.4472685e-02
   9.8208322e-01   1.4125866e-02
   9.8264035e-01   1.3785909e-02
   9.8317288e-01   1.3461478e-02
   9.8368919e-01   1.3147745e-02
   9.8419705e-01   1.2840244e-02
   9.8469895e-01   1.2537738e-02
   9.8519445e-01   1.2240763e-02
   9.8568010e-01   1.1951578e-02
   9.8614693e-01   1.1675621e-02
   9.8659253e-01   1.1414278e-02
   9.8703013e-01   1.1159794e-02
   9.8746253e-01   1.0910628e-02
   9.8789016e-01   1.0666620e-02
   9.8831211e-01   1.0428360e-02
   9.8872542e-01   1.0197559e-02
   9.8912467e-01   9.9771610e-03
   9.8950386e-01   9.7702866e-03
   9.8987125e-01   9.5722330e-03
   9.9023382e-01   9.3791828e-03
   9.9059195e-01   9.1909400e-03
   9.9094611e-01   9.0072621e-03
   9.9129585e-01   8.8283904e-03
   9.9163976e-01   8.6550183e-03
   9.9197465e-01   8.4886763e-03
   9.9228960e-01   8.3345401e-03
   9.9259143e-01   8.1889608e-03
   9.9288356e-01   8.0501025e-03
   9.9316998e-01   7.9159271e-03
   9.9345256e-01   7.7854972e-03
   9.9373191e-01   7.6584737e-03
   9.9400741e-01   7.5350865e-03
   9.9427909e-01   7.4152489e-03
   9.9454607e-01   7.2992777e-03
   9.9480675e-01   7.1877580e-03
   9.9505897e-01   7.0814712e-03
   9.9529521e-01   6.9833579e-03
   9.9551501e-01   6.8933237e-03
   9.9572171e-01   6.8097415e-03
   9.9592235e-01   6.7296203e-03
   9.9611899e-01   6.6520551e-03
   9.9631269e-01   6.5765700e-03
   9.9650405e-01   6.5028927e-03
   9.9669284e-01   6.4310599e-03
   9.9687944e-01   6.3608956e-03
   9.9706401e-01   6.2923031e-03
   9.9724644e-01   6.2252837e-03
   9.9742586e-01   6.1601161e-03
   9.9760193e-01   6.0968765e-03
   9.9777366e-01   6.0358672e-03
   9.9793960e-01   5.9775329e-03
   9.9809767e-01   5.9225226e-03
   9.9824515e-01   5.8716806e-03
   9.9837999e-01   5.8255997e-03
   9.9850351e-01   5.7837211e-03
   9.9861911e-01   5.7448116e-03
   9.9872848e-01   5.7082457e-03
   9.9883259e-01   5.6736650e-03
   9.9893508e-01   5.6398283e-03
   9.9903580e-01   5.6067750e-03
   9.9913545e-01   5.5742658e-03
   9.9923491e-01   5.5420074e-03
   9.9933441e-01   5.5099197e-03
   9.9943494e-01   5.4776851e-03
   9.9953637e-01   5.4453450e-03
   9.9964130e-01   5.4120840e-03
   9.9975120e-01   5.3774497e-03
   9.9986821e-01   5.3408073e-03
   1.0000000e+00   5.2998068e-03
