   3.9951448000000002e-03  -2.2810474955537553e-02
   1.1971707999999999e-02  -9.3386046713027479e-04
   1.9948789000000001e-02   4.9565110262767813e-03
   2.7921642999999999e-02   8.7004515307169059e-03
   3.5888332000000002e-02   1.0854420957939684e-02
   4.3847338999999999e-02   1.2182125836539338e-02
   5.1797647000000002e-02   1.3011099052962931e-02
   5.9737113000000001e-02   1.3538906806155592e-02
   6.7664083000000000e-02   1.3878856225533566e-02
   7.5577855999999999e-02   1.4102866973636691e-02
   8.3476827000000003e-02   1.4244727750662989e-02
   9.1357623999999998e-02   1.4320194289639446e-02
   9.9217609999999998e-02   1.4342149343913308e-02
   1.0705425000000000e-01   1.4325850319962745e-02
   1.1486024000000000e-01   1.4284249936175327e-02
   1.2262249000000000e-01   1.4225074877740088e-02
   1.3032213000000001e-01   1.4153281229425487e-02
   1.3792314999999999e-01   1.4072489676223361e-02
   1.4530872000000000e-01   1.3987573657283802e-02
   1.5220022000000000e-01   1.3904441981069545e-02
   1.5800676999999999e-01   1.3832162824668764e-02
   1.6186380000000000e-01   1.3783361776201920e-02
   1.6378133000000000e-01   1.3758908813021858e-02
   1.6471213000000001e-01   1.3746985486628694e-02
   1.6527338999999999e-01   1.3739778522181108e-02
   1.6567660000000001e-01   1.3734592391945835e-02
   1.6602664000000000e-01   1.3730085554393010e-02
   1.6637684000000000e-01   1.3725570660258184e-02
   1.6678645000000000e-01   1.3720283487025245e-02
   1.6736469000000001e-01   1.3712806313942826e-02
   1.6833740999999999e-01   1.3700190564105801e-02
   1.7032958000000001e-01   1.3674191759033128e-02
   1.7430667000000000e-01   1.3621606407729237e-02
   1.8020849999999999e-01   1.3541909119500090e-02
   1.8712809999999999e-01   1.3446516113654414e-02
   1.9451382000000000e-01   1.3342888106499806e-02
   2.0209092000000001e-01   1.3234636593352595e-02
   2.0975605999999999e-01   1.3123330668417013e-02
   2.1747319000000001e-01   1.3009713667897473e-02
   2.2522220000000001e-01   1.2894221563703154e-02
   2.3298993000000001e-01   1.2777422915898857e-02
   2.4077000000000001e-01   1.2659711778302560e-02
   2.4855911999999999e-01   1.2540810532875209e-02
   2.5635468000000000e-01   1.2420748898568555e-02
   2.6415443000000000e-01   1.2299934673800866e-02
   2.7195721000000000e-01   1.2178304250909542e-02
   2.7976231000000001e-01   1.2055721502074668e-02
   2.8756906999999998e-01   1.1932177751514502e-02
   2.9537686000000002e-01   1.1807715263458678e-02
   3.0318531999999998e-01   1.1682316657236035e-02
   3.1099416000000002e-01   1.1555933430065826e-02
   3.1880308000000002e-01   1.1428974742165343e-02
   3.2661182000000000e-01   1.1301196999884732e-02
   3.3442008000000001e-01   1.1171467850639777e-02
   3.4222742000000000e-01   1.1039569969755489e-02
   3.5003332999999998e-01   1.0906247119613572e-02
   3.5783725999999999e-01   1.0772235662417789e-02
   3.6563838999999998e-01   1.0635863829303366e-02
   3.7343504999999999e-01   1.0495348206163728e-02
   3.8122521999999998e-01   1.0351354072924701e-02
   3.8900642000000002e-01   1.0202839541859441e-02
   3.9677504000000002e-01   1.0047683515917638e-02
   4.0452569999999999e-01   9.8858674486135521e-03
   4.1225475000000000e-01   9.7190911966844075e-03
   4.1996063000000000e-01   9.5489699161050469e-03
   4.2764087000000001e-01   9.3761211654862595e-03
   4.3529124000000002e-01   9.2012327532543375e-03
   4.4290913999999998e-01   9.0250148993360410e-03
   4.5049454000000000e-01   8.8472534153191396e-03
   4.5804603999999999e-01   8.6678351565651589e-03
   4.6556150000000002e-01   8.4873734834049440e-03
   4.7303703000000002e-01   8.3062330318690002e-03
   4.8047147000000001e-01   8.1247799646571185e-03
   4.8786557000000003e-01   7.9441293468389337e-03
   4.9521799000000000e-01   7.7642912276050385e-03
   5.0252741999999995e-01   7.5842652130698731e-03
   5.0979056000000000e-01   7.4046311471958962e-03
   5.1700542000000005e-01   7.2265247448548304e-03
   5.2417285999999996e-01   7.0502806996939676e-03
   5.3129256999999996e-01   6.8757811406138635e-03
   5.3836348000000001e-01   6.7027502993530184e-03
   5.4538452000000004e-01   6.5309737609880293e-03
   5.5235456999999999e-01   6.3609734730917704e-03
   5.5927121999999996e-01   6.1937374401511234e-03
   5.6613192000000001e-01   6.0293335353308261e-03
   5.7293632000000005e-01   5.8672728963739020e-03
   5.7968364999999999e-01   5.7072061174251367e-03
   5.8637123000000002e-01   5.5498585896156024e-03
   5.9299524000000003e-01   5.3962694567361962e-03
   5.9954989000000003e-01   5.2457975979626949e-03
   6.0602584999999998e-01   5.0981426786783964e-03
   6.1240687000000005e-01   4.9544228282838981e-03
   6.1866226999999996e-01   4.8153884602171867e-03
   6.2472828999999996e-01   4.6819784703894434e-03
   6.3046110000000000e-01   4.5571332946264479e-03
   6.3552397000000005e-01   4.4480566843160714e-03
   6.3928567999999997e-01   4.3679254180704289e-03
   6.4150136000000002e-01   4.3211422095812959e-03
   6.4267936999999997e-01   4.2963914272726982e-03
   6.4333660000000004e-01   4.2826167123847887e-03
   6.4374418000000000e-01   4.2740861073908357e-03
   6.4404974999999998e-01   4.2676963858784252e-03
   6.4430688999999997e-01   4.2623233498489425e-03
   6.4454465999999999e-01   4.2573580293584594e-03
   6.4478628999999998e-01   4.2523152608545589e-03
   6.4506459000000005e-01   4.2465108267896838e-03
   6.4541470999999995e-01   4.2392136641249325e-03
   6.4589448999999999e-01   4.2292245672832787e-03
   6.4666727000000002e-01   4.2131581564302870e-03
   6.4817873000000004e-01   4.1818130012452118e-03
   6.5099525999999996e-01   4.1236593702460638e-03
   6.5519285999999999e-01   4.0376258931851825e-03
   6.6031192999999999e-01   3.9338604526800054e-03
   6.6587490000000005e-01   3.8226645935770845e-03
   6.7161813000000004e-01   3.7096555479246818e-03
   6.7742632999999997e-01   3.5970007836364035e-03
   6.8324779999999996e-01   3.4854610182295568e-03
   6.8905678999999997e-01   3.3762101823043267e-03
   6.9483890999999998e-01   3.2699602722596633e-03
   7.0058509999999996e-01   3.1660463028581050e-03
   7.0628873999999997e-01   3.0643294020421077e-03
   7.1194404000000000e-01   2.9653745831894280e-03
   7.1754481000000003e-01   2.8694607488267605e-03
   7.2308315000000001e-01   2.7764755632796161e-03
   7.2854739999999996e-01   2.6861645410416013e-03
   7.3391742000000004e-01   2.5989971959632162e-03
   7.3914522000000005e-01   2.5159465753047650e-03
   7.4414027000000005e-01   2.4379858754279230e-03
   7.4871723999999995e-01   2.3676539677465703e-03
   7.5252492000000004e-01   2.3101152924143420e-03
   7.5519526000000003e-01   2.2703112191341831e-03
   7.5675060000000005e-01   2.2473162680090313e-03
   7.5759507999999998e-01   2.2348852316747200e-03
   7.5808803000000002e-01   2.2276454415464044e-03
   7.5841939999999997e-01   2.2227857860662083e-03
   7.5867295999999995e-01   2.2190707462442006e-03
   7.5888129999999998e-01   2.2160207750450355e-03
   7.5906905999999996e-01   2.2132737019907589e-03
   7.5925182000000002e-01   2.2106015729410960e-03
   7.5944029999999996e-01   2.2078473450230095e-03
   7.5964825000000002e-01   2.2048106695071890e-03
   7.5990574000000000e-01   2.2010533887586933e-03
   7.6023658000000005e-01   2.1962304594234532e-03
   7.6071770000000005e-01   2.1892257259114615e-03
   7.6151517000000002e-01   2.1776378463387977e-03
   7.6299139000000005e-01   2.1562636854921954e-03
   7.6553855000000004e-01   2.1196351733681921e-03
   7.6917776999999998e-01   2.0678881189737821e-03
   7.7354148000000000e-01   2.0068296638386094e-03
   7.7823684999999998e-01   1.9424716843106430e-03
   7.8307855999999998e-01   1.8774831399644375e-03
   7.8797742000000004e-01   1.8129341751201942e-03
   7.9288824000000002e-01   1.7493910377037239e-03
   7.9778192000000003e-01   1.6873755676534733e-03
   8.0263514999999996e-01   1.6273591862597321e-03
   8.0743078000000001e-01   1.5691699751425967e-03
   8.1214944000000000e-01   1.5127313892939068e-03
   8.1675944000000000e-01   1.4588031677229395e-03
   8.2120525000000000e-01   1.4080415664021752e-03
   8.2530720000000002e-01   1.3620492716563736e-03
   8.2879004000000001e-01   1.3235441863899521e-03
   8.3138464000000001e-01   1.2951845775124099e-03
   8.3299970000000001e-01   1.2776970489442030e-03
   8.3389257999999999e-01   1.2680960650043364e-03
   8.3441255999999997e-01   1.2625300962033933e-03
   8.3476726000000001e-01   1.2587450475465096e-03
   8.3503632000000005e-01   1.2558801648503109e-03
   8.3524217999999995e-01   1.2536921898958014e-03
   8.3541321999999996e-01   1.2518767831550836e-03
   8.3556819999999998e-01   1.2502338400625819e-03
   8.3571656000000005e-01   1.2486629332344901e-03
   8.3586707000000005e-01   1.2470708868972398e-03
   8.3602688999999997e-01   1.2453823617190091e-03
   8.3620976000000002e-01   1.2434523038499451e-03
   8.3643115000000001e-01   1.2411188357674260e-03
   8.3672020999999996e-01   1.2380769926441581e-03
   8.3713289000000002e-01   1.2337433389171134e-03
   8.3784541000000001e-01   1.2262845538378686e-03
   8.3903506999999999e-01   1.2138904784000110e-03
   8.4106152000000001e-01   1.1929188632549170e-03
   8.4407361999999997e-01   1.1619331297868071e-03
   8.4772753999999995e-01   1.1246661034057265e-03
   8.5173852000000005e-01   1.0846278931021913e-03
   8.5592577000000003e-01   1.0437944822016460e-03
   8.6017997000000002e-01   1.0028288439479002e-03
   8.6442975000000000e-01   9.6265294852443612e-04
   8.6863681999999998e-01   9.2386068863656290e-04
   8.7277020000000005e-01   8.8634734304626609e-04
   8.7673274000000001e-01   8.5095486837685394e-04
   8.8038985999999997e-01   8.1899418968360094e-04
   8.8358020999999998e-01   7.9162982865107990e-04
   8.8605847000000004e-01   7.7065009741760144e-04
   8.8768027999999999e-01   7.5702492756108905e-04
   8.8859558000000005e-01   7.4936185527816495e-04
   8.8912654000000002e-01   7.4492367394364664e-04
   8.8947796000000001e-01   7.4198905788706870e-04
   8.8973203999999995e-01   7.3986860697035871e-04
   8.8993264999999999e-01   7.3819538975745686e-04
   8.9009740000000004e-01   7.3682202584913396e-04
   8.9024217000000005e-01   7.3561578888900665e-04
   8.9037206999999996e-01   7.3453404851131629e-04
   8.9049701000000003e-01   7.3349408214407486e-04
   8.9062401999999996e-01   7.3243728098926826e-04
   8.9075616999999996e-01   7.3133841074128180e-04
   8.9090360999999996e-01   7.3011298806784184e-04
   8.9107855999999996e-01   7.2865986738502664e-04
   8.9129168999999997e-01   7.2689121234686830e-04
   8.9157043000000002e-01   7.2458055425685044e-04
   8.9197093000000005e-01   7.2126582566717353e-04
   8.9266517000000001e-01   7.1553501371910549e-04
   8.9382326000000001e-01   7.0602156746533767e-04
   8.9569023999999997e-01   6.9083347311671981e-04
   8.9833540999999995e-01   6.6964208651981174e-04
   9.0153892999999996e-01   6.4430608920283195e-04
   9.0509335000000002e-01   6.1644117012911437e-04
   9.0877355999999998e-01   5.8812817616117694e-04
   9.1246389999999999e-01   5.6041065962434246e-04
   9.1608308000000005e-01   5.3362099327577169e-04
   9.1950138000000003e-01   5.0865100856361959e-04
   9.2260428000000005e-01   4.8635150540660946e-04
   9.2520654000000002e-01   4.6791911477265331e-04
   9.2706065999999998e-01   4.5493109533538168e-04
   9.2817812000000000e-01   4.4715223963212678e-04
   9.2883364999999996e-01   4.4259988820205824e-04
   9.2923800000000001e-01   4.3979454910714487e-04
   9.2951229000000002e-01   4.3789251680924959e-04
   9.2972071999999994e-01   4.3644777398643594e-04
   9.2989750999999998e-01   4.3522279319322337e-04
   9.3004896999999997e-01   4.3417372860570788e-04
   9.3017267999999997e-01   4.3331733278484608e-04
   9.3028694000000001e-01   4.3252655250641667e-04
   9.3039413999999998e-01   4.3178494484955835e-04
   9.3050330999999997e-01   4.3102988942425612e-04
   9.3061499000000003e-01   4.3025772118805738e-04
   9.3073596000000003e-01   4.2942157260894044e-04
   9.3086944999999999e-01   4.2849920606222744e-04
   9.3102717000000002e-01   4.2740987185736404e-04
   9.3122665999999998e-01   4.2603284935101846e-04
   9.3148304000000004e-01   4.2426435323899040e-04
   9.3184807000000003e-01   4.2174911026757796e-04
   9.3242404000000001e-01   4.1778782274993792e-04
   9.3341576999999998e-01   4.1099269157550975e-04
   9.3502220000000003e-01   4.0007206880009384e-04
   9.3726648999999995e-01   3.8503996150408690e-04
   9.4000932999999998e-01   3.6699745915613183e-04
   9.4305771000000005e-01   3.4716552659203183e-04
   9.4617978000000003e-01   3.2690600458355138e-04
   9.4922675999999995e-01   3.0717759056917739e-04
   9.5195883999999997e-01   2.8946989777179326e-04
   9.5415083000000001e-01   2.7522144135338973e-04
   9.5572349999999995e-01   2.6509521579222293e-04
   9.5670913000000002e-01   2.5885726033445650e-04
   9.5733752999999999e-01   2.5493648433176094e-04
   9.5773719000000002e-01   2.5244766998386140e-04
   9.5799391000000000e-01   2.5083363606967209e-04
   9.5818769000000004e-01   2.4960107806643413e-04
   9.5834163999999999e-01   2.4861039492117369e-04
   9.5847322999999995e-01   2.4775417316522601e-04
   9.5858650999999995e-01   2.4700923616275512e-04
   9.5868865999999997e-01   2.4633063601827169e-04
   9.5878631999999997e-01   2.4567536730133827e-04
   9.5888026999999998e-01   2.4503841596147240e-04
   9.5897633999999998e-01   2.4438012180024089e-04
   9.5907531000000001e-01   2.4369395642011461e-04
   9.5918276000000002e-01   2.4293922870673989e-04
   9.5930422999999998e-01   2.4207316348464169e-04
   9.5944264999999995e-01   2.4106855572168586e-04
   9.5961173000000000e-01   2.3981405007006575e-04
   9.5983989999999997e-01   2.3806920175512502e-04
   9.6014796000000002e-01   2.3560882088815308e-04
   9.6063715000000005e-01   2.3142451243024541e-04
   9.6138986999999998e-01   2.2421242983475153e-04
   9.6260829000000003e-01   2.1009458389948757e-04
   9.6444794000000000e-01   1.8504495072286714e-04
   9.6680052999999999e-01   1.5773110394360794e-04
   9.6957875000000004e-01   1.4363455724067392e-04
   9.7258907000000006e-01   1.3571600972457442e-04
   9.7568606000000002e-01   1.1943769323615408e-04
   9.7879453000000005e-01   1.0078736032039662e-04
   9.8182586999999999e-01   8.3791162006238907e-05
   9.8466520000000002e-01   6.7416956233865182e-05
   9.8712378999999995e-01   5.2866681412997674e-05
   9.8913846999999999e-01   4.0710863693694914e-05
   9.9058436999999999e-01   3.1792999336626556e-05
   9.9147980000000002e-01   2.6167784023708235e-05
   9.9204535999999999e-01   2.2563708781873302e-05
   9.9243977000000005e-01   2.0021559275412295e-05
   9.9272605000000003e-01   1.8160142919405889e-05
   9.9291532000000005e-01   1.6921603029821637e-05
   9.9306543000000003e-01   1.5934650239386339e-05
   9.9319243000000001e-01   1.5096305167745353e-05
   9.9330065000000001e-01   1.4379559261875889e-05
   9.9339776999999996e-01   1.3734380048721473e-05
   9.9348886999999997e-01   1.3127580828638424e-05
   9.9357481999999997e-01   1.2553669020369275e-05
   9.9366140999999997e-01   1.1973933016526932e-05
   9.9374876999999995e-01   1.1387605010988328e-05
   9.9384121000000003e-01   1.0765539082196464e-05
   9.9394030000000000e-01   1.0096778146219402e-05
   9.9405231999999999e-01   9.3384347074800407e-06
   9.9418432000000001e-01   8.4414739828999541e-06
   9.9434120999999998e-01   7.3707676565766552e-06
   9.9453979000000003e-01   6.0080773925438683e-06
   9.9480338000000001e-01   4.1859600289975029e-06
   9.9517509000000004e-01   1.5868523054327348e-06
   9.9569806999999999e-01  -2.1342586134972784e-06
   9.9635446000000005e-01  -6.9106900891763164e-06
   9.9707995999999999e-01  -1.2311021607329822e-05
   9.9776220000000004e-01  -1.7480629512176167e-05
   9.9830094000000003e-01  -2.1614751265697188e-05
   9.9869317000000002e-01  -2.4651754948427983e-05
   9.9897513000000004e-01  -2.6848560186450512e-05
   9.9918138000000001e-01  -2.8462283541230340e-05
   9.9934962999999999e-01  -2.9782464184537583e-05
   9.9948515000000004e-01  -3.0847737992650685e-05
   9.9959591999999997e-01  -3.1719560006012007e-05
   9.9970049000000005e-01  -3.2543853916119424e-05
   9.9979141000000005e-01  -3.3259708258779419e-05
   9.9987484000000004e-01  -3.3920990345597603e-05
   9.9995827999999998e-01  -3.4561626102801850e-05
