   3.7074255e-03   9.9996296e-01
   1.1110749e-02   9.9980915e-01
   1.8516978e-02   9.9949647e-01
   2.5922359e-02   9.9902592e-01
   3.3326506e-02   9.9839858e-01
   4.0729004e-02   9.9761555e-01
   4.8129602e-02   9.9667794e-01
   5.5528008e-02   9.9558688e-01
   6.2923713e-02   9.9434352e-01
   7.0316308e-02   9.9294891e-01
   7.7705629e-02   9.9140401e-01
   8.5091404e-02   9.8971006e-01
   9.2473085e-02   9.8786912e-01
   9.9850197e-02   9.8588365e-01
   1.0722261e-01   9.8375517e-01
   1.1459013e-01   9.8148430e-01
   1.2195220e-01   9.7907275e-01
   1.2930825e-01   9.7652376e-01
   1.3665812e-01   9.7384057e-01
   1.4400173e-01   9.7102579e-01
   1.5133864e-01   9.6808150e-01
   1.5866806e-01   9.6500968e-01
   1.6598975e-01   9.6181341e-01
   1.7330381e-01   9.5849691e-01
   1.8060993e-01   9.5506212e-01
   1.8790722e-01   9.5151126e-01
   1.9519521e-01   9.4784875e-01
   2.0247413e-01   9.4407774e-01
   2.0974375e-01   9.4020118e-01
   2.1700349e-01   9.3622339e-01
   2.2425251e-01   9.3214849e-01
   2.3149073e-01   9.2797886e-01
   2.3871832e-01   9.2371780e-01
   2.4593497e-01   9.1936920e-01
   2.5313976e-01   9.1493702e-01
   2.6033209e-01   9.1042606e-01
   2.6751222e-01   9.0584012e-01
   2.7468009e-01   9.0118211e-01
   2.8183540e-01   8.9645546e-01
   2.8897706e-01   8.9166502e-01
   2.9610455e-01   8.8681548e-01
   3.0321835e-01   8.8191163e-01
   3.1031831e-01   8.7695512e-01
   3.1740411e-01   8.7194919e-01
   3.2447476e-01   8.6690046e-01
   3.3152961e-01   8.6181244e-01
   3.3856903e-01   8.5668807e-01
   3.4559303e-01   8.5153217e-01
   3.5260131e-01   8.4634841e-01
   3.5959340e-01   8.4114044e-01
   3.6656808e-01   8.3591372e-01
   3.7352519e-01   8.3067025e-01
   3.8046530e-01   8.2541428e-01
   3.8738809e-01   8.2015035e-01
   3.9429325e-01   8.1488184e-01
   4.0118034e-01   8.0961224e-01
   4.0804801e-01   8.0434505e-01
   4.1489598e-01   7.9908594e-01
   4.2172485e-01   7.9383772e-01
   4.2853421e-01   7.8860134e-01
   4.3532362e-01   7.8338164e-01
   4.4209256e-01   7.7818339e-01
   4.4884018e-01   7.7300842e-01
   4.5556481e-01   7.6786156e-01
   4.6226569e-01   7.6274594e-01
   4.6894242e-01   7.5766556e-01
   4.7559317e-01   7.5262406e-01
   4.8221509e-01   7.4762425e-01
   4.8880349e-01   7.4267398e-01
   4.9534979e-01   7.3778190e-01
   5.0183526e-01   7.3296290e-01
   5.0820099e-01   7.2826193e-01
   5.1425180e-01   7.2382239e-01
   5.1935432e-01   7.2010099e-01
   5.2245582e-01   7.1784899e-01
   5.2372625e-01   7.1692945e-01
   5.2439590e-01   7.1644551e-01
   5.2522485e-01   7.1584711e-01
   5.2711063e-01   7.1448868e-01
   5.3102950e-01   7.1167640e-01
   5.3658042e-01   7.0771582e-01
   5.4269673e-01   7.0338713e-01
   5.4897134e-01   6.9898679e-01
   5.5528855e-01   6.9459928e-01
   5.6161245e-01   6.9025208e-01
   5.6792983e-01   6.8595624e-01
   5.7423393e-01   6.8171662e-01
   5.8052088e-01   6.7753809e-01
   5.8678829e-01   6.7342360e-01
   5.9303454e-01   6.6937349e-01
   5.9925845e-01   6.6538972e-01
   6.0545913e-01   6.6147364e-01
   6.1163584e-01   6.5762591e-01
   6.1778795e-01   6.5384717e-01
   6.2391487e-01   6.5013801e-01
   6.3001602e-01   6.4649960e-01
   6.3609081e-01   6.4293135e-01
   6.4213860e-01   6.3943292e-01
   6.4815860e-01   6.3600575e-01
   6.5414987e-01   6.3264837e-01
   6.6011113e-01   6.2936152e-01
   6.6604058e-01   6.2614596e-01
   6.7193543e-01   6.2300198e-01
   6.7779104e-01   6.1993014e-01
   6.8359885e-01   6.1693429e-01
   6.8934084e-01   6.1402227e-01
   6.9497211e-01   6.1121444e-01
   7.0035475e-01   6.0857436e-01
   7.0491636e-01   6.0636744e-01
   7.0773276e-01   6.0501900e-01
   7.0893482e-01   6.0444770e-01
   7.0952787e-01   6.0416680e-01
   7.1008757e-01   6.0390221e-01
   7.1094675e-01   6.0349699e-01
   7.1302910e-01   6.0251991e-01
   7.1693553e-01   6.0070211e-01
   7.2196121e-01   5.9839273e-01
   7.2734913e-01   5.9595545e-01
   7.3284003e-01   5.9351149e-01
   7.3835516e-01   5.9109550e-01
   7.4386607e-01   5.8871921e-01
   7.4935998e-01   5.8638725e-01
   7.5482990e-01   5.8410076e-01
   7.6027129e-01   5.8185994e-01
   7.6568021e-01   5.7966486e-01
   7.7105150e-01   5.7751413e-01
   7.7638086e-01   5.7540701e-01
   7.8166317e-01   5.7334463e-01
   7.8688716e-01   5.7132799e-01
   7.9202887e-01   5.6936350e-01
   7.9702545e-01   5.6747315e-01
   8.0169042e-01   5.6572236e-01
   8.0546663e-01   5.6431328e-01
   8.0770603e-01   5.6348104e-01
   8.0866432e-01   5.6312585e-01
   8.0914297e-01   5.6294866e-01
   8.0956174e-01   5.6279374e-01
   8.1021519e-01   5.6255222e-01
   8.1154704e-01   5.6206066e-01
   8.1435897e-01   5.6102569e-01
   8.1855918e-01   5.5948459e-01
   8.2324779e-01   5.5776994e-01
   8.2807092e-01   5.5601063e-01
   8.3291122e-01   5.5424875e-01
   8.3773295e-01   5.5249509e-01
   8.4251572e-01   5.5075334e-01
   8.4724042e-01   5.4902864e-01
   8.5187666e-01   5.4733127e-01
   8.5632302e-01   5.4569648e-01
   8.6031577e-01   5.4422022e-01
   8.6324458e-01   5.4313141e-01
   8.6478302e-01   5.4255697e-01
   8.6544185e-01   5.4231031e-01
   8.6581415e-01   5.4217076e-01
   8.6616299e-01   5.4203989e-01
   8.6662819e-01   5.4186520e-01
   8.6765749e-01   5.4147791e-01
   8.6989244e-01   5.4063374e-01
   8.7333428e-01   5.3932515e-01
   8.7738859e-01   5.3776799e-01
   8.8161262e-01   5.3612286e-01
   8.8585846e-01   5.3444053e-01
   8.9001671e-01   5.3275926e-01
   8.9394118e-01   5.3113550e-01
   8.9733306e-01   5.2969691e-01
   8.9971706e-01   5.2866248e-01
   9.0090794e-01   5.2813686e-01
   9.0140380e-01   5.2791561e-01
   9.0173541e-01   5.2776689e-01
   9.0203455e-01   5.2763225e-01
   9.0244043e-01   5.2744872e-01
   9.0317628e-01   5.2711355e-01
   9.0472193e-01   5.2639783e-01
   9.0745162e-01   5.2509456e-01
   9.1094106e-01   5.2334601e-01
   9.1464108e-01   5.2135529e-01
   9.1834048e-01   5.1917462e-01
   9.2177053e-01   5.1692670e-01
   9.2459241e-01   5.1486401e-01
   9.2631028e-01   5.1349800e-01
   9.2705194e-01   5.1286848e-01
   9.2747686e-01   5.1249589e-01
   9.2778040e-01   5.1222495e-01
   9.2804598e-01   5.1198401e-01
   9.2836195e-01   5.1169310e-01
   9.2889963e-01   5.1118500e-01
   9.3017414e-01   5.0990953e-01
   9.3245078e-01   5.0739549e-01
   9.3547158e-01   5.0349625e-01
   9.3879286e-01   4.9827099e-01
   9.4204239e-01   4.9187987e-01
   9.4496624e-01   4.8474153e-01
   9.4709853e-01   4.7856042e-01
   9.4821071e-01   4.7492061e-01
   9.4871017e-01   4.7316462e-01
   9.4900139e-01   4.7210689e-01
   9.4922955e-01   4.7126011e-01
   9.4947178e-01   4.7034473e-01
   9.4980380e-01   4.6906007e-01
   9.5035195e-01   4.6686232e-01
   9.5149669e-01   4.6191195e-01
   9.5360172e-01   4.5162742e-01
   9.5647701e-01   4.3500416e-01
   9.5965440e-01   4.1275838e-01
   9.6287797e-01   3.8558665e-01
   9.6604674e-01   3.5447260e-01
   9.6895926e-01   3.2255733e-01
   9.7136164e-01   2.9444825e-01
   9.7289048e-01   2.7603995e-01
   9.7359759e-01   2.6744577e-01
   9.7396397e-01   2.6298581e-01
   9.7421222e-01   2.5996340e-01
   9.7442235e-01   2.5740729e-01
   9.7465506e-01   2.5457983e-01
   9.7502336e-01   2.5011617e-01
   9.7561405e-01   2.4298772e-01
   9.7681242e-01   2.2872363e-01
   9.7884947e-01   2.0521245e-01
   9.8130691e-01   1.7850965e-01
   9.8366417e-01   1.5502900e-01
   9.8549849e-01   1.3844284e-01
   9.8661249e-01   1.2914913e-01
   9.8713603e-01   1.2501586e-01
   9.8743094e-01   1.2275889e-01
   9.8768235e-01   1.2086842e-01
   9.8788954e-01   1.1933400e-01
   9.8808188e-01   1.1792918e-01
   9.8833880e-01   1.1608217e-01
   9.8873836e-01   1.1327822e-01
   9.8941011e-01   1.0875426e-01
   9.9038453e-01   1.0255226e-01
   9.9138138e-01   9.6607759e-02
   9.9208725e-01   9.2648077e-02
   9.9252542e-01   9.0310084e-02
   9.9282309e-01   8.8766413e-02
   9.9301724e-01   8.7781041e-02
   9.9317874e-01   8.6974687e-02
   9.9334973e-01   8.6133136e-02
   9.9353969e-01   8.5212118e-02
   9.9377712e-01   8.4082076e-02
   9.9411488e-01   8.2512659e-02
   9.9454795e-01   8.0562546e-02
   9.9499061e-01   7.8639853e-02
   9.9535033e-01   7.7127652e-02
   9.9561079e-01   7.6060601e-02
   9.9580080e-01   7.5296471e-02
   9.9595565e-01   7.4683890e-02
   9.9609895e-01   7.4125022e-02
   9.9623726e-01   7.3593522e-02
   9.9639201e-01   7.3007442e-02
   9.9657615e-01   7.2320260e-02
   9.9679559e-01   7.1514696e-02
   9.9704754e-01   7.0607657e-02
   9.9730640e-01   6.9696522e-02
   9.9753946e-01   6.8894328e-02
   9.9773119e-01   6.8246709e-02
   9.9788508e-01   6.7734797e-02
   9.9801139e-01   6.7319920e-02
   9.9812052e-01   6.6965455e-02
   9.9822032e-01   6.6644551e-02
   9.9831465e-01   6.6344134e-02
   9.9840627e-01   6.6054939e-02
   9.9849713e-01   6.5770626e-02
   9.9858738e-01   6.5490624e-02
   9.9867587e-01   6.5218304e-02
   9.9876204e-01   6.4955213e-02
   9.9884558e-01   6.4702123e-02
   9.9892670e-01   6.4458178e-02
   9.9900669e-01   6.4219394e-02
   9.9908694e-01   6.3981607e-02
   9.9916836e-01   6.3742118e-02
   9.9925152e-01   6.3499420e-02
   9.9933636e-01   6.3253706e-02
   9.9942183e-01   6.3008086e-02
   9.9950684e-01   6.2765676e-02
   9.9959103e-01   6.2527397e-02
   9.9967490e-01   6.2291735e-02
   9.9976075e-01   6.2052317e-02
   9.9985128e-01   6.1801734e-02
   9.9994891e-01   6.1533873e-02
