   0.0000000e+00
   3.7244295e-05
   1.4939019e-04
   3.3700368e-04
   5.9964250e-04
   9.3634115e-04
   1.3482298e-03
   1.8354592e-03
   2.3967996e-03
   3.0328782e-03
   3.7438424e-03
   4.5290351e-03
   5.3890089e-03
   6.3232847e-03
   7.3312702e-03
   8.4141761e-03
   9.5709592e-03
   1.0800730e-02
   1.2105111e-02
   1.3483534e-02
   1.4934282e-02
   1.6458560e-02
   1.8056883e-02
   1.9727377e-02
   2.1470543e-02
   2.3286821e-02
   2.5175214e-02
   2.7135614e-02
   2.9168442e-02
   3.1272920e-02
   3.3448734e-02
   3.5695440e-02
   3.8013340e-02
   4.0402262e-02
   4.2861603e-02
   4.5391189e-02
   4.7990622e-02
   5.0659165e-02
   5.3397689e-02
   5.6205400e-02
   5.9081513e-02
   6.2026316e-02
   6.5039658e-02
   6.8119904e-02
   7.1267775e-02
   7.4483050e-02
   7.7764980e-02
   8.1113387e-02
   8.4527968e-02
   8.8007672e-02
   9.1552786e-02
   9.5162890e-02
   9.8837224e-02
   1.0257600e-01
   1.0637877e-01
   1.1024398e-01
   1.1417196e-01
   1.1816287e-01
   1.2221531e-01
   1.2632926e-01
   1.3050497e-01
   1.3474119e-01
   1.3903627e-01
   1.4339176e-01
   1.4780652e-01
   1.5227946e-01
   1.5681102e-01
   1.6140076e-01
   1.6604701e-01
   1.7075012e-01
   1.7550931e-01
   1.8032380e-01
   1.8519326e-01
   1.9011777e-01
   1.9509620e-01
   2.0012804e-01
   2.0521316e-01
   2.1035081e-01
   2.1553981e-01
   2.2077965e-01
   2.2607013e-01
   2.3141047e-01
   2.3680071e-01
   2.4223985e-01
   2.4772715e-01
   2.5326242e-01
   2.5884481e-01
   2.6447319e-01
   2.7014797e-01
   2.7586820e-01
   2.8163173e-01
   2.8743918e-01
   2.9329044e-01
   2.9918384e-01
   3.0511898e-01
   3.1109624e-01
   3.1711388e-01
   3.2317116e-01
   3.2926835e-01
   3.3540419e-01
   3.4157734e-01
   3.4778821e-01
   3.5403606e-01
   3.6031890e-01
   3.6663726e-01
   3.7299069e-01
   3.7937727e-01
   3.8579664e-01
   3.9224910e-01
   3.9873292e-01
   4.0524657e-01
   4.1179135e-01
   4.1836571e-01
   4.2496755e-01
   4.3159795e-01
   4.3825598e-01
   4.4493957e-01
   4.5164877e-01
   4.5838350e-01
   4.6514190e-01
   4.7192301e-01
   4.7872735e-01
   4.8555343e-01
   4.9239962e-01
   4.9926639e-01
   5.0615292e-01
   5.1305738e-01
   5.1997951e-01
   5.2691908e-01
   5.3387448e-01
   5.4084474e-01
   5.4782976e-01
   5.5482841e-01
   5.6183926e-01
   5.6886057e-01
   5.7589098e-01
   5.8293074e-01
   5.8997876e-01
   5.9703448e-01
   6.0409679e-01
   6.1116413e-01
   6.1823533e-01
   6.2530971e-01
   6.3238570e-01
   6.3945803e-01
   6.4652464e-01
   6.5358686e-01
   6.6064109e-01
   6.6768547e-01
   6.7471700e-01
   6.8173067e-01
   6.8872045e-01
   6.9566831e-01
   7.0257025e-01
   7.0941185e-01
   7.1617303e-01
   7.2282309e-01
   7.2931492e-01
   7.3557110e-01
   7.4139865e-01
   7.4664805e-01
   7.5110942e-01
   7.5464779e-01
   7.5722407e-01
   7.5898608e-01
   7.6021749e-01
   7.6116347e-01
   7.6182725e-01
   7.6234323e-01
   7.6275694e-01
   7.6309629e-01
   7.6338610e-01
   7.6363354e-01
   7.6385289e-01
   7.6405053e-01
   7.6423174e-01
   7.6439696e-01
   7.6455333e-01
   7.6470357e-01
   7.6484816e-01
   7.6498911e-01
   7.6512925e-01
   7.6526918e-01
   7.6541202e-01
   7.6555827e-01
   7.6571073e-01
   7.6587303e-01
   7.6604315e-01
   7.6623169e-01
   7.6643082e-01
   7.6666517e-01
   7.6692897e-01
   7.6723460e-01
   7.6759859e-01
   7.6803929e-01
   7.6860606e-01
   7.6933574e-01
   7.7038462e-01
   7.7175970e-01
   7.7376685e-01
   7.7663556e-01
   7.8041833e-01
   7.8508285e-01
   7.9043136e-01
   7.9627091e-01
   8.0247188e-01
   8.0886857e-01
   8.1538657e-01
   8.2199076e-01
   8.2865538e-01
   8.3535661e-01
   8.4207745e-01
   8.4881075e-01
   8.5555054e-01
   8.6227735e-01
   8.6899626e-01
   8.7570639e-01
   8.8240097e-01
   8.8905932e-01
   8.9569832e-01
   9.0231653e-01
   9.0888471e-01
   9.1541034e-01
   9.2190112e-01
   9.2833418e-01
   9.3467828e-01
   9.4095717e-01
   9.4715228e-01
   9.5315310e-01
   9.5899846e-01
   9.6467158e-01
   9.6985552e-01
   9.7458311e-01
   9.7875976e-01
   9.8219509e-01
   9.8469569e-01
   9.8664181e-01
   9.8799962e-01
   9.8895652e-01
   9.8973729e-01
   9.9034904e-01
   9.9081200e-01
   9.9119097e-01
   9.9150880e-01
   9.9177687e-01
   9.9201076e-01
   9.9221635e-01
   9.9239912e-01
   9.9256409e-01
   9.9271557e-01
   9.9285696e-01
   9.9298602e-01
   9.9310875e-01
   9.9322699e-01
   9.9333771e-01
   9.9344705e-01
   9.9355205e-01
   9.9365629e-01
   9.9375889e-01
   9.9386169e-01
   9.9396471e-01
   9.9406948e-01
   9.9417577e-01
   9.9428627e-01
   9.9439865e-01
   9.9451953e-01
   9.9464485e-01
   9.9477774e-01
   9.9492334e-01
   9.9508797e-01
   9.9526622e-01
   9.9544446e-01
   9.9567565e-01
   9.9591290e-01
   9.9620970e-01
   9.9653956e-01
   9.9694566e-01
   9.9744989e-01
   9.9809089e-01
   9.9891286e-01
   1.0000000e+00
