   1.0000000e+00   1.0000000e+00   2.9000000e+01   9.6720415e-01   2.0268387e-01   1.5091488e+02   1.1375757e+02
   2.0000000e+00   2.0000000e+00   2.9000000e+01   9.6720415e-01   4.0536774e-01   2.0478994e+02   1.1489607e+02
   3.0000000e+00   3.0000000e+00   2.9000000e+01   9.6720415e-01   6.0805161e-01   1.5542423e+02   1.1453847e+02
   4.0000000e+00   4.0000000e+00   2.9000000e+01   9.6720415e-01   8.1073548e-01   1.0028244e+02   1.1270164e+02
   5.0000000e+00   1.0000000e+00   3.0000000e+01   9.8373875e-01   2.0268387e-01   2.8861603e+02   1.0903960e+02
   6.0000000e+00   2.0000000e+00   3.0000000e+01   9.8373875e-01   4.0536774e-01   2.5801435e+02   1.0742386e+02
   7.0000000e+00   3.0000000e+00   3.0000000e+01   9.8373875e-01   6.0805161e-01   2.4314037e+02   1.0791087e+02
   8.0000000e+00   4.0000000e+00   3.0000000e+01   9.8373875e-01   8.1073548e-01   2.4446390e+02   1.1031729e+02
   9.0000000e+00   5.0000000e+00   3.0000000e+01   9.8373875e-01   1.0134194e+00   8.1979454e+01   1.1083969e+02
   1.0000000e+01   6.0000000e+00   3.0000000e+01   9.8373875e-01   1.2161032e+00   8.9427906e+01   1.1003755e+02
   1.1000000e+01   2.2000000e+01   3.0000000e+01   9.8373875e-01   4.4590452e+00   8.9686742e+01   1.0989111e+02
   1.2000000e+01   2.3000000e+01   3.0000000e+01   9.8373875e-01   4.6617290e+00   1.6473799e+02   1.1362174e+02
   1.3000000e+01   2.4000000e+01   3.0000000e+01   9.8373875e-01   4.8644129e+00   1.5043107e+02   1.1266895e+02
   1.4000000e+01   3.0000000e+01   3.0000000e+01   9.8373875e-01   6.0805161e+00   1.0614986e+02   1.1206414e+02
