   0.0000000e+00   5.0296411e-06
   3.6880762e-05   5.0296411e-06
   1.4752981e-04   5.0296411e-06
   3.3193418e-04   5.0296411e-06
   5.9007619e-04   5.0296411e-06
   9.2192367e-04   5.0296411e-06
   1.3274342e-03   5.0296411e-06
   1.8065473e-03   5.0296411e-06
   2.3592125e-03   5.0296411e-06
   2.9853646e-03   5.0296411e-06
   3.6849294e-03   5.0296411e-06
   4.4578240e-03   5.0296411e-06
   5.3039581e-03   5.0296411e-06
   6.2231919e-03   5.0296411e-06
   7.2154437e-03   5.0296411e-06
   8.2806000e-03   5.0296411e-06
   9.4185364e-03   5.0296411e-06
   1.0629119e-02   5.0296411e-06
   1.1912210e-02   5.0296411e-06
   1.3267587e-02   5.0296411e-06
   1.4695120e-02   5.0296411e-06
   1.6194665e-02   5.0296411e-06
   1.7766043e-02   5.0296411e-06
   1.9409062e-02   5.0296411e-06
   2.1123524e-02   5.0296411e-06
   2.2909132e-02   5.0296411e-06
   2.4765616e-02   5.0296411e-06
   2.6692786e-02   5.0296411e-06
   2.8690320e-02   5.0296411e-06
   3.0757811e-02   5.0296411e-06
   3.2894663e-02   5.0296411e-06
   3.5099843e-02   5.0296411e-06
   3.7369587e-02   5.0296411e-06
   3.9688134e-02   5.0296411e-06
   4.1823673e-02   5.0296411e-06
   4.3945118e-02   5.0296411e-06
   4.6419254e-02   5.0296411e-06
   4.9008657e-02   5.3927336e-06
   5.1673205e-02   5.7822719e-06
   5.4407946e-02   6.1988231e-06
   5.7211378e-02   6.6433753e-06
   6.0082643e-02   7.1038782e-06
   6.3021107e-02   7.6070584e-06
   6.6026165e-02   8.1529126e-06
   6.9096925e-02   8.7324656e-06
   7.2232260e-02   9.3458626e-06
   7.5430453e-02   9.9963284e-06
   7.8686056e-02   1.0685496e-05
   8.1971469e-02   1.1412415e-05
   8.4924317e-02   1.2098647e-05
   8.8057019e-02   1.2858962e-05
   9.1526252e-02   1.3746483e-05
   9.5087061e-02   1.4707823e-05
   9.8718504e-02   1.5736303e-05
   1.0241556e-01   1.6832077e-05
   1.0617602e-01   1.7998146e-05
   1.0999816e-01   1.9238456e-05
   1.1387967e-01   2.0557223e-05
   1.1781313e-01   2.2266157e-05
   1.2175794e-01   2.3859911e-05
   1.2523338e-01   2.5215718e-05
   1.2846744e-01   2.6468315e-05
   1.3255250e-01   2.8054238e-05
   1.3675932e-01   2.9709972e-05
   1.4103692e-01   3.1424917e-05
   1.4537639e-01   3.3307704e-05
   1.4977287e-01   3.5186498e-05
   1.5421929e-01   3.7243120e-05
   1.5868448e-01   3.9399222e-05
   1.6269893e-01   4.1358365e-05
   1.6650410e-01   4.3180875e-05
   1.7105051e-01   4.5998183e-05
   1.7575197e-01   4.9710619e-05
   1.8052379e-01   5.3500362e-05
   1.8535269e-01   5.7355375e-05
   1.9022689e-01   6.1286650e-05
   1.9509850e-01   6.5236134e-05
   1.9941793e-01   6.9390836e-05
   2.0330546e-01   7.3272757e-05
   2.0829274e-01   7.8261141e-05
   2.1340780e-01   8.3454246e-05
   2.1858640e-01   8.8750068e-05
   2.2381089e-01   9.4013630e-05
   2.2904232e-01   1.0084006e-04
   2.3386327e-01   1.0695471e-04
   2.3868277e-01   1.1330293e-04
   2.4405096e-01   1.2046160e-04
   2.4951512e-01   1.2765328e-04
   2.5502962e-01   1.3578389e-04
   2.6054744e-01   1.4424703e-04
   2.6551634e-01   1.5231496e-04
   2.7056963e-01   1.6404602e-04
   2.7618167e-01   1.7481331e-04
   2.8192125e-01   1.8367398e-04
   2.8770334e-01   1.9578146e-04
   2.9339819e-01   2.0785908e-04
   2.9859616e-01   2.1254550e-04
   3.0413082e-01   2.1576362e-04
   3.1006168e-01   2.2708742e-04
   3.1605853e-01   2.3849810e-04
   3.2201563e-01   2.5066866e-04
   3.2665023e-01   2.5852441e-04
   3.3206520e-01   2.7132963e-04
   3.3816594e-01   2.8337595e-04
   3.4436115e-01   3.0332922e-04
   3.5052166e-01   3.1768567e-04
   3.5550141e-01   3.2625827e-04
   3.6151218e-01   3.3736619e-04
   3.6784081e-01   3.6145775e-04
   3.7418824e-01   3.7905377e-04
   3.7973527e-01   3.9205212e-04
   3.8443613e-01   4.0850926e-04
   3.9078640e-01   4.2921518e-04
   3.9729257e-01   3.9655791e-04
   4.0358384e-01   4.2045971e-04
   4.0942340e-01   4.4734608e-04
   4.1578079e-01   4.7447630e-04
   4.2242319e-01   4.7850472e-04
   4.2885559e-01   4.8565185e-04
   4.3416214e-01   5.1434233e-04
   4.4081169e-01   5.4071173e-04
   4.4757965e-01   5.7452827e-04
   4.5387973e-01   5.6689867e-04
   4.5975403e-01   6.1230460e-04
   4.6658432e-01   6.7821212e-04
   4.7316497e-01   7.3135605e-04
   4.7929561e-01   7.7535943e-04
   4.8603261e-01   8.7566356e-04
   4.9291651e-01   1.0246778e-03
   4.9822397e-01   1.1171215e-03
   5.0402332e-01   1.1866725e-03
   5.1101393e-01   1.3552349e-03
   5.1696609e-01   1.5649498e-03
   5.2320254e-01   1.5677213e-03
   5.3023858e-01   1.7398403e-03
   5.3647413e-01   2.0374065e-03
   5.4307399e-01   1.9890654e-03
   5.5020891e-01   2.2223839e-03
   5.5607648e-01   2.5428786e-03
   5.6296952e-01   2.5572471e-03
   5.6993333e-01   2.9370603e-03
   5.7460005e-01   3.1024577e-03
   5.8171555e-01   3.4888788e-03
   5.8851193e-01   3.9048782e-03
   5.9430693e-01   4.2057912e-03
   6.0126817e-01   4.5415146e-03
   6.0708868e-01   4.8221596e-03
   6.1412354e-01   5.2857360e-03
   6.2080433e-01   5.5966815e-03
   6.2753980e-01   6.0897561e-03
   6.3349891e-01   6.3722789e-03
   6.3962625e-01   7.0000844e-03
   6.4529867e-01   7.1478066e-03
   6.5085326e-01   7.8552752e-03
   6.5676597e-01   7.8384611e-03
   6.6207098e-01   8.5289483e-03
   6.6836969e-01   8.3814742e-03
   6.7415660e-01   9.0310249e-03
   6.8075305e-01   9.1222491e-03
   6.8685956e-01   9.1118322e-03
   6.9334178e-01   1.0007984e-02
   6.9812377e-01   9.9101910e-03
   7.0350566e-01   1.0351898e-02
   7.0988059e-01   1.1206796e-02
   7.1443206e-01   1.1081403e-02
   7.1956812e-01   1.1742884e-02
   7.2579278e-01   1.2880301e-02
   7.3051547e-01   1.3336693e-02
   7.3539907e-01   1.4305178e-02
   7.4117333e-01   1.6178122e-02
   7.4691849e-01   1.7478702e-02
   7.5136327e-01   1.6591687e-02
   7.5575433e-01   1.7678883e-02
   7.6090940e-01   1.9305636e-02
   7.6649058e-01   2.2096393e-02
   7.7181457e-01   2.6043019e-02
   7.7632361e-01   2.9144725e-02
   7.8015612e-01   3.3321384e-02
   7.8379853e-01   6.3747161e-02
   7.8760076e-01   9.1115061e-02
   7.9159906e-01   1.0812927e-01
   7.9578735e-01   1.2294411e-01
   8.0008930e-01   1.3494198e-01
   8.0442080e-01   1.5146543e-01
   8.0871252e-01   1.7220259e-01
   8.1288649e-01   1.7977338e-01
   8.1682754e-01   1.7006876e-01
   8.2055707e-01   1.5315072e-01
   8.2410823e-01   1.3760345e-01
   8.2745428e-01   1.2922259e-01
   8.3062111e-01   1.2567055e-01
   8.3370731e-01   1.1969192e-01
   8.3680492e-01   1.0565566e-01
   8.4002238e-01   8.3034977e-02
   8.4342184e-01   5.4607776e-02
   8.4691005e-01   2.9095734e-02
   8.5028534e-01   1.3479376e-02
   8.5337638e-01   7.9511436e-03
   8.5621059e-01   8.1885902e-03
   8.5895904e-01   1.0536202e-02
   8.6182193e-01   1.1900134e-02
   8.6485371e-01   1.1305342e-02
   8.6778559e-01   1.1826118e-02
   8.7048239e-01   1.4676982e-02
   8.7299572e-01   1.4456170e-02
   8.7564268e-01   1.0877929e-02
   8.7839507e-01   7.1398535e-03
   8.8100589e-01   5.5182622e-03
   8.8339255e-01   5.9866653e-03
   8.8583975e-01   7.0506036e-03
   8.8837477e-01   6.9783593e-03
   8.9080552e-01   5.8786928e-03
   8.9309593e-01   5.2511976e-03
   8.9539296e-01   5.0089907e-03
   8.9776609e-01   5.7055818e-03
   9.0005679e-01   7.1362304e-03
   9.0221001e-01   7.5715889e-03
   9.0443274e-01   6.7541004e-03
   9.0669419e-01   5.8314725e-03
   9.0876446e-01   5.2761026e-03
   9.1085754e-01   4.8144074e-03
   9.1299200e-01   4.5078033e-03
   9.1503139e-01   4.7608034e-03
   9.1702854e-01   5.5754116e-03
   9.1904740e-01   6.5283186e-03
   9.2103956e-01   7.0390383e-03
   9.2294954e-01   6.9079917e-03
   9.2486889e-01   6.2778230e-03
   9.2679295e-01   5.4430867e-03
   9.2860905e-01   4.7303567e-03
   9.3045011e-01   4.2597122e-03
   9.3225143e-01   3.9489133e-03
   9.3400915e-01   3.7546751e-03
   9.3575718e-01   3.5666241e-03
   9.3746589e-01   3.4075509e-03
   9.3912845e-01   3.2802211e-03
   9.4080009e-01   3.1408686e-03
   9.4242136e-01   3.0875820e-03
   9.4397854e-01   3.1019983e-03
   9.4554404e-01   3.1663459e-03
   9.4705547e-01   3.2536159e-03
   9.4853222e-01   3.3360753e-03
   9.4996699e-01   3.3909763e-03
   9.5138637e-01   3.4115826e-03
   9.5278966e-01   3.3735686e-03
   9.5414856e-01   3.2965640e-03
   9.5546291e-01   3.1691958e-03
   9.5675011e-01   2.9973686e-03
   9.5802785e-01   2.8136148e-03
   9.5928017e-01   2.6390709e-03
   9.6048115e-01   2.4653316e-03
   9.6164781e-01   2.3012549e-03
   9.6279659e-01   2.1475644e-03
   9.6393226e-01   2.0075853e-03
   9.6505029e-01   1.8844345e-03
   9.6613835e-01   1.7809167e-03
   9.6717445e-01   1.6991359e-03
   9.6818978e-01   1.6361216e-03
   9.6919055e-01   1.5908483e-03
   9.7018259e-01   1.5640993e-03
   9.7115802e-01   1.5522609e-03
   9.7210111e-01   1.5541617e-03
   9.7300747e-01   1.5660356e-03
   9.7388729e-01   1.5855694e-03
   9.7475442e-01   1.6106295e-03
   9.7561227e-01   1.6393306e-03
   9.7645908e-01   1.6707971e-03
   9.7729249e-01   1.7034681e-03
   9.7809817e-01   1.7369669e-03
   9.7886736e-01   1.7704790e-03
   9.7961134e-01   1.8041051e-03
   9.8034066e-01   1.8392601e-03
   9.8106028e-01   1.8756241e-03
   9.8177247e-01   1.9136973e-03
   9.8247534e-01   1.9534699e-03
   9.8316728e-01   1.9941047e-03
   9.8384081e-01   2.0354783e-03
   9.8448445e-01   2.0753985e-03
   9.8509938e-01   2.1144028e-03
   9.8568887e-01   2.1521765e-03
   9.8626578e-01   2.1887918e-03
   9.8683373e-01   2.2245037e-03
   9.8739519e-01   2.2594914e-03
   9.8795018e-01   2.2945043e-03
   9.8849803e-01   2.3281097e-03
   9.8903729e-01   2.3605405e-03
   9.8956600e-01   2.3934948e-03
   9.9007322e-01   2.4248065e-03
   9.9055250e-01   2.4548039e-03
   9.9099678e-01   2.4830657e-03
   9.9141696e-01   2.5099940e-03
   9.9182281e-01   2.5367108e-03
   9.9221975e-01   2.5626456e-03
   9.9261048e-01   2.5885921e-03
   9.9299549e-01   2.6148294e-03
   9.9337589e-01   2.6405427e-03
   9.9375229e-01   2.6656759e-03
   9.9412464e-01   2.6915098e-03
   9.9449248e-01   2.7174984e-03
   9.9485306e-01   2.7429978e-03
   9.9520823e-01   2.7679270e-03
   9.9555397e-01   2.7918500e-03
   9.9588788e-01   2.8153933e-03
   9.9620565e-01   2.8375241e-03
   9.9650186e-01   2.8585695e-03
   9.9677285e-01   2.8772399e-03
   9.9702138e-01   2.8931856e-03
   9.9725379e-01   2.9101964e-03
   9.9747312e-01   2.9249641e-03
   9.9768270e-01   2.9392602e-03
   9.9788878e-01   2.9524859e-03
   9.9809127e-01   2.9664217e-03
   9.9829147e-01   2.9806133e-03
   9.9849119e-01   2.9931978e-03
   9.9869073e-01   3.0072126e-03
   9.9889195e-01   3.0210942e-03
   9.9909482e-01   3.0347260e-03
   9.9930286e-01   3.0494089e-03
   9.9951970e-01   3.0659812e-03
   9.9974848e-01   3.0774484e-03
   1.0000000e+00   3.0774484e-03
