  -3.1415927e+00   4.2303294e+00   3.4158340e-01  -6.0863447e-05  -3.0690467e-03
  -3.1293208e+00   4.2334323e+00   3.0670673e-01  -1.0217303e-04  -3.1482526e-03
  -3.1170490e+00   4.2366758e+00   2.7189698e-01  -9.7080466e-05  -3.2364234e-03
  -3.1047771e+00   4.2400783e+00   2.3716392e-01  -4.6492282e-05  -3.3127280e-03
  -3.0925053e+00   4.2436389e+00   2.0246197e-01   4.1266681e-05  -3.3587207e-03
  -3.0802334e+00   4.2473393e+00   1.6773016e-01   1.5174418e-04  -3.3616814e-03
  -3.0679616e+00   4.2511607e+00   1.3294592e-01   2.6684262e-04  -3.3168641e-03
  -3.0556897e+00   4.2551003e+00   9.8145542e-02   3.6784089e-04  -3.2272493e-03
  -3.0434179e+00   4.2591728e+00   6.3393312e-02   4.3824338e-04  -3.1020694e-03
  -3.0311460e+00   4.2633970e+00   2.8725714e-02   4.6623535e-04  -2.9553306e-03
  -3.0188742e+00   4.2677785e+00  -5.8805061e-03   4.4670311e-04  -2.8045464e-03
  -3.0066023e+00   4.2723050e+00  -4.0488163e-02   3.8237745e-04  -2.6688492e-03
  -2.9943305e+00   4.2769565e+00  -7.5144487e-02   2.8346405e-04  -2.5659413e-03
  -2.9820587e+00   4.2817231e+00  -1.0983899e-01   1.6573008e-04  -2.5085023e-03
  -2.9697868e+00   4.2866120e+00  -1.4451146e-01   4.7785581e-05  -2.5013474e-03
  -2.9575150e+00   4.2916408e+00  -1.7910368e-01  -5.1727947e-05  -2.5403352e-03
  -2.9452431e+00   4.2968205e+00  -2.1360996e-01  -1.1690625e-04  -2.6133498e-03
  -2.9329713e+00   4.3021459e+00  -2.4808226e-01  -1.3725405e-04  -2.7030665e-03
  -2.9206994e+00   4.3076000e+00  -2.8258490e-01  -1.0965719e-04  -2.7905305e-03
  -2.9084276e+00   4.3131687e+00  -3.1713803e-01  -3.8892245e-05  -2.8581805e-03
  -2.8961557e+00   4.3188523e+00  -3.5169948e-01   6.3371965e-05  -2.8915950e-03
  -2.8838839e+00   4.3246631e+00  -3.8620118e-01   1.8045635e-04  -2.8806188e-03
  -2.8716120e+00   4.3306119e+00  -4.2060879e-01   2.9305063e-04  -2.8210237e-03
  -2.8593402e+00   4.3366964e+00  -4.5495219e-01   3.8220832e-04  -2.7165971e-03
  -2.8470683e+00   4.3429011e+00  -4.8929971e-01   4.3275339e-04  -2.5799104e-03
  -2.8347965e+00   4.3492103e+00  -5.2369801e-01   4.3607333e-04  -2.4301963e-03
  -2.8225246e+00   4.3556219e+00  -5.5813030e-01   3.9132638e-04  -2.2888813e-03
  -2.8102528e+00   4.3621486e+00  -5.9253002e-01   3.0516898e-04  -2.1749706e-03
  -2.7979810e+00   4.3688062e+00  -6.2683878e-01   1.9073839e-04  -2.1019887e-03
  -2.7857091e+00   4.3755982e+00  -6.6105804e-01   6.6038874e-05  -2.0766480e-03
  -2.7734373e+00   4.3825110e+00  -6.9524865e-01  -4.8743634e-05  -2.0986398e-03
  -2.7611654e+00   4.3895245e+00  -7.2947781e-01  -1.3488121e-04  -2.1610603e-03
  -2.7488936e+00   4.3966280e+00  -7.6375943e-01  -1.7850532e-04  -2.2511716e-03
  -2.7366217e+00   4.4038277e+00  -7.9804071e-01  -1.7268210e-04  -2.3513870e-03
  -2.7243499e+00   4.4111385e+00  -8.3224793e-01  -1.1823006e-04  -2.4409650e-03
  -2.7120780e+00   4.4185679e+00  -8.6635201e-01  -2.3796849e-05  -2.4993147e-03
  -2.6998062e+00   4.4261061e+00  -9.0039621e-01   9.5044707e-05  -2.5108533e-03
  -2.6875343e+00   4.4337325e+00  -9.3446010e-01   2.1831435e-04  -2.4693282e-03
  -2.6752625e+00   4.4414331e+00  -9.6859017e-01   3.2537094e-04  -2.3789396e-03
  -2.6629906e+00   4.4492124e+00  -1.0027574e+00   3.9843041e-04  -2.2518947e-03
  -2.6507188e+00   4.4570891e+00  -1.0368805e+00   4.2495727e-04  -2.1047882e-03
  -2.6384470e+00   4.4650782e+00  -1.0708956e+00   3.9935681e-04  -1.9561496e-03
  -2.6261751e+00   4.4731748e+00  -1.1048131e+00   3.2439399e-04  -1.8250982e-03
  -2.6139033e+00   4.4813548e+00  -1.1387102e+00   2.1151914e-04  -1.7295056e-03
  -2.6016314e+00   4.4895930e+00  -1.1726654e+00   7.8996796e-05  -1.6829559e-03
  -2.5893596e+00   4.4978831e+00  -1.2066896e+00  -5.1727894e-05  -1.6915061e-03
  -2.5770877e+00   4.5062420e+00  -1.2407162e+00  -1.5972332e-04  -1.7516345e-03
  -2.5648159e+00   4.5146936e+00  -1.2746581e+00  -2.2742873e-04  -1.8500716e-03
  -2.5525440e+00   4.5232459e+00  -1.3084850e+00  -2.4319325e-04  -1.9658757e-03
  -2.5402722e+00   4.5318810e+00  -1.3422519e+00  -2.0373595e-04  -2.0748621e-03
  -2.5280003e+00   4.5405674e+00  -1.3760528e+00  -1.1536186e-04  -2.1551428e-03
  -2.5157285e+00   4.5492842e+00  -1.4099396e+00   7.2229978e-06  -2.1911538e-03
  -2.5034566e+00   4.5580364e+00  -1.4438765e+00   1.4386914e-04  -2.1746398e-03
  -2.4911848e+00   4.5668478e+00  -1.4777712e+00   2.7212910e-04  -2.1040255e-03
  -2.4789130e+00   4.5757365e+00  -1.5115578e+00   3.7019526e-04  -1.9846766e-03
  -2.4666411e+00   4.5846962e+00  -1.5452578e+00   4.2037606e-04  -1.8301954e-03
  -2.4543693e+00   4.5936993e+00  -1.5789643e+00   4.1287946e-04  -1.6621840e-03
  -2.4420974e+00   4.6027191e+00  -1.6127602e+00   3.4807281e-04  -1.5065018e-03
  -2.4298256e+00   4.6117534e+00  -1.6466418e+00   2.3598438e-04  -1.3873001e-03
  -2.4175537e+00   4.6208253e+00  -1.6805160e+00   9.4044632e-05  -1.3218483e-03
  -2.4052819e+00   4.6299604e+00  -1.7142774e+00  -5.5356840e-05  -1.3176958e-03
  -2.3930100e+00   4.6391604e+00  -1.7479018e+00  -1.8761363e-04  -1.3718879e-03
  -2.3807382e+00   4.6483946e+00  -1.7814715e+00  -2.7996197e-04  -1.4719376e-03
  -2.3684663e+00   4.6576209e+00  -1.8151104e+00  -3.1624704e-04  -1.5985232e-03
  -2.3561945e+00   4.6668178e+00  -1.8488795e+00  -2.9010743e-04  -1.7289168e-03
  -2.3439226e+00   4.6759998e+00  -1.8827249e+00  -2.0543259e-04  -1.8396159e-03
  -2.3316508e+00   4.6852033e+00  -1.9165242e+00  -7.5309680e-05  -1.9083265e-03
  -2.3193790e+00   4.6944537e+00  -1.9501941e+00   7.9346575e-05  -1.9172211e-03
  -2.3071071e+00   4.7037422e+00  -1.9837653e+00   2.3229024e-04  -1.8580395e-03
  -2.2948353e+00   4.7130341e+00  -2.0173574e+00   3.5663804e-04  -1.7361126e-03
  -2.2825634e+00   4.7223009e+00  -2.0510730e+00   4.3043947e-04  -1.5696462e-03
  -2.2702916e+00   4.7315489e+00  -2.0849026e+00   4.4043191e-04  -1.3844730e-03
  -2.2580197e+00   4.7408167e+00  -2.1187269e+00   3.8332664e-04  -1.2081566e-03
  -2.2457479e+00   4.7501430e+00  -2.1524185e+00   2.6625654e-04  -1.0661486e-03
  -2.2334760e+00   4.7595333e+00  -2.1859562e+00   1.0697686e-04  -9.7915590e-04
  -2.2212042e+00   4.7689540e+00  -2.2194496e+00  -6.8005949e-05  -9.6014052e-04
  -2.2089323e+00   4.7783635e+00  -2.2530471e+00  -2.2857742e-04  -1.0115595e-03
  -2.1966605e+00   4.7877518e+00  -2.2868045e+00  -3.4728986e-04  -1.1244263e-03
  -2.1843886e+00   4.7971541e+00  -2.3206300e+00  -4.0367790e-04  -1.2791623e-03
  -2.1721168e+00   4.8066229e+00  -2.3543612e+00  -3.8652392e-04  -1.4474121e-03
  -2.1598449e+00   4.8161826e+00  -2.3879104e+00  -2.9603290e-04  -1.5957179e-03
  -2.1475731e+00   4.8258063e+00  -2.4213502e+00  -1.4568974e-04  -1.6925558e-03
  -2.1353013e+00   4.8354405e+00  -2.4548548e+00   3.9076264e-05  -1.7168033e-03
  -2.1230294e+00   4.8450567e+00  -2.4885412e+00   2.2639736e-04  -1.6623751e-03
  -2.1107576e+00   4.8546848e+00  -2.5223488e+00   3.8440212e-04  -1.5366160e-03
  -2.0984857e+00   4.8643923e+00  -2.5560749e+00   4.8543509e-04  -1.3562505e-03
  -2.0862139e+00   4.8742220e+00  -2.5895524e+00   5.0917720e-04  -1.1455727e-03
  -2.0739420e+00   4.8841403e+00  -2.6228171e+00   4.4713561e-04  -9.3611193e-04
  -2.0616702e+00   4.8940510e+00  -2.6561070e+00   3.0690974e-04  -7.6324787e-04
  -2.0493983e+00   4.9038749e+00  -2.6896627e+00   1.1163186e-04  -6.5858775e-04
  -2.0371265e+00   4.9136387e+00  -2.7234816e+00  -1.0607151e-04  -6.4248790e-04
  -2.0248546e+00   4.9234984e+00  -2.7572422e+00  -3.1057171e-04  -7.2048829e-04
  -2.0125828e+00   4.9336674e+00  -2.7905012e+00  -4.6673815e-04  -8.8231615e-04
  -2.0003109e+00   4.9442956e+00  -2.8230406e+00  -5.4331191e-04  -1.1014568e-03
  -1.9880391e+00   4.9553958e+00  -2.8550956e+00  -5.1995012e-04  -1.3378093e-03
  -1.9757673e+00   4.9668836e+00  -2.8872548e+00  -3.9516089e-04  -1.5466914e-03
  -1.9634954e+00   4.9787140e+00  -2.9200664e+00  -1.8801864e-04  -1.6905356e-03
  -1.9512236e+00   4.9910163e+00  -2.9536236e+00   6.7542816e-05  -1.7450951e-03
  -1.9389517e+00   5.0041217e+00  -2.9874417e+00   3.2922335e-04  -1.6987629e-03
  -1.9266799e+00   5.0184577e+00  -3.0207270e+00   5.4959629e-04  -1.5523998e-03
  -1.9144080e+00   5.0343827e+00  -3.0528246e+00   6.8051913e-04  -1.3246952e-03
  -1.9021362e+00   5.0520906e+00  -3.0834778e+00   6.8384819e-04  -1.0576806e-03
  -1.8898643e+00   5.0716568e+00  -3.1126630e+00   5.4478212e-04  -8.1289646e-04
  -1.8775925e+00   5.0931882e+00  -3.1401112e+00   2.7917381e-04  -6.5711805e-04
  -1.8653206e+00   5.1169425e+00  -3.1649130e+00  -6.6831811e-05  -6.4493819e-04
  -1.8530488e+00   5.1432944e+00  -3.1855976e+00  -4.2050718e-04  -8.0198281e-04
  -1.8407769e+00   5.1725348e+00  -3.2007491e+00  -6.9345532e-04  -1.1090481e-03
  -1.8285051e+00   5.2046229e+00  -3.2098065e+00  -8.0963304e-04  -1.4984296e-03
  -1.8162333e+00   5.2390623e+00  -3.2135088e+00  -7.3925615e-04  -1.8771959e-03
  -1.8039614e+00   5.2750014e+00  -3.2136413e+00  -5.0809611e-04  -2.1643057e-03
  -1.7916896e+00   5.3115101e+00  -3.2122056e+00  -1.7765242e-04  -2.3119279e-03
  -1.7794177e+00   5.3478668e+00  -3.2105214e+00   1.7958061e-04  -2.3052397e-03
  -1.7671459e+00   5.3836917e+00  -3.2088095e+00   4.9477964e-04  -2.1551763e-03
  -1.7548740e+00   5.4188756e+00  -3.2064571e+00   7.1041148e-04  -1.8939619e-03
  -1.7426022e+00   5.4533939e+00  -3.2026956e+00   7.8709128e-04  -1.5720174e-03
  -1.7303303e+00   5.4871666e+00  -3.1971629e+00   7.1020283e-04  -1.2512040e-03
  -1.7180585e+00   5.5200632e+00  -3.1899694e+00   4.9394690e-04  -9.9385652e-04
  -1.7057866e+00   5.5520290e+00  -3.1812982e+00   1.8179764e-04  -8.5012777e-04
  -1.6935148e+00   5.5832061e+00  -3.1709421e+00  -1.5958106e-04  -8.4556417e-04
  -1.6812429e+00   5.6139291e+00  -3.1582154e+00  -4.5746133e-04  -9.7378067e-04
  -1.6689711e+00   5.6445760e+00  -3.1423730e+00  -6.5621269e-04  -1.2014228e-03
  -1.6566993e+00   5.6753710e+00  -3.1232529e+00  -7.3056570e-04  -1.4835197e-03
  -1.6444274e+00   5.7062770e+00  -3.1016615e+00  -6.8163969e-04  -1.7766528e-03
  -1.6321556e+00   5.7370521e+00  -3.0791809e+00  -5.2590099e-04  -2.0420841e-03
  -1.6198837e+00   5.7674268e+00  -3.0574844e+00  -2.8918437e-04  -2.2434175e-03
  -1.6076119e+00   5.7972790e+00  -3.0375863e+00  -7.2612061e-06  -2.3481511e-03
  -1.5953400e+00   5.8266933e+00  -3.0194881e+00   2.7413137e-04  -2.3368838e-03
  -1.5830682e+00   5.8558831e+00  -3.0023995e+00   5.0606100e-04  -2.2137086e-03
  -1.5707963e+00   5.8850479e+00  -2.9853327e+00   6.4772420e-04  -2.0076637e-03
  -1.5585245e+00   5.9142721e+00  -2.9676574e+00   6.7476594e-04  -1.7637080e-03
  -1.5462526e+00   5.9435241e+00  -2.9492941e+00   5.8181146e-04  -1.5312336e-03
  -1.5339808e+00   5.9727323e+00  -2.9305164e+00   3.8251642e-04  -1.3561085e-03
  -1.5217089e+00   6.0018628e+00  -2.9115959e+00   1.0878553e-04  -1.2750724e-03
  -1.5094371e+00   6.0309395e+00  -2.8925774e+00  -1.9345032e-04  -1.3102509e-03
  -1.4971652e+00   6.0600023e+00  -2.8733122e+00  -4.7312339e-04  -1.4650832e-03
  -1.4848934e+00   6.0890522e+00  -2.8536548e+00  -6.8387157e-04  -1.7236625e-03
  -1.4726216e+00   6.1180357e+00  -2.8336228e+00  -7.9079686e-04  -2.0528504e-03
  -1.4603497e+00   6.1468790e+00  -2.8133879e+00  -7.7460130e-04  -2.4060620e-03
  -1.4480779e+00   6.1755410e+00  -2.7931299e+00  -6.3525816e-04  -2.7299758e-03
  -1.4358060e+00   6.2040366e+00  -2.7728964e+00  -3.9408777e-04  -2.9752021e-03
  -1.4235342e+00   6.2324147e+00  -2.7525898e+00  -9.0934210e-05  -3.1074978e-03
  -1.4112623e+00   6.2607116e+00  -2.7320781e+00   2.2368896e-04  -3.1136604e-03
  -1.3989905e+00   6.2889232e+00  -2.7113229e+00   4.9755829e-04  -3.0006574e-03
  -1.3867186e+00   6.3170163e+00  -2.6904107e+00   6.8398612e-04  -2.7923126e-03
  -1.3744468e+00   6.3449666e+00  -2.6694687e+00   7.4833848e-04  -2.5271115e-03
  -1.3621749e+00   6.3727867e+00  -2.6485463e+00   6.7483702e-04  -2.2554537e-03
  -1.3499031e+00   6.4005200e+00  -2.6275699e+00   4.7114903e-04  -2.0328705e-03
  -1.3376312e+00   6.4282058e+00  -2.6064057e+00   1.6741774e-04  -1.9095544e-03
  -1.3253594e+00   6.4558477e+00  -2.5849727e+00  -1.8971085e-04  -1.9203452e-03
  -1.3130876e+00   6.4834120e+00  -2.5633064e+00  -5.4450470e-04  -2.0782829e-03
  -1.3008157e+00   6.5108566e+00  -2.5415210e+00  -8.3947601e-04  -2.3719318e-03
  -1.2885439e+00   6.5381641e+00  -2.5197085e+00  -1.0239648e-03  -2.7665232e-03
  -1.2762720e+00   6.5653521e+00  -2.4978622e+00  -1.0638747e-03  -3.2098864e-03
  -1.2640002e+00   6.5924514e+00  -2.4758893e+00  -9.4895421e-04  -3.6422012e-03
  -1.2517283e+00   6.6194748e+00  -2.4536952e+00  -6.9437125e-04  -4.0056603e-03
  -1.2394565e+00   6.6464032e+00  -2.4312647e+00  -3.3753507e-04  -4.2513464e-03
  -1.2271846e+00   6.6732002e+00  -2.4086700e+00   6.7002713e-05  -4.3449528e-03
  -1.2149128e+00   6.6998422e+00  -2.3860038e+00   4.5427697e-04  -4.2737579e-03
  -1.2026409e+00   6.7263368e+00  -2.3632989e+00   7.5873375e-04  -4.0528699e-03
  -1.1903691e+00   6.7527132e+00  -2.3405033e+00   9.2604396e-04  -3.7254641e-03
  -1.1780972e+00   6.7789958e+00  -2.3175298e+00   9.2274534e-04  -3.3548501e-03
  -1.1658254e+00   6.8051812e+00  -2.2943333e+00   7.4104955e-04  -3.0122397e-03
  -1.1535536e+00   6.8312408e+00  -2.2709460e+00   4.0002859e-04  -2.7653884e-03
  -1.1412817e+00   6.8571444e+00  -2.2474428e+00  -5.5325905e-05  -2.6694447e-03
  -1.1290099e+00   6.8828830e+00  -2.2238692e+00  -5.5871642e-04  -2.7589820e-03
  -1.1167380e+00   6.9084729e+00  -2.2001962e+00  -1.0327289e-03  -3.0418944e-03
  -1.1044662e+00   6.9339362e+00  -2.1763417e+00  -1.4024184e-03  -3.4972307e-03
  -1.0921943e+00   6.9592781e+00  -2.1522387e+00  -1.6072925e-03  -4.0772203e-03
  -1.0799225e+00   6.9844788e+00  -2.1278910e+00  -1.6093991e-03  -4.7121185e-03
  -1.0676506e+00   7.0095081e+00  -2.1033678e+00  -1.3990936e-03  -5.3181595e-03
  -1.0553788e+00   7.0343490e+00  -2.0787446e+00  -9.9911620e-04  -5.8104292e-03
  -1.0431069e+00   7.0590088e+00  -2.0540405e+00  -4.6401974e-04  -6.1193427e-03
  -1.0308351e+00   7.0835091e+00  -2.0292054e+00   1.2763904e-04  -6.2044405e-03
  -1.0185632e+00   7.1078637e+00  -2.0041658e+00   6.8614366e-04  -6.0597595e-03
  -1.0062914e+00   7.1320635e+00  -1.9788876e+00   1.1237202e-03  -5.7118042e-03
  -9.9401955e-01   7.1560823e+00  -1.9534019e+00   1.3660785e-03  -5.2155200e-03
  -9.8174770e-01   7.1798963e+00  -1.9277732e+00   1.3636103e-03  -4.6502068e-03
  -9.6947586e-01   7.2035016e+00  -1.9020406e+00   1.1014570e-03  -4.1119669e-03
  -9.5720401e-01   7.2269132e+00  -1.8761827e+00   6.0422259e-04  -3.7000558e-03
  -9.4493217e-01   7.2501484e+00  -1.8501372e+00  -6.7420106e-05  -3.5000106e-03
  -9.3266032e-01   7.2732080e+00  -1.8238551e+00  -8.2587541e-04  -3.5690696e-03
  -9.2038847e-01   7.2960729e+00  -1.7973421e+00  -1.5676239e-03  -3.9267044e-03
  -9.0811663e-01   7.3187185e+00  -1.7706519e+00  -2.1857335e-03  -4.5504041e-03
  -8.9584478e-01   7.3411327e+00  -1.7438375e+00  -2.5854294e-03  -5.3775964e-03
  -8.8357293e-01   7.3633229e+00  -1.7169045e+00  -2.7006047e-03  -6.3148993e-03
  -8.7130109e-01   7.3853054e+00  -1.6898064e+00  -2.5053765e-03  -7.2524520e-03
  -8.5902924e-01   7.4070879e+00  -1.6624852e+00  -2.0172513e-03  -8.0781576e-03
  -8.4675739e-01   7.4286593e+00  -1.6349223e+00  -1.2941775e-03  -8.6896107e-03
  -8.3448555e-01   7.4499972e+00  -1.6071539e+00  -4.2871342e-04  -9.0065679e-03
  -8.2221370e-01   7.4710852e+00  -1.5792406e+00   4.6158065e-04  -8.9857886e-03
  -8.0994186e-01   7.4919245e+00  -1.5512158e+00   1.2498411e-03  -8.6333327e-03
  -7.9767001e-01   7.5125302e+00  -1.5230598e+00   1.8195081e-03  -8.0064378e-03
  -7.8539816e-01   7.5329149e+00  -1.4947181e+00   2.0816304e-03  -7.2031298e-03
  -7.7312632e-01   7.5530748e+00  -1.4661497e+00   1.9861279e-03  -6.3458308e-03
  -7.6085447e-01   7.5729898e+00  -1.4373611e+00   1.5283468e-03  -5.5656537e-03
  -7.4858262e-01   7.5926384e+00  -1.4083991e+00   7.5226998e-04  -4.9880256e-03
  -7.3631078e-01   7.6120129e+00  -1.3793099e+00  -2.5231024e-04  -4.7173483e-03
  -7.2403893e-01   7.6311231e+00  -1.3501000e+00  -1.3615873e-03  -4.8217567e-03
  -7.1176709e-01   7.6499851e+00  -1.3207337e+00  -2.4359808e-03  -5.3221630e-03
  -6.9949524e-01   7.6686045e+00  -1.2911665e+00  -3.3386036e-03  -6.1879594e-03
  -6.8722339e-01   7.6869692e+00  -1.2613855e+00  -3.9509935e-03  -7.3388821e-03
  -6.7495155e-01   7.7050578e+00  -1.2314200e+00  -4.1878638e-03  -8.6533742e-03
  -6.6267970e-01   7.7228544e+00  -1.2013160e+00  -4.0111291e-03  -9.9851860e-03
  -6.5040785e-01   7.7403597e+00  -1.1710960e+00  -3.4382045e-03  -1.1186366e-02
  -6.3813601e-01   7.7575865e+00  -1.1407407e+00  -2.5395011e-03  -1.2128984e-02
  -6.2586416e-01   7.7745460e+00  -1.1102085e+00  -1.4266432e-03  -1.2718562e-02
  -6.1359232e-01   7.7912363e+00  -1.0794747e+00  -2.3757477e-04  -1.2900345e-02
  -6.0132047e-01   7.8076430e+00  -1.0485549e+00   8.7839267e-04  -1.2664863e-02
  -5.8904862e-01   7.8237502e+00  -1.0174939e+00   1.7775679e-03  -1.2054444e-02
  -5.7677678e-01   7.8395518e+00  -9.8632827e-01   2.3415672e-03  -1.1164020e-02
  -5.6450493e-01   7.8550535e+00  -9.5505547e-01   2.4947173e-03  -1.0129424e-02
  -5.5223308e-01   7.8702635e+00  -9.2363763e-01   2.2130922e-03  -9.1052482e-03
  -5.3996124e-01   7.8851818e+00  -8.9203513e-01   1.5247087e-03  -8.2413247e-03
  -5.2768939e-01   7.8997973e+00  -8.6024207e-01   5.0490144e-04  -7.6646318e-03
  -5.1541754e-01   7.9140958e+00  -8.2829272e-01  -7.3140035e-04  -7.4667936e-03
  -5.0314570e-01   7.9280706e+00  -7.9623407e-01  -2.0428240e-03  -7.6952946e-03
  -4.9087385e-01   7.9417271e+00  -7.6408810e-01  -3.2808325e-03  -8.3489805e-03
  -4.7860201e-01   7.9550755e+00  -7.3183612e-01  -4.3102333e-03  -9.3792530e-03
  -4.6633016e-01   7.9681193e+00  -6.9943781e-01  -5.0246307e-03  -1.0696120e-02
  -4.5405831e-01   7.9808487e+00  -6.6686800e-01  -5.3555572e-03  -1.2177553e-02
  -4.4178647e-01   7.9932466e+00  -6.3413950e-01  -5.2783271e-03  -1.3683021e-02
  -4.2951462e-01   8.0053001e+00  -6.0129309e-01  -4.8155520e-03  -1.5072595e-02
  -4.1724277e-01   8.0170104e+00  -5.6836436e-01  -4.0349232e-03  -1.6228348e-02
  -4.0497093e-01   8.0283901e+00  -5.3535630e-01  -3.0386161e-03  -1.7069983e-02
  -3.9269908e-01   8.0394520e+00  -5.0224094e-01  -1.9471312e-03  -1.7559138e-02
  -3.8042724e-01   8.0501971e+00  -4.6898740e-01  -8.8339737e-04  -1.7695252e-02
  -3.6815539e-01   8.0606126e+00  -4.3559135e-01   3.9948659e-05  -1.7510710e-02
  -3.5588354e-01   8.0706803e+00  -4.0208019e-01   7.3121832e-04  -1.7068751e-02
  -3.4361170e-01   8.0803885e+00  -3.6849048e-01   1.1290633e-03  -1.6460103e-02
  -3.3133985e-01   8.0897380e+00  -3.3483803e-01   1.2082952e-03  -1.5792777e-02
  -3.1906800e-01   8.0987387e+00  -3.0110718e-01   9.7941181e-04  -1.5175304e-02
  -3.0679616e-01   8.1074003e+00  -2.6726826e-01   4.8250740e-04  -1.4699726e-02
  -2.9452431e-01   8.1157248e+00  -2.3330733e-01  -2.2104939e-04  -1.4430811e-02
  -2.8225246e-01   8.1237054e+00  -1.9924161e-01  -1.0569459e-03  -1.4403357e-02
  -2.6998062e-01   8.1313315e+00  -1.6510699e-01  -1.9466267e-03  -1.4625517e-02
  -2.5770877e-01   8.1385935e+00  -1.3092864e-01  -2.8167990e-03  -1.5084875e-02
  -2.4543693e-01   8.1454847e+00  -9.6700952e-02  -3.6078752e-03  -1.5754495e-02
  -2.3316508e-01   8.1520015e+00  -6.2394547e-02  -4.2784528e-03  -1.6597343e-02
  -2.2089323e-01   8.1581440e+00  -2.7984695e-02  -4.8050188e-03  -1.7569454e-02
  -2.0862139e-01   8.1639162e+00   6.5235255e-03  -5.1788530e-03  -1.8623736e-02
  -1.9634954e-01   8.1693267e+00   4.1095296e-02  -5.4025530e-03  -1.9715863e-02
  -1.8407769e-01   8.1743839e+00   7.5691595e-02  -5.4869164e-03  -2.0811147e-02
  -1.7180585e-01   8.1790903e+00   1.1029848e-01  -5.4474675e-03  -2.1888555e-02
  -1.5953400e-01   8.1834395e+00   1.4493514e-01  -5.3002668e-03  -2.2938242e-02
  -1.4726216e-01   8.1874201e+00   1.7963408e-01  -5.0582177e-03  -2.3953198e-02
  -1.3499031e-01   8.1910253e+00   2.1441057e-01  -4.7298523e-03  -2.4920329e-02
  -1.2271846e-01   8.1942581e+00   2.4924760e-01  -4.3214763e-03  -2.5816721e-02
  -1.1044662e-01   8.1971264e+00   2.8410872e-01  -3.8416759e-03  -2.6613197e-02
  -9.8174770e-02   8.1996289e+00   3.1896729e-01  -3.3059983e-03  -2.7282608e-02
  -8.5902924e-02   8.2017438e+00   3.5382647e-01  -2.7397542e-03  -2.7807107e-02
  -7.3631078e-02   8.2034345e+00   3.8871274e-01  -2.1782901e-03  -2.8180145e-02
  -6.1359232e-02   8.2046736e+00   4.2364878e-01  -1.6654488e-03  -2.8404623e-02
  -4.9087385e-02   8.2054718e+00   4.5862932e-01  -1.2508833e-03  -2.8491682e-02
  -3.6815539e-02   8.2058876e+00   4.9362114e-01  -9.8609783e-04  -2.8462254e-02
  -2.4543693e-02   8.2060047e+00   5.2858729e-01  -9.1895734e-04  -2.8350980e-02
  -1.2271846e-02   8.2058860e+00   5.6351490e-01  -1.0870336e-03  -2.8210398e-02
   0.0000000e+00   8.2055329e+00   5.9842264e-01  -1.5109935e-03  -2.8110441e-02
   1.2271846e-02   8.2048797e+00   6.3334166e-01  -2.1893727e-03  -2.8129704e-02
   2.4543693e-02   8.2038291e+00   6.6828623e-01  -3.0953306e-03  -2.8342615e-02
   3.6815539e-02   8.2023079e+00   7.0323901e-01  -4.1758755e-03  -2.8809606e-02
   4.9087385e-02   8.2003060e+00   7.3816327e-01  -5.3547258e-03  -2.9572114e-02
   6.1359232e-02   8.1978731e+00   7.7303109e-01  -6.5396415e-03  -3.0650339e-02
   7.3631078e-02   8.1950785e+00   8.0784350e-01  -7.6333608e-03  -3.2042525e-02
   8.5902924e-02   8.1919637e+00   8.4262543e-01  -8.5452494e-03  -3.3724256e-02
   9.8174770e-02   8.1885223e+00   8.7740047e-01  -9.2002170e-03  -3.5645723e-02
   1.1044662e-01   8.1847175e+00   9.1216742e-01  -9.5441289e-03  -3.7728932e-02
   1.2271846e-01   8.1805200e+00   9.4689876e-01  -9.5480437e-03  -3.9871090e-02
   1.3499031e-01   8.1759350e+00   9.8156203e-01  -9.2126939e-03  -4.1958193e-02
   1.4726216e-01   8.1709977e+00   1.0161455e+00  -8.5711477e-03  -4.3885864e-02
   1.5953400e-01   8.1657440e+00   1.0506655e+00  -7.6861214e-03  -4.5578104e-02
   1.7180585e-01   8.1601827e+00   1.0851498e+00  -6.6408214e-03  -4.6993421e-02
   1.8407769e-01   8.1542901e+00   1.1196109e+00  -5.5265374e-03  -4.8116374e-02
   1.9634954e-01   8.1480319e+00   1.1540322e+00  -4.4317761e-03  -4.8945272e-02
   2.0862139e-01   8.1413913e+00   1.1883792e+00  -3.4347006e-03  -4.9488903e-02
   2.2089323e-01   8.1343807e+00   1.2226257e+00  -2.5973608e-03  -4.9774194e-02
   2.3316508e-01   8.1270285e+00   1.2567723e+00  -1.9604739e-03  -4.9854662e-02
   2.4543693e-01   8.1193541e+00   1.2908424e+00  -1.5398117e-03  -4.9806735e-02
   2.5770877e-01   8.1113535e+00   1.3248583e+00  -1.3260343e-03  -4.9710229e-02
   2.6998062e-01   8.1030066e+00   1.3588194e+00  -1.2881577e-03  -4.9623756e-02
   2.8225246e-01   8.0942989e+00   1.3927006e+00  -1.3790282e-03  -4.9571415e-02
   2.9452431e-01   8.0852380e+00   1.4264720e+00  -1.5412739e-03  -4.9548334e-02
   3.0679616e-01   8.0758496e+00   1.4601230e+00  -1.7131813e-03  -4.9538207e-02
   3.1906800e-01   8.0661582e+00   1.4936697e+00  -1.8338667e-03  -4.9527355e-02
   3.3133985e-01   8.0561679e+00   1.5271390e+00  -1.8463252e-03  -4.9502960e-02
   3.4361170e-01   8.0458617e+00   1.5605435e+00  -1.6974411e-03  -4.9437168e-02
   3.5588354e-01   8.0352182e+00   1.5938683e+00  -1.3360494e-03  -4.9272357e-02
   3.6815539e-01   8.0242316e+00   1.6270814e+00  -7.1129770e-04  -4.8922472e-02
   3.8042724e-01   8.0129172e+00   1.6601579e+00   2.2771935e-04  -4.8290857e-02
   3.9269908e-01   8.0012986e+00   1.6930985e+00   1.5321899e-03  -4.7289231e-02
   4.0497093e-01   7.9893878e+00   1.7259258e+00   3.2547214e-03  -4.5838995e-02
   4.1724277e-01   7.9771770e+00   1.7586618e+00   5.4494759e-03  -4.3850367e-02
   4.2951462e-01   7.9646477e+00   1.7913074e+00   8.1670910e-03  -4.1196139e-02
   4.4178647e-01   7.9517902e+00   1.8238397e+00   1.1442736e-02  -3.7703871e-02
   4.5405831e-01   7.9386154e+00   1.8562309e+00   1.5282134e-02  -3.3175110e-02
   4.6633016e-01   7.9251476e+00   1.8884710e+00   1.9654015e-02  -2.7416349e-02
   4.7860201e-01   7.9114057e+00   1.9205753e+00   2.4492081e-02  -2.0256844e-02
   4.9087385e-01   7.8973882e+00   1.9525688e+00   2.9698452e-02  -1.1544559e-02
   5.0314570e-01   7.8830758e+00   1.9844627e+00   3.5137209e-02  -1.1396099e-03
   5.1541754e-01   7.8684492e+00   2.0162417e+00   4.0619543e-02   1.1067745e-02
   5.2768939e-01   7.8535070e+00   2.0478736e+00   4.5899326e-02   2.5114263e-02
   5.3996124e-01   7.8382674e+00   2.0793349e+00   5.0697429e-02   4.0930019e-02
   5.5223308e-01   7.8227541e+00   2.1106277e+00   5.4748967e-02   5.8347783e-02
   5.6450493e-01   7.8069766e+00   2.1417766e+00   5.7842194e-02   7.7146098e-02
   5.7677678e-01   7.7909246e+00   2.1728058e+00   5.9822709e-02   9.7074389e-02
   5.8904862e-01   7.7745790e+00   2.2037172e+00   6.0572821e-02   1.1782447e-01
   6.0132047e-01   7.7579313e+00   2.2344871e+00   6.0003581e-02   1.3898108e-01
   6.1359232e-01   7.7409927e+00   2.2650852e+00   5.8081813e-02   1.6002858e-01
   6.2586416e-01   7.7237856e+00   2.2954987e+00   5.4871345e-02   1.8044884e-01
   6.3813601e-01   7.7063256e+00   2.3257411e+00   5.0544780e-02   1.9984727e-01
   6.5040785e-01   7.6886082e+00   2.3558385e+00   4.5346766e-02   2.1799386e-01
   6.6267970e-01   7.6706141e+00   2.3858043e+00   3.9535966e-02   2.3473682e-01
   6.7495155e-01   7.6523271e+00   2.4156254e+00   3.3348621e-02   2.4987690e-01
   6.8722339e-01   7.6337500e+00   2.4452707e+00   2.6996839e-02   2.6313904e-01
   6.9949524e-01   7.6149030e+00   2.4747152e+00   2.0677549e-02   2.7428569e-01
   7.1176709e-01   7.5958078e+00   2.5039602e+00   1.4563979e-02   2.8326894e-01
   7.2403893e-01   7.5764698e+00   2.5330297e+00   8.7791232e-03   2.9026329e-01
   7.3631078e-01   7.5568748e+00   2.5619488e+00   3.3753237e-03   2.9552382e-01
   7.4858262e-01   7.5370029e+00   2.5907197e+00  -1.6602964e-03   2.9918238e-01
   7.6085447e-01   7.5168481e+00   2.6193181e+00  -6.3791375e-03   3.0115865e-01
   7.7312632e-01   7.4964249e+00   2.6477122e+00  -1.0843555e-02   3.0125999e-01
   7.8539816e-01   7.4757574e+00   2.6758880e+00  -1.5112723e-02   2.9937337e-01
   7.9767001e-01   7.4548597e+00   2.7038606e+00  -1.9238665e-02   2.9557098e-01
   8.0994186e-01   7.4337250e+00   2.7316597e+00  -2.3258649e-02   2.9003449e-01
   8.2221370e-01   7.4123327e+00   2.7593023e+00  -2.7176270e-02   2.8287713e-01
   8.3448555e-01   7.3906682e+00   2.7867756e+00  -3.0940317e-02   2.7404116e-01
   8.4675739e-01   7.3687373e+00   2.8140454e+00  -3.4440667e-02   2.6337431e-01
   8.5902924e-01   7.3465624e+00   2.8410825e+00  -3.7531750e-02   2.5081988e-01
   8.7130109e-01   7.3241645e+00   2.8678860e+00  -4.0071502e-02   2.3655175e-01
   8.8357293e-01   7.3015462e+00   2.8944824e+00  -4.1948931e-02   2.2094081e-01
   8.9584478e-01   7.2786906e+00   2.9209009e+00  -4.3084935e-02   2.0439763e-01
   9.0811663e-01   7.2555781e+00   2.9471461e+00  -4.3419741e-02   1.8724178e-01
   9.2038847e-01   7.2322053e+00   2.9731909e+00  -4.2914408e-02   1.6970134e-01
   9.3266032e-01   7.2085900e+00   2.9989969e+00  -4.1575860e-02   1.5200953e-01
   9.4493217e-01   7.1847577e+00   3.0245447e+00  -3.9484488e-02   1.3448036e-01
   9.5720401e-01   7.1607208e+00   3.0498503e+00  -3.6794709e-02   1.1748318e-01
   9.6947586e-01   7.1364697e+00   3.0749513e+00  -3.3702305e-02   1.0134227e-01
   9.8174770e-01   7.1119830e+00   3.0998745e+00  -3.0401998e-02   8.6253442e-02
   9.9401955e-01   7.0872479e+00   3.1246128e+00  -2.7062456e-02   7.2279487e-02
   1.0062914e+00   7.0622736e+00   3.1491296e+00  -2.3823590e-02   5.9407417e-02
   1.0185632e+00   7.0370843e+00   3.1733881e+00  -2.0800432e-02   4.7606283e-02
   1.0308351e+00   7.0116985e+00   3.1973804e+00  -1.8078749e-02   3.6844102e-02
   1.0431069e+00   6.9861134e+00   3.2211325e+00  -1.5703022e-02   2.7071922e-02
   1.0553788e+00   6.9603074e+00   3.2446781e+00  -1.3668365e-02   1.8211519e-02
   1.0676506e+00   6.9342599e+00   3.2680262e+00  -1.1925353e-02   1.0169993e-02
   1.0799225e+00   6.9079708e+00   3.2911483e+00  -1.0396854e-02   2.8713165e-03
   1.0921943e+00   6.8814629e+00   3.3139986e+00  -8.9994131e-03  -3.7225003e-03
   1.1044662e+00   6.8547633e+00   3.3365501e+00  -7.6613060e-03  -9.6161364e-03
   1.1167380e+00   6.8278819e+00   3.3588163e+00  -6.3328624e-03  -1.4802198e-02
   1.1290099e+00   6.8008041e+00   3.3808392e+00  -4.9895345e-03  -1.9277333e-02
   1.1412817e+00   6.7735057e+00   3.4026520e+00  -3.6316224e-03  -2.3042909e-02
   1.1535536e+00   6.7459769e+00   3.4242487e+00  -2.2835505e-03  -2.6100270e-02
   1.1658254e+00   6.7182334e+00   3.4455860e+00  -9.9134609e-04  -2.8456406e-02
   1.1780972e+00   6.6903049e+00   3.4666182e+00   1.8503494e-04  -3.0141941e-02
   1.1903691e+00   6.6622099e+00   3.4873349e+00   1.1846690e-03  -3.1226664e-02
   1.2026409e+00   6.6339389e+00   3.5077686e+00   1.9591909e-03  -3.1816821e-02
   1.2149128e+00   6.6054612e+00   3.5279645e+00   2.4816406e-03  -3.2034276e-02
   1.2271846e+00   6.5767507e+00   3.5479362e+00   2.7497067e-03  -3.1992969e-02
   1.2394565e+00   6.5478079e+00   3.5676466e+00   2.7858726e-03  -3.1787161e-02
   1.2517283e+00   6.5186596e+00   3.5870317e+00   2.6358072e-03  -3.1492605e-02
   1.2640002e+00   6.4893351e+00   3.6060490e+00   2.3636296e-03  -3.1171220e-02
   1.2762720e+00   6.4598399e+00   3.6247098e+00   2.0428610e-03  -3.0869877e-02
   1.2885439e+00   6.4301510e+00   3.6430658e+00   1.7447760e-03  -3.0612247e-02
   1.3008157e+00   6.4002376e+00   3.6611588e+00   1.5276416e-03  -3.0391009e-02
   1.3130876e+00   6.3700910e+00   3.6789764e+00   1.4291441e-03  -3.0168995e-02
   1.3253594e+00   6.3397366e+00   3.6964538e+00   1.4623970e-03  -2.9891781e-02
   1.3376312e+00   6.3092158e+00   3.7135235e+00   1.6155179e-03  -2.9506727e-02
   1.3499031e+00   6.2785529e+00   3.7301728e+00   1.8550420e-03  -2.8979443e-02
   1.3621749e+00   6.2477351e+00   3.7464567e+00   2.1328040e-03  -2.8300576e-02
   1.3744468e+00   6.2167229e+00   3.7624504e+00   2.3947240e-03  -2.7482771e-02
   1.3867186e+00   6.1854843e+00   3.7781751e+00   2.5896666e-03  -2.6553581e-02
   1.3989905e+00   6.1540219e+00   3.7935636e+00   2.6773124e-03  -2.5549853e-02
   1.4112623e+00   6.1223691e+00   3.8084979e+00   2.6345644e-03  -2.4515050e-02
   1.4235342e+00   6.0905567e+00   3.8228980e+00   2.4597340e-03  -2.3497525e-02
   1.4358060e+00   6.0585793e+00   3.8367855e+00   2.1732500e-03  -2.2546789e-02
   1.4480779e+00   6.0263928e+00   3.8502628e+00   1.8140650e-03  -2.1706703e-02
   1.4603497e+00   5.9939486e+00   3.8634125e+00   1.4323641e-03  -2.1007086e-02
   1.4726216e+00   5.9612391e+00   3.8761938e+00   1.0804828e-03  -2.0455740e-02
   1.4848934e+00   5.9283133e+00   3.8884287e+00   8.0426229e-04  -2.0033262e-02
   1.4971652e+00   5.8952464e+00   3.8999089e+00   6.3619511e-04  -1.9694205e-02
   1.5094371e+00   5.8620822e+00   3.9105546e+00   5.9057698e-04  -1.9377364e-02
   1.5217089e+00   5.8287948e+00   3.9205038e+00   6.6099389e-04  -1.9024147e-02
   1.5339808e+00   5.7953037e+00   3.9300403e+00   8.2144481e-04  -1.8598899e-02
   1.5462526e+00   5.7615352e+00   3.9393878e+00   1.0319444e-03  -1.8100024e-02
   1.5585245e+00   5.7274860e+00   3.9484995e+00   1.2467683e-03  -1.7552471e-02
   1.5707963e+00   5.6932384e+00   3.9569981e+00   1.4216162e-03  -1.6985886e-02
   1.5830682e+00   5.6589126e+00   3.9643244e+00   1.5181703e-03  -1.6415228e-02
   1.5953400e+00   5.6245904e+00   3.9700155e+00   1.5083929e-03  -1.5836910e-02
   1.6076119e+00   5.5902656e+00   3.9739397e+00   1.3811264e-03  -1.5241233e-02
   1.6198837e+00   5.5558560e+00   3.9763445e+00   1.1490992e-03  -1.4632546e-02
   1.6321556e+00   5.5212675e+00   3.9776996e+00   8.4976406e-04  -1.4042098e-02
   1.6444274e+00   5.4864593e+00   3.9784533e+00   5.3565580e-04  -1.3520371e-02
   1.6566993e+00   5.4514635e+00   3.9788595e+00   2.5920667e-04  -1.3112611e-02
   1.6689711e+00   5.4163518e+00   3.9789622e+00   6.1331267e-05  -1.2836366e-02
   1.6812429e+00   5.3811852e+00   3.9786946e+00  -3.2946242e-05  -1.2674808e-02
   1.6935148e+00   5.3459934e+00   3.9779698e+00  -1.5163213e-05  -1.2585217e-02
   1.7057866e+00   5.3108049e+00   3.9766697e+00   1.0640832e-04  -1.2514600e-02
   1.7180585e+00   5.2756998e+00   3.9745490e+00   3.0718131e-04  -1.2413698e-02
   1.7303303e+00   5.2408350e+00   3.9711657e+00   5.4857288e-04  -1.2243724e-02
   1.7426022e+00   5.2064098e+00   3.9659500e+00   7.8255744e-04  -1.1977035e-02
   1.7548740e+00   5.1725861e+00   3.9584161e+00   9.5863819e-04  -1.1599166e-02
   1.7671459e+00   5.1394182e+00   3.9483989e+00   1.0341337e-03  -1.1117651e-02
   1.7794177e+00   5.1068453e+00   3.9361496e+00   9.8654509e-04  -1.0572377e-02
   1.7916896e+00   5.0747551e+00   3.9222070e+00   8.2173662e-04  -1.0033320e-02
   1.8039614e+00   5.0430800e+00   3.9071116e+00   5.7151228e-04  -9.5790304e-03
   1.8162333e+00   5.0118600e+00   3.8911418e+00   2.8252818e-04  -9.2678541e-03
   1.8285051e+00   4.9812340e+00   3.8742347e+00   4.7609947e-06  -9.1193228e-03
   1.8407769e+00   4.9513705e+00   3.8561287e+00  -2.1606692e-04  -9.1118701e-03
   1.8530488e+00   4.9223895e+00   3.8366085e+00  -3.4421549e-04  -9.1935033e-03
   1.8653206e+00   4.8943264e+00   3.8156781e+00  -3.6027393e-04  -9.3001713e-03
   1.8775925e+00   4.8671556e+00   3.7935510e+00  -2.6615242e-04  -9.3747154e-03
   1.8898643e+00   4.8408458e+00   3.7704907e+00  -8.4833141e-05  -9.3778434e-03
   1.9021362e+00   4.8154023e+00   3.7466376e+00   1.4541261e-04  -9.2883964e-03
   1.9144080e+00   4.7908668e+00   3.7219554e+00   3.7903529e-04  -9.0992690e-03
   1.9266799e+00   4.7672827e+00   3.6963246e+00   5.7114708e-04  -8.8166951e-03
   1.9389517e+00   4.7446582e+00   3.6696939e+00   6.8541274e-04  -8.4634572e-03
   1.9512236e+00   4.7229565e+00   3.6421668e+00   7.0127772e-04  -8.0797409e-03
   1.9634954e+00   4.7021176e+00   3.6139578e+00   6.1794122e-04  -7.7160573e-03
   1.9757673e+00   4.6820911e+00   3.5852638e+00   4.5323998e-04  -7.4198561e-03
   1.9880391e+00   4.6628537e+00   3.5561597e+00   2.3869924e-04  -7.2229007e-03
   2.0003109e+00   4.6443994e+00   3.5265974e+00   1.3269432e-05  -7.1349990e-03
   2.0125828e+00   4.6267156e+00   3.4965005e+00  -1.8324732e-04  -7.1449203e-03
   2.0248546e+00   4.6097659e+00   3.4658705e+00  -3.1715537e-04  -7.2262713e-03
   2.0371265e+00   4.5934937e+00   3.4348164e+00  -3.6720173e-04  -7.3451066e-03
   2.0493983e+00   4.5778406e+00   3.4034904e+00  -3.2817769e-04  -7.4662090e-03
   2.0616702e+00   4.5627656e+00   3.3719877e+00  -2.1075368e-04  -7.5567595e-03
   2.0739420e+00   4.5482479e+00   3.3402981e+00  -3.8519760e-05  -7.5888477e-03
   2.0862139e+00   4.5342759e+00   3.3083444e+00   1.5639327e-04  -7.5432451e-03
   2.0984857e+00   4.5208327e+00   3.2760726e+00   3.3873535e-04  -7.4146058e-03
   2.1107576e+00   4.5078902e+00   3.2435140e+00   4.7643984e-04  -7.2149682e-03
   2.1230294e+00   4.4954152e+00   3.2107708e+00   5.4656642e-04  -6.9719837e-03
   2.1353013e+00   4.4833803e+00   3.1779395e+00   5.3907826e-04  -6.7216716e-03
   2.1475731e+00   4.4717685e+00   3.1450420e+00   4.5771440e-04  -6.4992334e-03
   2.1598449e+00   4.4605691e+00   3.1120224e+00   3.1858932e-04  -6.3319209e-03
   2.1721168e+00   4.4497684e+00   3.0788084e+00   1.4725832e-04  -6.2355574e-03
   2.1843886e+00   4.4393458e+00   3.0453853e+00  -2.5637807e-05  -6.2139812e-03
   2.1966605e+00   4.4292763e+00   3.0118164e+00  -1.6989209e-04  -6.2599799e-03
   2.2089323e+00   4.4195387e+00   2.9781954e+00  -2.6123359e-04  -6.3567560e-03
   2.2212042e+00   4.4101197e+00   2.9445736e+00  -2.8533137e-04  -6.4797734e-03
   2.2334760e+00   4.4010117e+00   2.9109234e+00  -2.3966698e-04  -6.5995823e-03
   2.2457479e+00   4.3922065e+00   2.8771702e+00  -1.3351207e-04  -6.6864058e-03
   2.2580197e+00   4.3836898e+00   2.8432619e+00   1.3768637e-05  -6.7162889e-03
   2.2702916e+00   4.3754426e+00   2.8092179e+00   1.7614359e-04  -6.6768387e-03
   2.2825634e+00   4.3674476e+00   2.7751148e+00   3.2570058e-04  -6.5698113e-03
   2.2948353e+00   4.3596943e+00   2.7410241e+00   4.3763870e-04  -6.4093686e-03
   2.3071071e+00   4.3521798e+00   2.7069548e+00   4.9425843e-04  -6.2174950e-03
   2.3193790e+00   4.3449036e+00   2.6728508e+00   4.8748848e-04  -6.0192143e-03
   2.3316508e+00   4.3378624e+00   2.6386439e+00   4.2000019e-04  -5.8390676e-03
   2.3439226e+00   4.3310480e+00   2.6043147e+00   3.0476306e-04  -5.6985007e-03
   2.3561945e+00   4.3244494e+00   2.5699106e+00   1.6273627e-04  -5.6132244e-03
   2.3684663e+00   4.3180575e+00   2.5355053e+00   1.8955098e-05  -5.5904050e-03
   2.3807382e+00   4.3118671e+00   2.5011371e+00  -1.0196642e-04  -5.6265568e-03
   2.3930100e+00   4.3058755e+00   2.4667782e+00  -1.7986251e-04  -5.7073155e-03
   2.4052819e+00   4.3000804e+00   2.4323624e+00  -2.0210039e-04  -5.8098281e-03
   2.4175537e+00   4.2944774e+00   2.3978446e+00  -1.6555603e-04  -5.9075635e-03
   2.4298256e+00   4.2890602e+00   2.3632419e+00  -7.7113250e-05  -5.9761538e-03
   2.4420974e+00   4.2838223e+00   2.3286199e+00   4.7685251e-05  -5.9981196e-03
   2.4543693e+00   4.2787581e+00   2.2940371e+00   1.8760115e-04  -5.9649659e-03
   2.4666411e+00   4.2738625e+00   2.2594965e+00   3.1943397e-04  -5.8769142e-03
   2.4789130e+00   4.2691318e+00   2.2249443e+00   4.2174535e-04  -5.7417853e-03
   2.4911848e+00   4.2645636e+00   2.1903184e+00   4.7822687e-04  -5.5740617e-03
   2.5034566e+00   4.2601581e+00   2.1556018e+00   4.8042010e-04  -5.3937015e-03
   2.5157285e+00   4.2559169e+00   2.1208370e+00   4.2919470e-04  -5.2236086e-03
   2.5280003e+00   4.2518415e+00   2.0860885e+00   3.3443836e-04  -5.0854973e-03
   2.5402722e+00   4.2479303e+00   2.0513869e+00   2.1305503e-04  -4.9952988e-03
   2.5525440e+00   4.2441787e+00   2.0167037e+00   8.5944772e-05  -4.9598135e-03
   2.5648159e+00   4.2405809e+00   1.9819778e+00  -2.5397589e-05  -4.9756913e-03
   2.5770877e+00   4.2371332e+00   1.9471703e+00  -1.0232237e-04  -5.0307914e-03
   2.5893596e+00   4.2338353e+00   1.9122994e+00  -1.3212255e-04  -5.1071625e-03
   2.6016314e+00   4.2306882e+00   1.8774256e+00  -1.1015722e-04  -5.1844890e-03
   2.6139033e+00   4.2276909e+00   1.8426003e+00  -4.0472485e-05  -5.2430656e-03
   2.6261751e+00   4.2248383e+00   1.8078218e+00   6.5092906e-05  -5.2661534e-03
   2.6384470e+00   4.2221235e+00   1.7730386e+00   1.8895619e-04  -5.2422073e-03
   2.6507188e+00   4.2195419e+00   1.7381953e+00   3.1066524e-04  -5.1671528e-03
   2.6629906e+00   4.2170937e+00   1.7032820e+00   4.1031129e-04  -5.0459364e-03
   2.6752625e+00   4.2147816e+00   1.6683436e+00   4.7192735e-04  -4.8921190e-03
   2.6875343e+00   4.2126075e+00   1.6334410e+00   4.8609266e-04  -4.7250534e-03
   2.6998062e+00   4.2105705e+00   1.5985982e+00   4.5123289e-04  -4.5656264e-03
   2.7120780e+00   4.2086692e+00   1.5637802e+00   3.7365180e-04  -4.4322347e-03
   2.7243499e+00   4.2069077e+00   1.5289224e+00   2.6652923e-04  -4.3380826e-03
   2.7366217e+00   4.2052960e+00   1.4939857e+00   1.4792312e-04  -4.2898789e-03
   2.7488936e+00   4.2038442e+00   1.4589898e+00   3.7796923e-05  -4.2875259e-03
   2.7611654e+00   4.2025506e+00   1.4239974e+00  -4.5472443e-05  -4.3244123e-03
   2.7734373e+00   4.2013970e+00   1.3890620e+00  -8.8239865e-05  -4.3881344e-03
   2.7857091e+00   4.2003567e+00   1.3541841e+00  -8.3683012e-05  -4.4617558e-03
   2.7979810e+00   4.1994138e+00   1.3193130e+00  -3.2677194e-05  -4.5259041e-03
   2.8102528e+00   4.1985806e+00   1.2843907e+00   5.6409732e-05  -4.5618370e-03
   2.8225246e+00   4.1978971e+00   1.2494011e+00   1.6896424e-04  -4.5550706e-03
   2.8347965e+00   4.1974079e+00   1.2143812e+00   2.8644093e-04  -4.4985676e-03
   2.8470683e+00   4.1971305e+00   1.1793874e+00   3.8949538e-04  -4.3943333e-03
   2.8593402e+00   4.1970359e+00   1.1444473e+00   4.6130722e-04  -4.2529095e-03
   2.8716120e+00   4.1970609e+00   1.1095388e+00   4.9037525e-04  -4.0911731e-03
   2.8838839e+00   4.1971455e+00   1.0746139e+00   4.7228740e-04  -3.9291963e-03
   2.8961557e+00   4.1972715e+00   1.0396444e+00   4.1025900e-04  -3.7867970e-03
   2.9084276e+00   4.1974763e+00   1.0046485e+00   3.1447896e-04  -3.6803106e-03
   2.9206994e+00   4.1978290e+00   9.6967347e-01   2.0045776e-04  -3.6200231e-03
   2.9329713e+00   4.1983866e+00   9.3475185e-01   8.6627166e-05  -3.6085718e-03
   2.9452431e+00   4.1991595e+00   8.9987005e-01  -8.5301621e-06  -3.6406135e-03
   2.9575150e+00   4.2001106e+00   8.6497857e-01  -6.9483252e-05  -3.7039395e-03
   2.9697868e+00   4.2011861e+00   8.3003575e-01  -8.6297899e-05  -3.7817420e-03
   2.9820587e+00   4.2023547e+00   7.9504617e-01  -5.6331992e-05  -3.8553555e-03
   2.9943305e+00   4.2036261e+00   7.6005917e-01   1.5390502e-05  -3.9069535e-03
   3.0066023e+00   4.2050369e+00   7.2512744e-01   1.1708956e-04  -3.9220384e-03
   3.0188742e+00   4.2066189e+00   6.9026139e-01   2.3215832e-04  -3.8916467e-03
   3.0311460e+00   4.2083749e+00   6.5541963e-01   3.4182403e-04  -3.8140505e-03
   3.0434179e+00   4.2102801e+00   6.2054457e-01   4.2820201e-04  -3.6954564e-03
   3.0556897e+00   4.2123061e+00   5.8561294e-01   4.7722177e-04  -3.5490871e-03
   3.0679616e+00   4.2144447e+00   5.5065716e-01   4.8083878e-04  -3.3926483e-03
   3.0802334e+00   4.2167132e+00   5.1573828e-01   4.3822126e-04  -3.2450742e-03
   3.0925053e+00   4.2191373e+00   4.8089367e-01   3.5590720e-04  -3.1235507e-03
   3.1047771e+00   4.2217281e+00   4.4610463e-01   2.4691762e-04  -3.0412095e-03
   3.1170490e+00   4.2244725e+00   4.1131259e-01   1.2874195e-04  -3.0054541e-03
   3.1293208e+00   4.2273449e+00   3.7647026e-01   2.0386144e-05  -3.0169185e-03
   3.1415927e+00   4.2303294e+00   3.4158340e-01  -6.0863447e-05  -3.0690467e-03
