   3.3333333333333331e-01
   0.0000000000000000e+00
   0.0000000000000000e+00
 301    2    2
   6.6666666666666674e-01  -6.5314495954525504e-17
   6.6670249127831827e-01  -1.1169290604457127e-02
   6.6680998434597449e-01  -2.2333681988906565e-02
   6.6698920353536928e-01  -3.3488277082300580e-02
   6.6724024484811473e-01  -4.4628183110568397e-02
   6.6756324245963095e-01  -5.5748513742748661e-02
   6.6795836849193757e-01  -6.6844391234295752e-02
   6.6842583272100442e-01  -7.7910948566619689e-02
   6.6896588221826980e-01  -8.8943331581921151e-02
   6.6957880092585276e-01  -9.9936701112386450e-02
   6.7026490916491133e-01  -1.1088623510280497e-01
   6.7102456307651659e-01  -1.2178713072568308e-01
   6.7185815399434534e-01  -1.3263460648792258e-01
   6.7276610774842571e-01  -1.4342390432814175e-01
   6.7374888389910548e-01  -1.5415029170371822e-01
   6.7480697490035824e-01  -1.6480906366663869e-01
   6.7594090519149175e-01  -1.7539554492724449e-01
   6.7715123021627388e-01  -1.8590509190496818e-01
   6.7843853536846166e-01  -1.9633309476516170e-01
   6.7980343486268058e-01  -2.0667497944112170e-01
   6.8124657052958704e-01  -2.1692620964042689e-01
   6.8276861053422688e-01  -2.2708228883470558e-01
   6.8437024801650326e-01  -2.3713876223196126e-01
   6.8605219965267139e-01  -2.4709121873059289e-01
   6.8781520413678932e-01  -2.5693529285424815e-01
   6.8966002058108833e-01  -2.6666666666666689e-01
   6.9158742683425145e-01  -2.7628107166566945e-01
   6.9359821771665042e-01  -2.8577429065546489e-01
   6.9569320317163863e-01  -2.9514215959645024e-01
   6.9787320633208161e-01  -3.0438056943169695e-01
   7.0013906150138305e-01  -3.1348546788931908e-01
   7.0249161204836952e-01  -3.2245286125993333e-01
   7.0493170821550488e-01  -3.3127881614843230e-01
   7.0746020484003225e-01  -3.3995946119930126e-01
   7.1007795898778214e-01  -3.4849098879472301e-01
   7.1278582749954045e-01  -3.5686965672472426e-01
   7.1558466445003432e-01  -3.6509178982863405e-01
   7.1847531851978252e-01  -3.7315378160712820e-01
   7.2145863028025592e-01  -3.8105209580416183e-01
   7.2453542939299842e-01  -3.8878326795808610e-01
   7.2770653172360089e-01  -3.9634390692127691e-01
   7.3097273637165072e-01  -4.0373069634760345e-01
   7.3433482261804783e-01  -4.1094039614708766e-01
   7.3779354679134368e-01  -4.1796984390711461e-01
   7.4134963905505380e-01  -4.2481595627957142e-01
   7.4500380011819001e-01  -4.3147573033330539e-01
   7.4875669787157817e-01  -4.3794624487130890e-01
   7.5260896395285337e-01  -4.4422466171205310e-01
   7.5656119024336921e-01  -4.5030822693440814e-01
   7.6061392530060790e-01  -4.5619427208560359e-01
   7.6476767073004537e-01  -4.6188021535170071e-01
   7.6902287750080001e-01  -4.6736356269006069e-01
   7.7337994220978179e-01  -4.7264190892331448e-01
   7.7783920329945011e-01  -4.7771293879435367e-01
   7.8240093723468818e-01  -4.8257442798187711e-01
   7.8706535464471872e-01  -4.8722424407605391e-01
   7.9183259643638759e-01  -4.9166034751386700e-01
   7.9670272988556790e-01  -4.9588079247373412e-01
   8.0167574471384939e-01  -4.9988372772900885e-01
   8.0675154915810277e-01  -5.0366739745999001e-01
   8.1192996604092238e-01  -5.0723014202408201e-01
   8.1721072885036761e-01  -5.1057039868376919e-01
   8.2259347783783376e-01  -5.1368670229208446e-01
   8.2807775614328460e-01  -5.1657768593526998e-01
   8.3366300595747311e-01  -5.1924208153235218e-01
   8.3934856473116215e-01  -5.2167872039136309e-01
   8.4513366144171975e-01  -5.2388653372196736e-01
   8.5101741292782473e-01  -5.2586455310426938e-01
   8.5699882030334629e-01  -5.2761191091359383e-01
   8.6307676546178003e-01  -5.2912784070105490e-01
   8.6925000768291139e-01  -5.3041167752974572e-01
   8.7551718035364545e-01  -5.3146285826640238e-01
   8.8187678781517642e-01  -5.3228092182841158e-01
   8.8832720234888130e-01  -5.3286550938605781e-01
   8.9486666131348858e-01  -5.3321636451991761e-01
   9.0149326444622013e-01  -5.3333333333333333e-01
   9.0820497134069589e-01  -5.3321636451991761e-01
   9.1499959911445494e-01  -5.3286550938605781e-01
   9.2187482027896173e-01  -5.3228092182841158e-01
   9.2882816082493747e-01  -5.3146285826640238e-01
   9.3585699853577919e-01  -5.3041167752974572e-01
   9.4295856154171032e-01  -5.2912784070105490e-01
   9.5012992712711875e-01  -5.2761191091359383e-01
   9.5736802080332262e-01  -5.2586455310426927e-01
   9.6466961565870979e-01  -5.2388653372196725e-01
   9.7203133199786373e-01  -5.2167872039136298e-01
   9.7944963728089096e-01  -5.1924208153235218e-01
   9.8692084637370947e-01  -5.1657768593526987e-01
   9.9444112211954716e-01  -5.1368670229208446e-01
   1.0020064762413279e+00  -5.1057039868376919e-01
   1.0096127705839901e+00  -5.0723014202408190e-01
   1.0172557187050952e+00  -5.0366739745998990e-01
   1.0249308878213370e+00  -4.9988372772900885e-01
   1.0326337011177515e+00  -4.9588079247373412e-01
   1.0403594404255720e+00  -4.9166034751386700e-01
   1.0481032492737514e+00  -4.8722424407605386e-01
   1.0558601363182059e+00  -4.8257442798187711e-01
   1.0636249791518102e+00  -4.7771293879435356e-01
   1.0713925284971046e+00  -4.7264190892331454e-01
   1.0791574127825567e+00  -4.6736356269006052e-01
   1.0869141431020597e+00  -4.6188021535170054e-01
   1.0946571185561549e+00  -4.5619427208560359e-01
   1.1023806319722218e+00  -4.5030822693440808e-01
   1.1100788759996203e+00  -4.4422466171205310e-01
   1.1177459495744779e+00  -4.3794624487130890e-01
   1.1253758647474896e+00  -4.3147573033330539e-01
   1.1329625538667767e+00  -4.2481595627957142e-01
   1.1404998771065002e+00  -4.1796984390711450e-01
   1.1479816303305777e+00  -4.1094039614708761e-01
   1.1554015532794972e+00  -4.0373069634760356e-01
   1.1627533380668864e+00  -3.9634390692127686e-01
   1.1700306379711480e+00  -3.8878326795808610e-01
   1.1772270765061756e+00  -3.8105209580416172e-01
   1.1843362567538578e+00  -3.7315378160712825e-01
   1.1913517709398296e+00  -3.6509178982863405e-01
   1.1982672102327061e+00  -3.5686965672472426e-01
   1.2050761747458560e+00  -3.4849098879472296e-01
   1.2117722837196492e+00  -3.3995946119930126e-01
   1.2183491858610351e+00  -3.3127881614843224e-01
   1.2248005698163178e+00  -3.2245286125993328e-01
   1.2311201747520408e+00  -3.1348546788931902e-01
   1.2373018010180474e+00  -3.0438056943169683e-01
   1.2433393208659909e+00  -2.9514215959645013e-01
   1.2492266891958876e+00  -2.8577429065546484e-01
   1.2549579543026930e+00  -2.7628107166566940e-01
   1.2605272685943787e+00  -2.6666666666666677e-01
   1.2659288992525917e+00  -2.5693529285424804e-01
   1.2711572388066561e+00  -2.4709121873059281e-01
   1.2762068155915069e+00  -2.3713876223196143e-01
   1.2810723040600460e+00  -2.2708228883470549e-01
   1.2857485349204458e+00  -2.1692620964042686e-01
   1.2902305050690752e+00  -2.0667497944112143e-01
   1.2945133872899728e+00  -1.9633309476516161e-01
   1.2985925396921800e+00  -1.8590509190496815e-01
   1.3024635148567336e+00  -1.7539554492724441e-01
   1.3061220686657258e+00  -1.6480906366663861e-01
   1.3095641687865738e+00  -1.5415029170371816e-01
   1.3127860027854648e+00  -1.4342390432814170e-01
   1.3157839858449007e+00  -1.3263460648792250e-01
   1.3185547680613181e+00  -1.2178713072568299e-01
   1.3210952412999166e+00  -1.1088623510280514e-01
   1.3234025455850922e+00  -9.9936701112386603e-02
   1.3254740750062199e+00  -8.8943331581921095e-02
   1.3273074831199769e+00  -7.7910948566619398e-02
   1.3289006878319232e+00  -6.6844391234295697e-02
   1.3302518757416559e+00  -5.5748513742748591e-02
   1.3313595059375345e+00  -4.4628183110568327e-02
   1.3322223132287028e+00  -3.3488277082300275e-02
   1.3328393108039305e+00  -2.2333681988906503e-02
   1.3332097923086366e+00  -1.1169290604457061e-02
   1.3333333333333333e+00   0.0000000000000000e+00
   1.3332097923086366e+00   1.1169290604457061e-02
   1.3328393108039305e+00   2.2333681988906260e-02
   1.3322223132287028e+00   3.3488277082300510e-02
   1.3313595059375345e+00   4.4628183110568327e-02
   1.3302518757416559e+00   5.5748513742748591e-02
   1.3289006878319232e+00   6.6844391234295461e-02
   1.3273074831199769e+00   7.7910948566619398e-02
   1.3254740750062197e+00   8.8943331581921345e-02
   1.3234025455850922e+00   9.9936701112386603e-02
   1.3210952412999166e+00   1.1088623510280489e-01
   1.3185547680613181e+00   1.2178713072568299e-01
   1.3157839858449007e+00   1.3263460648792250e-01
   1.3127860027854648e+00   1.4342390432814170e-01
   1.3095641687865738e+00   1.5415029170371794e-01
   1.3061220686657258e+00   1.6480906366663842e-01
   1.3024635148567334e+00   1.7539554492724463e-01
   1.2985925396921800e+00   1.8590509190496815e-01
   1.2945133872899728e+00   1.9633309476516161e-01
   1.2902305050690752e+00   2.0667497944112165e-01
   1.2857485349204458e+00   2.1692620964042686e-01
   1.2810723040600460e+00   2.2708228883470549e-01
   1.2762068155915072e+00   2.3713876223196120e-01
   1.2711572388066561e+00   2.4709121873059281e-01
   1.2659288992525917e+00   2.5693529285424804e-01
   1.2605272685943787e+00   2.6666666666666661e-01
   1.2549579543026930e+00   2.7628107166566923e-01
   1.2492266891958876e+00   2.8577429065546500e-01
   1.2433393208659909e+00   2.9514215959645035e-01
   1.2373018010180474e+00   3.0438056943169683e-01
   1.2311201747520408e+00   3.1348546788931902e-01
   1.2248005698163178e+00   3.2245286125993328e-01
   1.2183491858610351e+00   3.3127881614843224e-01
   1.2117722837196492e+00   3.3995946119930126e-01
   1.2050761747458563e+00   3.4849098879472273e-01
   1.1982672102327061e+00   3.5686965672472426e-01
   1.1913517709398296e+00   3.6509178982863388e-01
   1.1843362567538578e+00   3.7315378160712825e-01
   1.1772270765061756e+00   3.8105209580416194e-01
   1.1700306379711478e+00   3.8878326795808626e-01
   1.1627533380668862e+00   3.9634390692127702e-01
   1.1554015532794972e+00   4.0373069634760334e-01
   1.1479816303305774e+00   4.1094039614708772e-01
   1.1404998771065002e+00   4.1796984390711450e-01
   1.1329625538667767e+00   4.2481595627957125e-01
   1.1253758647474896e+00   4.3147573033330539e-01
   1.1177459495744781e+00   4.3794624487130873e-01
   1.1100788759996203e+00   4.4422466171205310e-01
   1.1023806319722216e+00   4.5030822693440825e-01
   1.0946571185561549e+00   4.5619427208560359e-01
   1.0869141431020595e+00   4.6188021535170076e-01
   1.0791574127825565e+00   4.6736356269006069e-01
   1.0713925284971049e+00   4.7264190892331448e-01
   1.0636249791518102e+00   4.7771293879435356e-01
   1.0558601363182059e+00   4.8257442798187711e-01
   1.0481032492737514e+00   4.8722424407605369e-01
   1.0403594404255720e+00   4.9166034751386700e-01
   1.0326337011177518e+00   4.9588079247373401e-01
   1.0249308878213370e+00   4.9988372772900885e-01
   1.0172557187050950e+00   5.0366739745999001e-01
   1.0096127705839901e+00   5.0723014202408190e-01
   1.0020064762413277e+00   5.1057039868376930e-01
   9.9444112211954727e-01   5.1368670229208446e-01
   9.8692084637370969e-01   5.1657768593526987e-01
   9.7944963728089096e-01   5.1924208153235218e-01
   9.7203133199786373e-01   5.2167872039136298e-01
   9.6466961565870957e-01   5.2388653372196736e-01
   9.5736802080332262e-01   5.2586455310426927e-01
   9.5012992712711908e-01   5.2761191091359372e-01
   9.4295856154171009e-01   5.2912784070105490e-01
   9.3585699853577919e-01   5.3041167752974583e-01
   9.2882816082493747e-01   5.3146285826640238e-01
   9.2187482027896173e-01   5.3228092182841158e-01
   9.1499959911445494e-01   5.3286550938605781e-01
   9.0820497134069578e-01   5.3321636451991761e-01
   9.0149326444622013e-01   5.3333333333333333e-01
   8.9486666131348880e-01   5.3321636451991761e-01
   8.8832720234888130e-01   5.3286550938605781e-01
   8.8187678781517653e-01   5.3228092182841158e-01
   8.7551718035364567e-01   5.3146285826640238e-01
   8.6925000768291127e-01   5.3041167752974572e-01
   8.6307676546178003e-01   5.2912784070105479e-01
   8.5699882030334640e-01   5.2761191091359383e-01
   8.5101741292782451e-01   5.2586455310426927e-01
   8.4513366144171975e-01   5.2388653372196736e-01
   8.3934856473116204e-01   5.2167872039136298e-01
   8.3366300595747322e-01   5.1924208153235218e-01
   8.2807775614328483e-01   5.1657768593527009e-01
   8.2259347783783376e-01   5.1368670229208446e-01
   8.1721072885036772e-01   5.1057039868376941e-01
   8.1192996604092238e-01   5.0723014202408201e-01
   8.0675154915810265e-01   5.0366739745998979e-01
   8.0167574471384939e-01   4.9988372772900885e-01
   7.9670272988556767e-01   4.9588079247373401e-01
   7.9183259643638759e-01   4.9166034751386700e-01
   7.8706535464471872e-01   4.8722424407605391e-01
   7.8240093723468818e-01   4.8257442798187711e-01
   7.7783920329945011e-01   4.7771293879435367e-01
   7.7337994220978179e-01   4.7264190892331448e-01
   7.6902287750080001e-01   4.6736356269006069e-01
   7.6476767073004548e-01   4.6188021535170082e-01
   7.6061392530060790e-01   4.5619427208560337e-01
   7.5656119024336910e-01   4.5030822693440803e-01
   7.5260896395285337e-01   4.4422466171205310e-01
   7.4875669787157806e-01   4.3794624487130873e-01
   7.4500380011819001e-01   4.3147573033330539e-01
   7.4134963905505380e-01   4.2481595627957153e-01
   7.3779354679134368e-01   4.1796984390711461e-01
   7.3433482261804783e-01   4.1094039614708772e-01
   7.3097273637165072e-01   4.0373069634760345e-01
   7.2770653172360100e-01   3.9634390692127708e-01
   7.2453542939299864e-01   3.8878326795808649e-01
   7.2145863028025592e-01   3.8105209580416161e-01
   7.1847531851978252e-01   3.7315378160712820e-01
   7.1558466445003432e-01   3.6509178982863405e-01
   7.1278582749954045e-01   3.5686965672472426e-01
   7.1007795898778214e-01   3.4849098879472301e-01
   7.0746020484003225e-01   3.3995946119930109e-01
   7.0493170821550488e-01   3.3127881614843230e-01
   7.0249161204836963e-01   3.2245286125993350e-01
   7.0013906150138305e-01   3.1348546788931908e-01
   6.9787320633208161e-01   3.0438056943169717e-01
   6.9569320317163863e-01   2.9514215959645024e-01
   6.9359821771665031e-01   2.8577429065546467e-01
   6.9158742683425145e-01   2.7628107166566945e-01
   6.8966002058108811e-01   2.6666666666666644e-01
   6.8781520413678932e-01   2.5693529285424815e-01
   6.8605219965267139e-01   2.4709121873059312e-01
   6.8437024801650326e-01   2.3713876223196126e-01
   6.8276861053422688e-01   2.2708228883470558e-01
   6.8124657052958715e-01   2.1692620964042711e-01
   6.7980343486268058e-01   2.0667497944112170e-01
   6.7843853536846166e-01   1.9633309476516189e-01
   6.7715123021627388e-01   1.8590509190496818e-01
   6.7594090519149175e-01   1.7539554492724427e-01
   6.7480697490035824e-01   1.6480906366663869e-01
   6.7374888389910548e-01   1.5415029170371800e-01
   6.7276610774842571e-01   1.4342390432814175e-01
   6.7185815399434534e-01   1.3263460648792280e-01
   6.7102456307651659e-01   1.2178713072568308e-01
   6.7026490916491144e-01   1.1088623510280519e-01
   6.6957880092585276e-01   9.9936701112386450e-02
   6.6896588221826980e-01   8.8943331581921400e-02
   6.6842583272100442e-01   7.7910948566619939e-02
   6.6795836849193746e-01   6.6844391234295281e-02
   6.6756324245963095e-01   5.5748513742748425e-02
   6.6724024484811473e-01   4.4628183110568397e-02
   6.6698920353536928e-01   3.3488277082300344e-02
   6.6680998434597449e-01   2.2333681988906565e-02
   6.6670249127831827e-01   1.1169290604456887e-02
   6.6666666666666674e-01   6.5314495954525504e-17
   5.6666666666666676e-01  -8.4908844740883161e-17
   5.6671323866181367e-01  -1.4520077785794266e-02
   5.6685297964976677e-01  -2.9033786585578536e-02
   5.6708596459598004e-01  -4.3534760206990757e-02
   5.6741231830254912e-01  -5.8016638043738918e-02
   5.6783221519752014e-01  -7.2473067865573268e-02
   5.6834587903951883e-01  -8.6897708604584484e-02
   5.6895358253730577e-01  -1.0128423313660560e-01
   5.6965564688375081e-01  -1.1562633105649750e-01
   5.7045244120360850e-01  -1.2991771144610240e-01
   5.7134438191438464e-01  -1.4415210563364647e-01
   5.7233193199947152e-01  -1.5832326994338800e-01
   5.7341560019264892e-01  -1.7242498843429935e-01
   5.7459594007295345e-01  -1.8645107562658428e-01
   5.7587354906883714e-01  -2.0039537921483369e-01
   5.7724906737046577e-01  -2.1425178276663032e-01
   5.7872317674893925e-01  -2.2801420840541783e-01
   5.8029659928115596e-01  -2.4167661947645863e-01
   5.8197009597900018e-01  -2.5523302319471020e-01
   5.8374446532148472e-01  -2.6867747327345820e-01
   5.8562054168846311e-01  -2.8200407253255494e-01
   5.8759919369449487e-01  -2.9520697548511726e-01
   5.8968132242145421e-01  -3.0828039090154963e-01
   5.9186785954847276e-01  -3.2121858434977080e-01
   5.9415976537782611e-01  -3.3401588071052263e-01
   5.9655802675541481e-01  -3.4666666666666696e-01
   5.9906365488452695e-01  -3.5916539316537033e-01
   6.0167768303164548e-01  -3.7150657785210439e-01
   6.0440116412313016e-01  -3.8368480747538530e-01
   6.0723516823170609e-01  -3.9569474026120605e-01
   6.1018077995179798e-01  -4.0753110825611483e-01
   6.1323909566288037e-01  -4.1918871963791332e-01
   6.1641122068015641e-01  -4.3066246099296202e-01
   6.1969826629204183e-01  -4.4194729955909168e-01
   6.2310134668411676e-01  -4.5303828543313995e-01
   6.2662157574940258e-01  -4.6393055374214154e-01
   6.3026006378504462e-01  -4.7461932677722429e-01
   6.3401791407571728e-01  -4.8509991608926667e-01
   6.3789621936433272e-01  -4.9536772454541039e-01
   6.4189605821089790e-01  -5.0541824834551197e-01
   6.4601849124068123e-01  -5.1524707899765998e-01
   6.5026455728314592e-01  -5.2484990525188446e-01
   6.5463526940346217e-01  -5.3422251499121398e-01
   6.5913161082874683e-01  -5.4336079707924900e-01
   6.6375453077156998e-01  -5.5226074316344287e-01
   6.6850494015364692e-01  -5.6091844943329705e-01
   6.7338370723305163e-01  -5.6933011833270164e-01
   6.7839165313870931e-01  -5.7749206022566901e-01
   6.8352954731637994e-01  -5.8540069501473058e-01
   6.8879810289079024e-01  -5.9305255371128474e-01
   6.9419797194905897e-01  -6.0044427995721095e-01
   6.9972974075104000e-01  -6.0757263149707896e-01
   7.0539392487271635e-01  -6.1443448160030889e-01
   7.1119096428928508e-01  -6.2102682043265978e-01
   7.1712121840509457e-01  -6.2734675637644022e-01
   7.2318496103813434e-01  -6.3339151729887011e-01
   7.2938237536730388e-01  -6.3915845176802710e-01
   7.3571354885123830e-01  -6.4464503021585440e-01
   7.4217846812800414e-01  -6.4984884604771154e-01
   7.4877701390553364e-01  -6.5476761669798700e-01
   7.5550895585319910e-01  -6.5939918463130665e-01
   7.6237394750547782e-01  -6.6374151828889993e-01
   7.6937152118918384e-01  -6.6779271297970988e-01
   7.7650108298626996e-01  -6.7155099171585098e-01
   7.8376190774471510e-01  -6.7501470599205782e-01
   7.9115313415051081e-01  -6.7818233650877202e-01
   7.9867375987423572e-01  -6.8105249383855759e-01
   8.0632263680617211e-01  -6.8362391903555020e-01
   8.1409846639435013e-01  -6.8589548418767199e-01
   8.2199979510031407e-01  -6.8786619291137141e-01
   8.3002500998778483e-01  -6.8953518078866949e-01
   8.3817233445973904e-01  -6.9090171574632309e-01
   8.4643982415972929e-01  -6.9196519837693504e-01
   8.5482536305354562e-01  -6.9272516220187519e-01
   8.6332665970753508e-01  -6.9318127387589290e-01
   8.7194124378008619e-01  -6.9333333333333336e-01
   8.8066646274290461e-01  -6.9318127387589290e-01
   8.8949947884879144e-01  -6.9272516220187519e-01
   8.9843726636265020e-01  -6.9196519837693504e-01
   9.0747660907241867e-01  -6.9090171574632309e-01
   9.1661409809651295e-01  -6.8953518078866949e-01
   9.2584613000422344e-01  -6.8786619291137141e-01
   9.3516890526525431e-01  -6.8589548418767199e-01
   9.4457842704431938e-01  -6.8362391903555009e-01
   9.5407050035632268e-01  -6.8105249383855748e-01
   9.6364073159722285e-01  -6.7818233650877191e-01
   9.7328452846515823e-01  -6.7501470599205782e-01
   9.8299710028582232e-01  -6.7155099171585086e-01
   9.9277345875541134e-01  -6.6779271297970988e-01
   1.0026084191137263e+00  -6.6374151828889993e-01
   1.0124966017591872e+00  -6.5939918463130653e-01
   1.0224324343166238e+00  -6.5476761669798689e-01
   1.0324101541677382e+00  -6.4984884604771154e-01
   1.0424238114530771e+00  -6.4464503021585440e-01
   1.0524672725532436e+00  -6.3915845176802710e-01
   1.0625342240558768e+00  -6.3339151729887000e-01
   1.0726181772136676e+00  -6.2734675637644022e-01
   1.0827124728973532e+00  -6.2102682043265967e-01
   1.0928102870462360e+00  -6.1443448160030889e-01
   1.1029046366173239e+00  -6.0757263149707874e-01
   1.1129883860326777e+00  -6.0044427995721072e-01
   1.1230542541230013e+00  -5.9305255371128474e-01
   1.1330948215638883e+00  -5.8540069501473058e-01
   1.1431025387995064e+00  -5.7749206022566901e-01
   1.1530697344468213e+00  -5.6933011833270164e-01
   1.1629886241717364e+00  -5.6091844943329705e-01
   1.1728513200268096e+00  -5.5226074316344287e-01
   1.1826498402384504e+00  -5.4336079707924889e-01
   1.1923761194297509e+00  -5.3422251499121387e-01
   1.2020220192633464e+00  -5.2484990525188469e-01
   1.2115793394869523e+00  -5.1524707899765998e-01
   1.2210398293624924e+00  -5.0541824834551197e-01
   1.2303951994580284e+00  -4.9536772454541023e-01
   1.2396371337800152e+00  -4.8509991608926673e-01
   1.2487573022217784e+00  -4.7461932677722429e-01
   1.2577473733025180e+00  -4.6393055374214154e-01
   1.2665990271696128e+00  -4.5303828543313984e-01
   1.2753039688355439e+00  -4.4194729955909168e-01
   1.2838539416193457e+00  -4.3066246099296190e-01
   1.2922407407612131e+00  -4.1918871963791327e-01
   1.3004562271776532e+00  -4.0753110825611477e-01
   1.3084923413234617e+00  -3.9569474026120588e-01
   1.3163411171257882e+00  -3.8368480747538519e-01
   1.3239946959546540e+00  -3.7150657785210428e-01
   1.3314453405935009e+00  -3.5916539316537022e-01
   1.3386854491726923e+00  -3.4666666666666685e-01
   1.3457075690283693e+00  -3.3401588071052246e-01
   1.3525044104486530e+00  -3.2121858434977069e-01
   1.3590688602689591e+00  -3.0828039090154985e-01
   1.3653939952780598e+00  -2.9520697548511715e-01
   1.3714730953965795e+00  -2.8200407253255494e-01
   1.3772996565897979e+00  -2.6867747327345787e-01
   1.3828674034769646e+00  -2.5523302319471008e-01
   1.3881703015998341e+00  -2.4167661947645860e-01
   1.3932025693137537e+00  -2.2801420840541772e-01
   1.3979586892654434e+00  -2.1425178276663021e-01
   1.4024334194225458e+00  -2.0039537921483361e-01
   1.4066218036211042e+00  -1.8645107562658422e-01
   1.4105191815983709e+00  -1.7242498843429926e-01
   1.4141211984797135e+00  -1.5832326994338788e-01
   1.4174238136898916e+00  -1.4415210563364669e-01
   1.4204233092606198e+00  -1.2991771144610259e-01
   1.4231162975080860e+00  -1.1562633105649743e-01
   1.4254997280559700e+00  -1.0128423313660521e-01
   1.4275708941815002e+00  -8.6897708604584414e-02
   1.4293274384641528e+00  -7.2473067865573171e-02
   1.4307673577187949e+00  -5.8016638043738827e-02
   1.4318890071973136e+00  -4.3534760206990361e-02
   1.4326911040451096e+00  -2.9033786585578456e-02
   1.4331727300012276e+00  -1.4520077785794179e-02
   1.4333333333333331e+00   0.0000000000000000e+00
   1.4331727300012276e+00   1.4520077785794179e-02
   1.4326911040451096e+00   2.9033786585578140e-02
   1.4318890071973136e+00   4.3534760206990666e-02
   1.4307673577187949e+00   5.8016638043738827e-02
   1.4293274384641528e+00   7.2473067865573171e-02
   1.4275708941815002e+00   8.6897708604584109e-02
   1.4254997280559700e+00   1.0128423313660521e-01
   1.4231162975080855e+00   1.1562633105649775e-01
   1.4204233092606198e+00   1.2991771144610259e-01
   1.4174238136898916e+00   1.4415210563364636e-01
   1.4141211984797135e+00   1.5832326994338788e-01
   1.4105191815983709e+00   1.7242498843429926e-01
   1.4066218036211042e+00   1.8645107562658422e-01
   1.4024334194225458e+00   2.0039537921483333e-01
   1.3979586892654434e+00   2.1425178276662996e-01
   1.3932025693137535e+00   2.2801420840541803e-01
   1.3881703015998341e+00   2.4167661947645860e-01
   1.3828674034769646e+00   2.5523302319471008e-01
   1.3772996565897979e+00   2.6867747327345815e-01
   1.3714730953965795e+00   2.8200407253255494e-01
   1.3653939952780598e+00   2.9520697548511715e-01
   1.3590688602689593e+00   3.0828039090154957e-01
   1.3525044104486530e+00   3.2121858434977069e-01
   1.3457075690283693e+00   3.3401588071052246e-01
   1.3386854491726923e+00   3.4666666666666662e-01
   1.3314453405935009e+00   3.5916539316536999e-01
   1.3239946959546540e+00   3.7150657785210450e-01
   1.3163411171257882e+00   3.8368480747538547e-01
   1.3084923413234617e+00   3.9569474026120588e-01
   1.3004562271776532e+00   4.0753110825611477e-01
   1.2922407407612131e+00   4.1918871963791327e-01
   1.2838539416193457e+00   4.3066246099296190e-01
   1.2753039688355439e+00   4.4194729955909168e-01
   1.2665990271696130e+00   4.5303828543313956e-01
   1.2577473733025180e+00   4.6393055374214154e-01
   1.2487573022217784e+00   4.7461932677722407e-01
   1.2396371337800152e+00   4.8509991608926673e-01
   1.2303951994580284e+00   4.9536772454541056e-01
   1.2210398293624922e+00   5.0541824834551219e-01
   1.2115793394869521e+00   5.1524707899766020e-01
   1.2020220192633464e+00   5.2484990525188435e-01
   1.1923761194297506e+00   5.3422251499121409e-01
   1.1826498402384504e+00   5.4336079707924889e-01
   1.1728513200268096e+00   5.5226074316344265e-01
   1.1629886241717364e+00   5.6091844943329705e-01
   1.1530697344468215e+00   5.6933011833270142e-01
   1.1431025387995064e+00   5.7749206022566901e-01
   1.1330948215638881e+00   5.8540069501473080e-01
   1.1230542541230013e+00   5.9305255371128474e-01
   1.1129883860326772e+00   6.0044427995721106e-01
   1.1029046366173234e+00   6.0757263149707896e-01
   1.0928102870462364e+00   6.1443448160030889e-01
   1.0827124728973532e+00   6.2102682043265967e-01
   1.0726181772136676e+00   6.2734675637644022e-01
   1.0625342240558768e+00   6.3339151729886978e-01
   1.0524672725532436e+00   6.3915845176802710e-01
   1.0424238114530773e+00   6.4464503021585429e-01
   1.0324101541677382e+00   6.4984884604771154e-01
   1.0224324343166236e+00   6.5476761669798700e-01
   1.0124966017591872e+00   6.5939918463130653e-01
   1.0026084191137259e+00   6.6374151828890016e-01
   9.9277345875541145e-01   6.6779271297970988e-01
   9.8299710028582266e-01   6.7155099171585086e-01
   9.7328452846515823e-01   6.7501470599205782e-01
   9.6364073159722285e-01   6.7818233650877191e-01
   9.5407050035632246e-01   6.8105249383855759e-01
   9.4457842704431938e-01   6.8362391903555009e-01
   9.3516890526525476e-01   6.8589548418767188e-01
   9.2584613000422311e-01   6.8786619291137141e-01
   9.1661409809651295e-01   6.8953518078866960e-01
   9.0747660907241867e-01   6.9090171574632309e-01
   8.9843726636265020e-01   6.9196519837693504e-01
   8.8949947884879144e-01   6.9272516220187519e-01
   8.8066646274290450e-01   6.9318127387589290e-01
   8.7194124378008619e-01   6.9333333333333336e-01
   8.6332665970753542e-01   6.9318127387589290e-01
   8.5482536305354562e-01   6.9272516220187519e-01
   8.4643982415972951e-01   6.9196519837693504e-01
   8.3817233445973938e-01   6.9090171574632309e-01
   8.3002500998778461e-01   6.8953518078866949e-01
   8.2199979510031407e-01   6.8786619291137130e-01
   8.1409846639435035e-01   6.8589548418767199e-01
   8.0632263680617189e-01   6.8362391903555009e-01
   7.9867375987423572e-01   6.8105249383855759e-01
   7.9115313415051070e-01   6.7818233650877191e-01
   7.8376190774471521e-01   6.7501470599205782e-01
   7.7650108298627030e-01   6.7155099171585120e-01
   7.6937152118918384e-01   6.6779271297970988e-01
   7.6237394750547804e-01   6.6374151828890027e-01
   7.5550895585319910e-01   6.5939918463130665e-01
   7.4877701390553342e-01   6.5476761669798678e-01
   7.4217846812800414e-01   6.4984884604771154e-01
   7.3571354885123796e-01   6.4464503021585429e-01
   7.2938237536730388e-01   6.3915845176802710e-01
   7.2318496103813434e-01   6.3339151729887011e-01
   7.1712121840509457e-01   6.2734675637644022e-01
   7.1119096428928508e-01   6.2102682043265978e-01
   7.0539392487271635e-01   6.1443448160030889e-01
   6.9972974075104000e-01   6.0757263149707896e-01
   6.9419797194905919e-01   6.0044427995721106e-01
   6.8879810289079024e-01   5.9305255371128440e-01
   6.8352954731637983e-01   5.8540069501473047e-01
   6.7839165313870931e-01   5.7749206022566901e-01
   6.7338370723305152e-01   5.6933011833270142e-01
   6.6850494015364692e-01   5.6091844943329705e-01
   6.6375453077156998e-01   5.5226074316344298e-01
   6.5913161082874683e-01   5.4336079707924900e-01
   6.5463526940346217e-01   5.3422251499121409e-01
   6.5026455728314592e-01   5.2484990525188446e-01
   6.4601849124068123e-01   5.1524707899766020e-01
   6.4189605821089823e-01   5.0541824834551241e-01
   6.3789621936433272e-01   4.9536772454541012e-01
   6.3401791407571728e-01   4.8509991608926667e-01
   6.3026006378504462e-01   4.7461932677722429e-01
   6.2662157574940258e-01   4.6393055374214154e-01
   6.2310134668411676e-01   4.5303828543313995e-01
   6.1969826629204183e-01   4.4194729955909146e-01
   6.1641122068015641e-01   4.3066246099296202e-01
   6.1323909566288048e-01   4.1918871963791354e-01
   6.1018077995179798e-01   4.0753110825611483e-01
   6.0723516823170609e-01   3.9569474026120632e-01
   6.0440116412313016e-01   3.8368480747538530e-01
   6.0167768303164537e-01   3.7150657785210406e-01
   5.9906365488452695e-01   3.5916539316537033e-01
   5.9655802675541447e-01   3.4666666666666640e-01
   5.9415976537782611e-01   3.3401588071052263e-01
   5.9186785954847276e-01   3.2121858434977107e-01
   5.8968132242145421e-01   3.0828039090154963e-01
   5.8759919369449487e-01   2.9520697548511726e-01
   5.8562054168846323e-01   2.8200407253255527e-01
   5.8374446532148472e-01   2.6867747327345820e-01
   5.8197009597900018e-01   2.5523302319471047e-01
   5.8029659928115596e-01   2.4167661947645863e-01
   5.7872317674893925e-01   2.2801420840541756e-01
   5.7724906737046577e-01   2.1425178276663032e-01
   5.7587354906883714e-01   2.0039537921483341e-01
   5.7459594007295345e-01   1.8645107562658428e-01
   5.7341560019264892e-01   1.7242498843429965e-01
   5.7233193199947152e-01   1.5832326994338800e-01
   5.7134438191438486e-01   1.4415210563364675e-01
   5.7045244120360850e-01   1.2991771144610240e-01
   5.6965564688375081e-01   1.1562633105649782e-01
   5.6895358253730577e-01   1.0128423313660592e-01
   5.6834587903951861e-01   8.6897708604583873e-02
   5.6783221519752014e-01   7.2473067865572949e-02
   5.6741231830254912e-01   5.8016638043738918e-02
   5.6708596459598004e-01   4.3534760206990451e-02
   5.6685297964976677e-01   2.9033786585578536e-02
   5.6671323866181367e-01   1.4520077785793954e-02
   5.6666666666666676e-01   8.4908844740883161e-17
 201
    2
   0.0000000000000000e+00
   5.0000000000000001e-03
   1.0000000000000000e-02
   1.4999999999999999e-02
   2.0000000000000000e-02
   2.5000000000000001e-02
   2.9999999999999999e-02
   3.5000000000000003e-02
   4.0000000000000001e-02
   4.4999999999999998e-02
   5.0000000000000003e-02
   5.5000000000000000e-02
   5.9999999999999998e-02
   6.5000000000000002e-02
   7.0000000000000007e-02
   7.4999999999999997e-02
   8.0000000000000002e-02
   8.5000000000000006e-02
   8.9999999999999997e-02
   9.5000000000000001e-02
   1.0000000000000001e-01
   1.0500000000000000e-01
   1.1000000000000000e-01
   1.1500000000000000e-01
   1.2000000000000000e-01
   1.2500000000000000e-01
   1.3000000000000000e-01
   1.3500000000000001e-01
   1.4000000000000001e-01
   1.4499999999999999e-01
   1.4999999999999999e-01
   1.5500000000000000e-01
   1.6000000000000000e-01
   1.6500000000000001e-01
   1.7000000000000001e-01
   1.7499999999999999e-01
   1.7999999999999999e-01
   1.8500000000000000e-01
   1.9000000000000000e-01
   1.9500000000000001e-01
   2.0000000000000001e-01
   2.0499999999999999e-01
   2.0999999999999999e-01
   2.1500000000000000e-01
   2.2000000000000000e-01
   2.2500000000000001e-01
   2.3000000000000001e-01
   2.3499999999999999e-01
   2.3999999999999999e-01
   2.4500000000000000e-01
   2.5000000000000000e-01
   2.5500000000000000e-01
   2.6000000000000001e-01
   2.6500000000000001e-01
   2.7000000000000002e-01
   2.7500000000000002e-01
   2.8000000000000003e-01
   2.8499999999999998e-01
   2.8999999999999998e-01
   2.9499999999999998e-01
   2.9999999999999999e-01
   3.0499999999999999e-01
   3.1000000000000000e-01
   3.1500000000000000e-01
   3.2000000000000001e-01
   3.2500000000000001e-01
   3.3000000000000002e-01
   3.3500000000000002e-01
   3.4000000000000002e-01
   3.4499999999999997e-01
   3.4999999999999998e-01
   3.5499999999999998e-01
   3.5999999999999999e-01
   3.6499999999999999e-01
   3.7000000000000000e-01
   3.7500000000000000e-01
   3.8000000000000000e-01
   3.8500000000000001e-01
   3.9000000000000001e-01
   3.9500000000000002e-01
   4.0000000000000002e-01
   4.0500000000000003e-01
   4.0999999999999998e-01
   4.1499999999999998e-01
   4.1999999999999998e-01
   4.2499999999999999e-01
   4.2999999999999999e-01
   4.3500000000000000e-01
   4.4000000000000000e-01
   4.4500000000000001e-01
   4.5000000000000001e-01
   4.5500000000000002e-01
   4.6000000000000002e-01
   4.6500000000000002e-01
   4.6999999999999997e-01
   4.7499999999999998e-01
   4.7999999999999998e-01
   4.8499999999999999e-01
   4.8999999999999999e-01
   4.9500000000000000e-01
   5.0000000000000000e-01
   5.0500000000000000e-01
   5.1000000000000001e-01
   5.1500000000000001e-01
   5.2000000000000002e-01
   5.2500000000000002e-01
   5.3000000000000003e-01
   5.3500000000000003e-01
   5.4000000000000004e-01
   5.4500000000000004e-01
   5.5000000000000004e-01
   5.5500000000000005e-01
   5.6000000000000005e-01
   5.6499999999999995e-01
   5.6999999999999995e-01
   5.7499999999999996e-01
   5.7999999999999996e-01
   5.8499999999999996e-01
   5.8999999999999997e-01
   5.9499999999999997e-01
   5.9999999999999998e-01
   6.0499999999999998e-01
   6.0999999999999999e-01
   6.1499999999999999e-01
   6.2000000000000000e-01
   6.2500000000000000e-01
   6.3000000000000000e-01
   6.3500000000000001e-01
   6.4000000000000001e-01
   6.4500000000000002e-01
   6.5000000000000002e-01
   6.5500000000000003e-01
   6.6000000000000003e-01
   6.6500000000000004e-01
   6.7000000000000004e-01
   6.7500000000000004e-01
   6.8000000000000005e-01
   6.8500000000000005e-01
   6.8999999999999995e-01
   6.9499999999999995e-01
   6.9999999999999996e-01
   7.0499999999999996e-01
   7.0999999999999996e-01
   7.1499999999999997e-01
   7.1999999999999997e-01
   7.2499999999999998e-01
   7.2999999999999998e-01
   7.3499999999999999e-01
   7.3999999999999999e-01
   7.4500000000000000e-01
   7.5000000000000000e-01
   7.5500000000000000e-01
   7.6000000000000001e-01
   7.6500000000000001e-01
   7.7000000000000002e-01
   7.7500000000000002e-01
   7.8000000000000003e-01
   7.8500000000000003e-01
   7.9000000000000004e-01
   7.9500000000000004e-01
   8.0000000000000004e-01
   8.0500000000000005e-01
   8.1000000000000005e-01
   8.1499999999999995e-01
   8.1999999999999995e-01
   8.2499999999999996e-01
   8.2999999999999996e-01
   8.3499999999999996e-01
   8.3999999999999997e-01
   8.4499999999999997e-01
   8.4999999999999998e-01
   8.5499999999999998e-01
   8.5999999999999999e-01
   8.6499999999999999e-01
   8.7000000000000000e-01
   8.7500000000000000e-01
   8.8000000000000000e-01
   8.8500000000000001e-01
   8.9000000000000001e-01
   8.9500000000000002e-01
   9.0000000000000002e-01
   9.0500000000000003e-01
   9.1000000000000003e-01
   9.1500000000000004e-01
   9.2000000000000004e-01
   9.2500000000000004e-01
   9.3000000000000005e-01
   9.3500000000000005e-01
   9.3999999999999995e-01
   9.4499999999999995e-01
   9.4999999999999996e-01
   9.5499999999999996e-01
   9.5999999999999996e-01
   9.6499999999999997e-01
   9.6999999999999997e-01
   9.7499999999999998e-01
   9.7999999999999998e-01
   9.8499999999999999e-01
   9.8999999999999999e-01
   9.9500000000000000e-01
   1.0000000000000000e+00
  -8.3826561494304186e-01
  -8.3724866297983636e-01
  -8.3603279454382029e-01
  -8.3473167419873273e-01
  -8.3339637494626617e-01
  -8.3202606497940090e-01
  -8.3062427809735750e-01
  -8.2919147771208324e-01
  -8.2772831995496299e-01
  -8.2623514734093062e-01
  -8.2471226082560456e-01
  -8.2315990596369848e-01
  -8.2157830516495445e-01
  -8.1996766404177135e-01
  -8.1832817811213365e-01
  -8.1666003597161163e-01
  -8.1496342150833168e-01
  -8.1323851527338986e-01
  -8.1148549541176529e-01
  -8.0970453829398203e-01
  -8.0789581896076612e-01
  -8.0605951143896237e-01
  -8.0419578897207045e-01
  -8.0230482419063531e-01
  -8.0038678923995410e-01
  -7.9844185587723548e-01
  -7.9647019554589826e-01
  -7.9447197943391212e-01
  -7.9244737851936009e-01
  -7.9039656360675836e-01
  -7.8831970535588058e-01
  -7.8621697430480064e-01
  -7.8408854088939672e-01
  -7.8193457545874967e-01
  -7.7975524828762821e-01
  -7.7755072958727101e-01
  -7.7532118951421891e-01
  -7.7306679817780422e-01
  -7.7078772564606324e-01
  -7.6848414195137527e-01
  -7.6615621709476400e-01
  -7.6380412104958917e-01
  -7.6142802376510221e-01
  -7.5902809516907666e-01
  -7.5660450517022615e-01
  -7.5415742366052030e-01
  -7.5168702051679803e-01
  -7.4919346560244826e-01
  -7.4667692876884562e-01
  -7.4413757985643103e-01
  -7.4157558869613394e-01
  -7.3899112510993559e-01
  -7.3638435891185938e-01
  -7.3375545990891067e-01
  -7.3110459790136717e-01
  -7.2843194268372080e-01
  -7.2573766404500317e-01
  -7.2302193176933960e-01
  -7.2028491563635311e-01
  -7.1752678542151649e-01
  -7.1474771089657507e-01
  -7.1194786182977376e-01
  -7.0912740798616469e-01
  -7.0628651912791673e-01
  -7.0342536501441721e-01
  -7.0054411540257311e-01
  -6.9764294004707850e-01
  -6.9472200870036394e-01
  -6.9178149111297371e-01
  -6.8882155703350134e-01
  -6.8584237620898636e-01
  -6.8284411838480796e-01
  -6.7982695330481080e-01
  -6.7679105071162826e-01
  -6.7373658034639983e-01
  -6.7066371194924412e-01
  -6.6757261525914713e-01
  -6.6446346001393697e-01
  -6.6133641595052861e-01
  -6.5819165280497427e-01
  -6.5502934031242233e-01
  -6.5184964820718616e-01
  -6.4865274622284497e-01
  -6.4543880409230048e-01
  -6.4220799154777686e-01
  -6.3896047832079261e-01
  -6.3569643414239185e-01
  -6.3241602874298741e-01
  -6.2911943185246855e-01
  -6.2580681320024023e-01
  -6.2247834251525369e-01
  -6.1913418952600197e-01
  -6.1577452396052790e-01
  -6.1239951554654704e-01
  -6.0900933401136004e-01
  -6.0560414908186577e-01
  -6.0218413048469233e-01
  -5.9874944794614948e-01
  -5.9530027119220730e-01
  -5.9183676994854006e-01
  -5.8835911394058149e-01
  -5.8486747289352714e-01
  -5.8136201653222264e-01
  -5.7784291458140025e-01
  -5.7431033676548604e-01
  -5.7076445280870280e-01
  -5.6720543243513200e-01
  -5.6363344536859428e-01
  -5.6004866133272713e-01
  -5.5645125005101848e-01
  -5.5284138124681470e-01
  -5.4921922464321116e-01
  -5.4558494996324225e-01
  -5.4193872692974743e-01
  -5.3828072526543436e-01
  -5.3461111469288725e-01
  -5.3093006493451700e-01
  -5.2723774571268534e-01
  -5.2353432674959033e-01
  -5.1981997776732325e-01
  -5.1609486848785158e-01
  -5.1235916863306930e-01
  -5.0861304792476070e-01
  -5.0485667608459772e-01
  -5.0109022283418458e-01
  -4.9731385789502713e-01
  -4.9352775098853663e-01
  -4.8973207183605444e-01
  -4.8592699015885360e-01
  -4.8211267567812743e-01
  -4.7828929811496190e-01
  -4.7445702719041594e-01
  -4.7061603262549284e-01
  -4.6676648414107563e-01
  -4.6290855145802573e-01
  -4.5904240429713372e-01
  -4.5516821237915267e-01
  -4.5128614542474982e-01
  -4.4739637315455744e-01
  -4.4349906528915650e-01
  -4.3959439154905622e-01
  -4.3568252165475213e-01
  -4.3176362532666585e-01
  -4.2783787228520603e-01
  -4.2390543225070471e-01
  -4.1996647494346084e-01
  -4.1602117008374945e-01
  -4.1206968739179428e-01
  -4.0811219658778314e-01
  -4.0414886739187078e-01
  -4.0017986952416867e-01
  -3.9620537270476408e-01
  -3.9222554665371834e-01
  -3.8824056109102978e-01
  -3.8425058573670723e-01
  -3.8025579031070744e-01
  -3.7625634453294882e-01
  -3.7225241812335141e-01
  -3.6824418080178167e-01
  -3.6423180228809177e-01
  -3.6021545230211188e-01
  -3.5619530056363979e-01
  -3.5217151679245756e-01
  -3.4814427070830728e-01
  -3.4411373203093371e-01
  -3.4008007048005223e-01
  -3.3604345577533840e-01
  -3.3200405763646662e-01
  -3.2796204578310501e-01
  -3.2391758993483483e-01
  -3.1987085981146351e-01
  -3.1582202513177388e-01
  -3.1177125561843727e-01
  -3.0771872097952152e-01
  -3.0366459097735304e-01
  -2.9960903517184301e-01
  -2.9555222387822228e-01
  -2.9149432459271124e-01
  -2.8743551533218648e-01
  -2.8337593484981699e-01
  -2.7931586843286083e-01
  -2.7525505449583954e-01
  -2.7119527241009056e-01
  -2.6713068459227457e-01
  -2.6308388032088864e-01
  -2.5897135838175273e-01
  -2.5510555266940560e-01
  -2.5032124713616261e-01
  -2.4896789039441294e-01
  -2.3481392235843734e-01
  -2.8478751145037151e-01
  -4.8000736336201461e-01
  -6.9648223619879923e-01
  -8.4588258883807710e-01
  -9.3685939853241562e-01
  -9.6011587097804574e-01
  -9.1425688084170365e-01
  -7.9865181786789052e-01
  -6.1509148032923189e-01
  -3.6726797847034848e-01
  -6.0024889172413110e-02
   2.0000000000000000e+00
   1.9999499999999999e+00
   1.9998000000000000e+00
   1.9995499999999999e+00
   1.9992000000000001e+00
   1.9987500000000000e+00
   1.9982000000000000e+00
   1.9975499999999999e+00
   1.9967999999999999e+00
   1.9959499999999999e+00
   1.9950000000000001e+00
   1.9939499999999999e+00
   1.9927999999999999e+00
   1.9915499999999999e+00
   1.9902000000000000e+00
   1.9887500000000000e+00
   1.9872000000000001e+00
   1.9855499999999999e+00
   1.9838000000000000e+00
   1.9819500000000001e+00
   1.9800000000000000e+00
   1.9779500000000001e+00
   1.9758000000000000e+00
   1.9735499999999999e+00
   1.9712000000000001e+00
   1.9687500000000000e+00
   1.9661999999999999e+00
   1.9635499999999999e+00
   1.9608000000000001e+00
   1.9579500000000001e+00
   1.9550000000000001e+00
   1.9519500000000001e+00
   1.9488000000000001e+00
   1.9455499999999999e+00
   1.9421999999999999e+00
   1.9387500000000000e+00
   1.9352000000000000e+00
   1.9315500000000001e+00
   1.9278000000000000e+00
   1.9239500000000000e+00
   1.9199999999999999e+00
   1.9159500000000000e+00
   1.9117999999999999e+00
   1.9075500000000001e+00
   1.9032000000000000e+00
   1.8987499999999999e+00
   1.8942000000000001e+00
   1.8895500000000001e+00
   1.8848000000000000e+00
   1.8799500000000000e+00
   1.8750000000000000e+00
   1.8699500000000000e+00
   1.8648000000000000e+00
   1.8595500000000000e+00
   1.8542000000000001e+00
   1.8487499999999999e+00
   1.8431999999999999e+00
   1.8375500000000000e+00
   1.8318000000000001e+00
   1.8259500000000000e+00
   1.8200000000000001e+00
   1.8139500000000000e+00
   1.8078000000000001e+00
   1.8015500000000000e+00
   1.7951999999999999e+00
   1.7887500000000001e+00
   1.7822000000000000e+00
   1.7755500000000000e+00
   1.7687999999999999e+00
   1.7619500000000001e+00
   1.7550000000000001e+00
   1.7479499999999999e+00
   1.7408000000000001e+00
   1.7335500000000001e+00
   1.7262000000000000e+00
   1.7187500000000000e+00
   1.7112000000000001e+00
   1.7035499999999999e+00
   1.6958000000000000e+00
   1.6879499999999998e+00
   1.6799999999999999e+00
   1.6719499999999998e+00
   1.6638000000000002e+00
   1.6555500000000001e+00
   1.6472000000000000e+00
   1.6387499999999999e+00
   1.6302000000000001e+00
   1.6215500000000000e+00
   1.6128000000000000e+00
   1.6039500000000000e+00
   1.5950000000000000e+00
   1.5859500000000000e+00
   1.5768000000000000e+00
   1.5675500000000000e+00
   1.5582000000000000e+00
   1.5487500000000001e+00
   1.5392000000000001e+00
   1.5295500000000000e+00
   1.5198000000000000e+00
   1.5099499999999999e+00
   1.5000000000000000e+00
   1.4899499999999999e+00
   1.4798000000000000e+00
   1.4695499999999999e+00
   1.4592000000000001e+00
   1.4487500000000000e+00
   1.4381999999999999e+00
   1.4275500000000001e+00
   1.4167999999999998e+00
   1.4059499999999998e+00
   1.3950000000000000e+00
   1.3839500000000000e+00
   1.3727999999999998e+00
   1.3615500000000003e+00
   1.3502000000000001e+00
   1.3387500000000001e+00
   1.3271999999999999e+00
   1.3155500000000000e+00
   1.3038000000000001e+00
   1.2919499999999999e+00
   1.2800000000000000e+00
   1.2679499999999999e+00
   1.2558000000000000e+00
   1.2435499999999999e+00
   1.2311999999999999e+00
   1.2187500000000000e+00
   1.2061999999999999e+00
   1.1935500000000001e+00
   1.1808000000000001e+00
   1.1679499999999998e+00
   1.1549999999999998e+00
   1.1419500000000000e+00
   1.1288000000000000e+00
   1.1155499999999998e+00
   1.1021999999999998e+00
   1.0887499999999999e+00
   1.0751999999999997e+00
   1.0615500000000000e+00
   1.0478000000000001e+00
   1.0339500000000001e+00
   1.0200000000000000e+00
   1.0059500000000001e+00
   9.9180000000000001e-01
   9.7755000000000014e-01
   9.6320000000000006e-01
   9.4874999999999998e-01
   9.3420000000000014e-01
   9.1955000000000009e-01
   9.0480000000000005e-01
   8.8995000000000002e-01
   8.7500000000000000e-01
   8.5994999999999999e-01
   8.4480000000000000e-01
   8.2955000000000001e-01
   8.1420000000000003e-01
   7.9874999999999985e-01
   7.8319999999999990e-01
   7.6754999999999995e-01
   7.5179999999999980e-01
   7.3594999999999988e-01
   7.1999999999999975e-01
   7.0394999999999985e-01
   6.8779999999999974e-01
   6.7155000000000009e-01
   6.5520000000000023e-01
   6.3875000000000015e-01
   6.2220000000000009e-01
   6.0555000000000003e-01
   5.8880000000000021e-01
   5.7195000000000018e-01
   5.5500000000000016e-01
   5.3795000000000015e-01
   5.2080000000000015e-01
   5.0354999999999994e-01
   4.8619999999999997e-01
   4.6875000000000000e-01
   4.5120000000000005e-01
   4.3354999999999988e-01
   4.1579999999999995e-01
   3.9795000000000003e-01
   3.7999999999999989e-01
   3.6194999999999999e-01
   3.4379999999999988e-01
   3.2554999999999978e-01
   3.0719999999999992e-01
   2.8874999999999984e-01
   2.7019999999999977e-01
   2.5154999999999972e-01
   2.3280000000000012e-01
   2.1395000000000008e-01
   1.9500000000000006e-01
   1.7595000000000005e-01
   1.5680000000000005e-01
   1.3755000000000006e-01
   1.1820000000000008e-01
   9.8750000000000115e-02
   7.9200000000000159e-02
   5.9549999999999992e-02
   3.9800000000000058e-02
   1.9949999999999912e-02
   0.0000000000000000e+00
