           5
         401
-0.23644104E-13
 0.15707963E-01
 0.31415927E-01
 0.47123890E-01
 0.62831853E-01
 0.78539816E-01
 0.94247780E-01
 0.10995574E+00
 0.12566371E+00
 0.14137167E+00
 0.15707963E+00
 0.17278760E+00
 0.18849556E+00
 0.20420352E+00
 0.21991149E+00
 0.23561945E+00
 0.25132741E+00
 0.26703538E+00
 0.28274334E+00
 0.29845130E+00
 0.31415927E+00
 0.32986723E+00
 0.34557519E+00
 0.36128316E+00
 0.37699112E+00
 0.39269908E+00
 0.40840704E+00
 0.42411501E+00
 0.43982297E+00
 0.45553093E+00
 0.47123890E+00
 0.48694686E+00
 0.50265482E+00
 0.51836279E+00
 0.53407075E+00
 0.54977871E+00
 0.56548668E+00
 0.58119464E+00
 0.59690260E+00
 0.61261057E+00
 0.62831853E+00
 0.64402649E+00
 0.65973446E+00
 0.67544242E+00
 0.69115038E+00
 0.70685835E+00
 0.72256631E+00
 0.73827427E+00
 0.75398224E+00
 0.76969020E+00
 0.78539816E+00
 0.80110613E+00
 0.81681409E+00
 0.83252205E+00
 0.84823002E+00
 0.86393798E+00
 0.87964594E+00
 0.89535391E+00
 0.91106187E+00
 0.92676983E+00
 0.94247780E+00
 0.95818576E+00
 0.97389372E+00
 0.98960169E+00
 0.10053096E+01
 0.10210176E+01
 0.10367256E+01
 0.10524335E+01
 0.10681415E+01
 0.10838495E+01
 0.10995574E+01
 0.11152654E+01
 0.11309734E+01
 0.11466813E+01
 0.11623893E+01
 0.11780972E+01
 0.11938052E+01
 0.12095132E+01
 0.12252211E+01
 0.12409291E+01
 0.12566371E+01
 0.12723450E+01
 0.12880530E+01
 0.13037610E+01
 0.13194689E+01
 0.13351769E+01
 0.13508848E+01
 0.13665928E+01
 0.13823008E+01
 0.13980087E+01
 0.14137167E+01
 0.14294247E+01
 0.14451326E+01
 0.14608406E+01
 0.14765485E+01
 0.14922565E+01
 0.15079645E+01
 0.15236724E+01
 0.15393804E+01
 0.15550884E+01
 0.15707963E+01
 0.15865043E+01
 0.16022123E+01
 0.16179202E+01
 0.16336282E+01
 0.16493361E+01
 0.16650441E+01
 0.16807521E+01
 0.16964600E+01
 0.17121680E+01
 0.17278760E+01
 0.17435839E+01
 0.17592919E+01
 0.17749998E+01
 0.17907078E+01
 0.18064158E+01
 0.18221237E+01
 0.18378317E+01
 0.18535397E+01
 0.18692476E+01
 0.18849556E+01
 0.19006636E+01
 0.19163715E+01
 0.19320795E+01
 0.19477874E+01
 0.19634954E+01
 0.19792034E+01
 0.19949113E+01
 0.20106193E+01
 0.20263273E+01
 0.20420352E+01
 0.20577432E+01
 0.20734512E+01
 0.20891591E+01
 0.21048671E+01
 0.21205750E+01
 0.21362830E+01
 0.21519910E+01
 0.21676989E+01
 0.21834069E+01
 0.21991149E+01
 0.22148228E+01
 0.22305308E+01
 0.22462387E+01
 0.22619467E+01
 0.22776547E+01
 0.22933626E+01
 0.23090706E+01
 0.23247786E+01
 0.23404865E+01
 0.23561945E+01
 0.23719025E+01
 0.23876104E+01
 0.24033184E+01
 0.24190263E+01
 0.24347343E+01
 0.24504423E+01
 0.24661502E+01
 0.24818582E+01
 0.24975662E+01
 0.25132741E+01
 0.25289821E+01
 0.25446900E+01
 0.25603980E+01
 0.25761060E+01
 0.25918139E+01
 0.26075219E+01
 0.26232299E+01
 0.26389378E+01
 0.26546458E+01
 0.26703538E+01
 0.26860617E+01
 0.27017697E+01
 0.27174776E+01
 0.27331856E+01
 0.27488936E+01
 0.27646015E+01
 0.27803095E+01
 0.27960175E+01
 0.28117254E+01
 0.28274334E+01
 0.28431414E+01
 0.28588493E+01
 0.28745573E+01
 0.28902652E+01
 0.29059732E+01
 0.29216812E+01
 0.29373891E+01
 0.29530971E+01
 0.29688051E+01
 0.29845130E+01
 0.30002210E+01
 0.30159289E+01
 0.30316369E+01
 0.30473449E+01
 0.30630528E+01
 0.30787608E+01
 0.30944688E+01
 0.31101767E+01
 0.31258847E+01
 0.31415927E+01
 0.31573006E+01
 0.31730086E+01
 0.31887165E+01
 0.32044245E+01
 0.32201325E+01
 0.32358404E+01
 0.32515484E+01
 0.32672564E+01
 0.32829643E+01
 0.32986723E+01
 0.33143802E+01
 0.33300882E+01
 0.33457962E+01
 0.33615041E+01
 0.33772121E+01
 0.33929201E+01
 0.34086280E+01
 0.34243360E+01
 0.34400440E+01
 0.34557519E+01
 0.34714599E+01
 0.34871678E+01
 0.35028758E+01
 0.35185838E+01
 0.35342917E+01
 0.35499997E+01
 0.35657077E+01
 0.35814156E+01
 0.35971236E+01
 0.36128316E+01
 0.36285395E+01
 0.36442475E+01
 0.36599554E+01
 0.36756634E+01
 0.36913714E+01
 0.37070793E+01
 0.37227873E+01
 0.37384953E+01
 0.37542032E+01
 0.37699112E+01
 0.37856191E+01
 0.38013271E+01
 0.38170351E+01
 0.38327430E+01
 0.38484510E+01
 0.38641590E+01
 0.38798669E+01
 0.38955749E+01
 0.39112829E+01
 0.39269908E+01
 0.39426988E+01
 0.39584067E+01
 0.39741147E+01
 0.39898227E+01
 0.40055306E+01
 0.40212386E+01
 0.40369466E+01
 0.40526545E+01
 0.40683625E+01
 0.40840704E+01
 0.40997784E+01
 0.41154864E+01
 0.41311943E+01
 0.41469023E+01
 0.41626103E+01
 0.41783182E+01
 0.41940262E+01
 0.42097342E+01
 0.42254421E+01
 0.42411501E+01
 0.42568580E+01
 0.42725660E+01
 0.42882740E+01
 0.43039819E+01
 0.43196899E+01
 0.43353979E+01
 0.43511058E+01
 0.43668138E+01
 0.43825218E+01
 0.43982297E+01
 0.44139377E+01
 0.44296456E+01
 0.44453536E+01
 0.44610616E+01
 0.44767695E+01
 0.44924775E+01
 0.45081855E+01
 0.45238934E+01
 0.45396014E+01
 0.45553093E+01
 0.45710173E+01
 0.45867253E+01
 0.46024332E+01
 0.46181412E+01
 0.46338492E+01
 0.46495571E+01
 0.46652651E+01
 0.46809731E+01
 0.46966810E+01
 0.47123890E+01
 0.47280969E+01
 0.47438049E+01
 0.47595129E+01
 0.47752208E+01
 0.47909288E+01
 0.48066368E+01
 0.48223447E+01
 0.48380527E+01
 0.48537607E+01
 0.48694686E+01
 0.48851766E+01
 0.49008845E+01
 0.49165925E+01
 0.49323005E+01
 0.49480084E+01
 0.49637164E+01
 0.49794244E+01
 0.49951323E+01
 0.50108403E+01
 0.50265482E+01
 0.50422562E+01
 0.50579642E+01
 0.50736721E+01
 0.50893801E+01
 0.51050881E+01
 0.51207960E+01
 0.51365040E+01
 0.51522120E+01
 0.51679199E+01
 0.51836279E+01
 0.51993358E+01
 0.52150438E+01
 0.52307518E+01
 0.52464597E+01
 0.52621677E+01
 0.52778757E+01
 0.52935836E+01
 0.53092916E+01
 0.53249995E+01
 0.53407075E+01
 0.53564155E+01
 0.53721234E+01
 0.53878314E+01
 0.54035394E+01
 0.54192473E+01
 0.54349553E+01
 0.54506633E+01
 0.54663712E+01
 0.54820792E+01
 0.54977871E+01
 0.55134951E+01
 0.55292031E+01
 0.55449110E+01
 0.55606190E+01
 0.55763270E+01
 0.55920349E+01
 0.56077429E+01
 0.56234509E+01
 0.56391588E+01
 0.56548668E+01
 0.56705747E+01
 0.56862827E+01
 0.57019907E+01
 0.57176986E+01
 0.57334066E+01
 0.57491146E+01
 0.57648225E+01
 0.57805305E+01
 0.57962384E+01
 0.58119464E+01
 0.58276544E+01
 0.58433623E+01
 0.58590703E+01
 0.58747783E+01
 0.58904862E+01
 0.59061942E+01
 0.59219022E+01
 0.59376101E+01
 0.59533181E+01
 0.59690260E+01
 0.59847340E+01
 0.60004420E+01
 0.60161499E+01
 0.60318579E+01
 0.60475659E+01
 0.60632738E+01
 0.60789818E+01
 0.60946897E+01
 0.61103977E+01
 0.61261057E+01
 0.61418136E+01
 0.61575216E+01
 0.61732296E+01
 0.61889375E+01
 0.62046455E+01
 0.62203535E+01
 0.62360614E+01
 0.62517694E+01
 0.62674773E+01
 0.62831853E+01
-0.23633991E-13
 0.15707963E-01
 0.31415927E-01
 0.47123890E-01
 0.62831853E-01
 0.78539816E-01
 0.94247780E-01
 0.10995574E+00
 0.12566371E+00
 0.14137167E+00
 0.15707963E+00
 0.17278760E+00
 0.18849556E+00
 0.20420352E+00
 0.21991149E+00
 0.23561945E+00
 0.25132741E+00
 0.26703538E+00
 0.28274334E+00
 0.29845130E+00
 0.31415927E+00
 0.32986723E+00
 0.34557519E+00
 0.36128316E+00
 0.37699112E+00
 0.39269908E+00
 0.40840704E+00
 0.42411501E+00
 0.43982297E+00
 0.45553093E+00
 0.47123890E+00
 0.48694686E+00
 0.50265482E+00
 0.51836279E+00
 0.53407075E+00
 0.54977871E+00
 0.56548668E+00
 0.58119464E+00
 0.59690260E+00
 0.61261057E+00
 0.62831853E+00
 0.64402649E+00
 0.65973446E+00
 0.67544242E+00
 0.69115038E+00
 0.70685835E+00
 0.72256631E+00
 0.73827427E+00
 0.75398224E+00
 0.76969020E+00
 0.78539816E+00
 0.80110613E+00
 0.81681409E+00
 0.83252205E+00
 0.84823002E+00
 0.86393798E+00
 0.87964594E+00
 0.89535391E+00
 0.91106187E+00
 0.92676983E+00
 0.94247780E+00
 0.95818576E+00
 0.97389372E+00
 0.98960169E+00
 0.10053096E+01
 0.10210176E+01
 0.10367256E+01
 0.10524335E+01
 0.10681415E+01
 0.10838495E+01
 0.10995574E+01
 0.11152654E+01
 0.11309734E+01
 0.11466813E+01
 0.11623893E+01
 0.11780972E+01
 0.11938052E+01
 0.12095132E+01
 0.12252211E+01
 0.12409291E+01
 0.12566371E+01
 0.12723450E+01
 0.12880530E+01
 0.13037610E+01
 0.13194689E+01
 0.13351769E+01
 0.13508848E+01
 0.13665928E+01
 0.13823008E+01
 0.13980087E+01
 0.14137167E+01
 0.14294247E+01
 0.14451326E+01
 0.14608406E+01
 0.14765485E+01
 0.14922565E+01
 0.15079645E+01
 0.15236724E+01
 0.15393804E+01
 0.15550884E+01
 0.15707963E+01
 0.15865043E+01
 0.16022123E+01
 0.16179202E+01
 0.16336282E+01
 0.16493361E+01
 0.16650441E+01
 0.16807521E+01
 0.16964600E+01
 0.17121680E+01
 0.17278760E+01
 0.17435839E+01
 0.17592919E+01
 0.17749998E+01
 0.17907078E+01
 0.18064158E+01
 0.18221237E+01
 0.18378317E+01
 0.18535397E+01
 0.18692476E+01
 0.18849556E+01
 0.19006636E+01
 0.19163715E+01
 0.19320795E+01
 0.19477874E+01
 0.19634954E+01
 0.19792034E+01
 0.19949113E+01
 0.20106193E+01
 0.20263273E+01
 0.20420352E+01
 0.20577432E+01
 0.20734512E+01
 0.20891591E+01
 0.21048671E+01
 0.21205750E+01
 0.21362830E+01
 0.21519910E+01
 0.21676989E+01
 0.21834069E+01
 0.21991149E+01
 0.22148228E+01
 0.22305308E+01
 0.22462387E+01
 0.22619467E+01
 0.22776547E+01
 0.22933626E+01
 0.23090706E+01
 0.23247786E+01
 0.23404865E+01
 0.23561945E+01
 0.23719025E+01
 0.23876104E+01
 0.24033184E+01
 0.24190263E+01
 0.24347343E+01
 0.24504423E+01
 0.24661502E+01
 0.24818582E+01
 0.24975662E+01
 0.25132741E+01
 0.25289821E+01
 0.25446900E+01
 0.25603980E+01
 0.25761060E+01
 0.25918139E+01
 0.26075219E+01
 0.26232299E+01
 0.26389378E+01
 0.26546458E+01
 0.26703538E+01
 0.26860617E+01
 0.27017697E+01
 0.27174776E+01
 0.27331856E+01
 0.27488936E+01
 0.27646015E+01
 0.27803095E+01
 0.27960175E+01
 0.28117254E+01
 0.28274334E+01
 0.28431414E+01
 0.28588493E+01
 0.28745573E+01
 0.28902652E+01
 0.29059732E+01
 0.29216812E+01
 0.29373891E+01
 0.29530971E+01
 0.29688051E+01
 0.29845130E+01
 0.30002210E+01
 0.30159289E+01
 0.30316369E+01
 0.30473449E+01
 0.30630528E+01
 0.30787608E+01
 0.30944688E+01
 0.31101767E+01
 0.31258847E+01
 0.31415927E+01
 0.31573006E+01
 0.31730086E+01
 0.31887165E+01
 0.32044245E+01
 0.32201325E+01
 0.32358404E+01
 0.32515484E+01
 0.32672564E+01
 0.32829643E+01
 0.32986723E+01
 0.33143802E+01
 0.33300882E+01
 0.33457962E+01
 0.33615041E+01
 0.33772121E+01
 0.33929201E+01
 0.34086280E+01
 0.34243360E+01
 0.34400440E+01
 0.34557519E+01
 0.34714599E+01
 0.34871678E+01
 0.35028758E+01
 0.35185838E+01
 0.35342917E+01
 0.35499997E+01
 0.35657077E+01
 0.35814156E+01
 0.35971236E+01
 0.36128316E+01
 0.36285395E+01
 0.36442475E+01
 0.36599554E+01
 0.36756634E+01
 0.36913714E+01
 0.37070793E+01
 0.37227873E+01
 0.37384953E+01
 0.37542032E+01
 0.37699112E+01
 0.37856191E+01
 0.38013271E+01
 0.38170351E+01
 0.38327430E+01
 0.38484510E+01
 0.38641590E+01
 0.38798669E+01
 0.38955749E+01
 0.39112829E+01
 0.39269908E+01
 0.39426988E+01
 0.39584067E+01
 0.39741147E+01
 0.39898227E+01
 0.40055306E+01
 0.40212386E+01
 0.40369466E+01
 0.40526545E+01
 0.40683625E+01
 0.40840704E+01
 0.40997784E+01
 0.41154864E+01
 0.41311943E+01
 0.41469023E+01
 0.41626103E+01
 0.41783182E+01
 0.41940262E+01
 0.42097342E+01
 0.42254421E+01
 0.42411501E+01
 0.42568580E+01
 0.42725660E+01
 0.42882740E+01
 0.43039819E+01
 0.43196899E+01
 0.43353979E+01
 0.43511058E+01
 0.43668138E+01
 0.43825218E+01
 0.43982297E+01
 0.44139377E+01
 0.44296456E+01
 0.44453536E+01
 0.44610616E+01
 0.44767695E+01
 0.44924775E+01
 0.45081855E+01
 0.45238934E+01
 0.45396014E+01
 0.45553093E+01
 0.45710173E+01
 0.45867253E+01
 0.46024332E+01
 0.46181412E+01
 0.46338492E+01
 0.46495571E+01
 0.46652651E+01
 0.46809731E+01
 0.46966810E+01
 0.47123890E+01
 0.47280969E+01
 0.47438049E+01
 0.47595129E+01
 0.47752208E+01
 0.47909288E+01
 0.48066368E+01
 0.48223447E+01
 0.48380527E+01
 0.48537607E+01
 0.48694686E+01
 0.48851766E+01
 0.49008845E+01
 0.49165925E+01
 0.49323005E+01
 0.49480084E+01
 0.49637164E+01
 0.49794244E+01
 0.49951323E+01
 0.50108403E+01
 0.50265482E+01
 0.50422562E+01
 0.50579642E+01
 0.50736721E+01
 0.50893801E+01
 0.51050881E+01
 0.51207960E+01
 0.51365040E+01
 0.51522120E+01
 0.51679199E+01
 0.51836279E+01
 0.51993358E+01
 0.52150438E+01
 0.52307518E+01
 0.52464597E+01
 0.52621677E+01
 0.52778757E+01
 0.52935836E+01
 0.53092916E+01
 0.53249995E+01
 0.53407075E+01
 0.53564155E+01
 0.53721234E+01
 0.53878314E+01
 0.54035394E+01
 0.54192473E+01
 0.54349553E+01
 0.54506633E+01
 0.54663712E+01
 0.54820792E+01
 0.54977871E+01
 0.55134951E+01
 0.55292031E+01
 0.55449110E+01
 0.55606190E+01
 0.55763270E+01
 0.55920349E+01
 0.56077429E+01
 0.56234508E+01
 0.56391588E+01
 0.56548668E+01
 0.56705747E+01
 0.56862827E+01
 0.57019907E+01
 0.57176986E+01
 0.57334066E+01
 0.57491146E+01
 0.57648225E+01
 0.57805305E+01
 0.57962384E+01
 0.58119464E+01
 0.58276544E+01
 0.58433623E+01
 0.58590703E+01
 0.58747783E+01
 0.58904862E+01
 0.59061942E+01
 0.59219022E+01
 0.59376101E+01
 0.59533181E+01
 0.59690260E+01
 0.59847340E+01
 0.60004420E+01
 0.60161499E+01
 0.60318579E+01
 0.60475659E+01
 0.60632738E+01
 0.60789818E+01
 0.60946897E+01
 0.61103977E+01
 0.61261057E+01
 0.61418136E+01
 0.61575216E+01
 0.61732296E+01
 0.61889375E+01
 0.62046455E+01
 0.62203535E+01
 0.62360614E+01
 0.62517694E+01
 0.62674773E+01
 0.62831853E+01
-0.23635503E-13
 0.15707963E-01
 0.31415927E-01
 0.47123890E-01
 0.62831853E-01
 0.78539816E-01
 0.94247780E-01
 0.10995574E+00
 0.12566371E+00
 0.14137167E+00
 0.15707963E+00
 0.17278760E+00
 0.18849556E+00
 0.20420352E+00
 0.21991149E+00
 0.23561945E+00
 0.25132741E+00
 0.26703538E+00
 0.28274334E+00
 0.29845130E+00
 0.31415927E+00
 0.32986723E+00
 0.34557519E+00
 0.36128316E+00
 0.37699112E+00
 0.39269908E+00
 0.40840704E+00
 0.42411501E+00
 0.43982297E+00
 0.45553093E+00
 0.47123890E+00
 0.48694686E+00
 0.50265482E+00
 0.51836279E+00
 0.53407075E+00
 0.54977871E+00
 0.56548668E+00
 0.58119464E+00
 0.59690260E+00
 0.61261057E+00
 0.62831853E+00
 0.64402649E+00
 0.65973446E+00
 0.67544242E+00
 0.69115038E+00
 0.70685835E+00
 0.72256631E+00
 0.73827427E+00
 0.75398224E+00
 0.76969020E+00
 0.78539816E+00
 0.80110613E+00
 0.81681409E+00
 0.83252205E+00
 0.84823002E+00
 0.86393798E+00
 0.87964594E+00
 0.89535391E+00
 0.91106187E+00
 0.92676983E+00
 0.94247780E+00
 0.95818576E+00
 0.97389372E+00
 0.98960169E+00
 0.10053096E+01
 0.10210176E+01
 0.10367256E+01
 0.10524335E+01
 0.10681415E+01
 0.10838495E+01
 0.10995574E+01
 0.11152654E+01
 0.11309734E+01
 0.11466813E+01
 0.11623893E+01
 0.11780972E+01
 0.11938052E+01
 0.12095132E+01
 0.12252211E+01
 0.12409291E+01
 0.12566371E+01
 0.12723450E+01
 0.12880530E+01
 0.13037610E+01
 0.13194689E+01
 0.13351769E+01
 0.13508848E+01
 0.13665928E+01
 0.13823008E+01
 0.13980087E+01
 0.14137167E+01
 0.14294247E+01
 0.14451326E+01
 0.14608406E+01
 0.14765485E+01
 0.14922565E+01
 0.15079645E+01
 0.15236724E+01
 0.15393804E+01
 0.15550884E+01
 0.15707963E+01
 0.15865043E+01
 0.16022123E+01
 0.16179202E+01
 0.16336282E+01
 0.16493361E+01
 0.16650441E+01
 0.16807521E+01
 0.16964600E+01
 0.17121680E+01
 0.17278760E+01
 0.17435839E+01
 0.17592919E+01
 0.17749998E+01
 0.17907078E+01
 0.18064158E+01
 0.18221237E+01
 0.18378317E+01
 0.18535397E+01
 0.18692476E+01
 0.18849556E+01
 0.19006636E+01
 0.19163715E+01
 0.19320795E+01
 0.19477874E+01
 0.19634954E+01
 0.19792034E+01
 0.19949113E+01
 0.20106193E+01
 0.20263273E+01
 0.20420352E+01
 0.20577432E+01
 0.20734512E+01
 0.20891591E+01
 0.21048671E+01
 0.21205750E+01
 0.21362830E+01
 0.21519910E+01
 0.21676989E+01
 0.21834069E+01
 0.21991149E+01
 0.22148228E+01
 0.22305308E+01
 0.22462387E+01
 0.22619467E+01
 0.22776547E+01
 0.22933626E+01
 0.23090706E+01
 0.23247786E+01
 0.23404865E+01
 0.23561945E+01
 0.23719025E+01
 0.23876104E+01
 0.24033184E+01
 0.24190263E+01
 0.24347343E+01
 0.24504423E+01
 0.24661502E+01
 0.24818582E+01
 0.24975662E+01
 0.25132741E+01
 0.25289821E+01
 0.25446900E+01
 0.25603980E+01
 0.25761060E+01
 0.25918139E+01
 0.26075219E+01
 0.26232299E+01
 0.26389378E+01
 0.26546458E+01
 0.26703538E+01
 0.26860617E+01
 0.27017697E+01
 0.27174776E+01
 0.27331856E+01
 0.27488936E+01
 0.27646015E+01
 0.27803095E+01
 0.27960175E+01
 0.28117254E+01
 0.28274334E+01
 0.28431414E+01
 0.28588493E+01
 0.28745573E+01
 0.28902652E+01
 0.29059732E+01
 0.29216812E+01
 0.29373891E+01
 0.29530971E+01
 0.29688051E+01
 0.29845130E+01
 0.30002210E+01
 0.30159289E+01
 0.30316369E+01
 0.30473449E+01
 0.30630528E+01
 0.30787608E+01
 0.30944688E+01
 0.31101767E+01
 0.31258847E+01
 0.31415927E+01
 0.31573006E+01
 0.31730086E+01
 0.31887165E+01
 0.32044245E+01
 0.32201325E+01
 0.32358404E+01
 0.32515484E+01
 0.32672564E+01
 0.32829643E+01
 0.32986723E+01
 0.33143802E+01
 0.33300882E+01
 0.33457962E+01
 0.33615041E+01
 0.33772121E+01
 0.33929201E+01
 0.34086280E+01
 0.34243360E+01
 0.34400440E+01
 0.34557519E+01
 0.34714599E+01
 0.34871678E+01
 0.35028758E+01
 0.35185838E+01
 0.35342917E+01
 0.35499997E+01
 0.35657077E+01
 0.35814156E+01
 0.35971236E+01
 0.36128316E+01
 0.36285395E+01
 0.36442475E+01
 0.36599554E+01
 0.36756634E+01
 0.36913714E+01
 0.37070793E+01
 0.37227873E+01
 0.37384953E+01
 0.37542032E+01
 0.37699112E+01
 0.37856191E+01
 0.38013271E+01
 0.38170351E+01
 0.38327430E+01
 0.38484510E+01
 0.38641590E+01
 0.38798669E+01
 0.38955749E+01
 0.39112829E+01
 0.39269908E+01
 0.39426988E+01
 0.39584067E+01
 0.39741147E+01
 0.39898227E+01
 0.40055306E+01
 0.40212386E+01
 0.40369466E+01
 0.40526545E+01
 0.40683625E+01
 0.40840704E+01
 0.40997784E+01
 0.41154864E+01
 0.41311943E+01
 0.41469023E+01
 0.41626103E+01
 0.41783182E+01
 0.41940262E+01
 0.42097342E+01
 0.42254421E+01
 0.42411501E+01
 0.42568580E+01
 0.42725660E+01
 0.42882740E+01
 0.43039819E+01
 0.43196899E+01
 0.43353979E+01
 0.43511058E+01
 0.43668138E+01
 0.43825218E+01
 0.43982297E+01
 0.44139377E+01
 0.44296456E+01
 0.44453536E+01
 0.44610616E+01
 0.44767695E+01
 0.44924775E+01
 0.45081855E+01
 0.45238934E+01
 0.45396014E+01
 0.45553093E+01
 0.45710173E+01
 0.45867253E+01
 0.46024332E+01
 0.46181412E+01
 0.46338492E+01
 0.46495571E+01
 0.46652651E+01
 0.46809731E+01
 0.46966810E+01
 0.47123890E+01
 0.47280969E+01
 0.47438049E+01
 0.47595129E+01
 0.47752208E+01
 0.47909288E+01
 0.48066368E+01
 0.48223447E+01
 0.48380527E+01
 0.48537607E+01
 0.48694686E+01
 0.48851766E+01
 0.49008845E+01
 0.49165925E+01
 0.49323005E+01
 0.49480084E+01
 0.49637164E+01
 0.49794244E+01
 0.49951323E+01
 0.50108403E+01
 0.50265482E+01
 0.50422562E+01
 0.50579642E+01
 0.50736721E+01
 0.50893801E+01
 0.51050881E+01
 0.51207960E+01
 0.51365040E+01
 0.51522120E+01
 0.51679199E+01
 0.51836279E+01
 0.51993358E+01
 0.52150438E+01
 0.52307518E+01
 0.52464597E+01
 0.52621677E+01
 0.52778757E+01
 0.52935836E+01
 0.53092916E+01
 0.53249995E+01
 0.53407075E+01
 0.53564155E+01
 0.53721234E+01
 0.53878314E+01
 0.54035394E+01
 0.54192473E+01
 0.54349553E+01
 0.54506633E+01
 0.54663712E+01
 0.54820792E+01
 0.54977871E+01
 0.55134951E+01
 0.55292031E+01
 0.55449110E+01
 0.55606190E+01
 0.55763270E+01
 0.55920349E+01
 0.56077429E+01
 0.56234508E+01
 0.56391588E+01
 0.56548668E+01
 0.56705747E+01
 0.56862827E+01
 0.57019907E+01
 0.57176986E+01
 0.57334066E+01
 0.57491146E+01
 0.57648225E+01
 0.57805305E+01
 0.57962384E+01
 0.58119464E+01
 0.58276544E+01
 0.58433623E+01
 0.58590703E+01
 0.58747783E+01
 0.58904862E+01
 0.59061942E+01
 0.59219022E+01
 0.59376101E+01
 0.59533181E+01
 0.59690260E+01
 0.59847340E+01
 0.60004420E+01
 0.60161499E+01
 0.60318579E+01
 0.60475659E+01
 0.60632738E+01
 0.60789818E+01
 0.60946897E+01
 0.61103977E+01
 0.61261057E+01
 0.61418136E+01
 0.61575216E+01
 0.61732296E+01
 0.61889375E+01
 0.62046455E+01
 0.62203535E+01
 0.62360614E+01
 0.62517694E+01
 0.62674773E+01
 0.62831853E+01
-0.23635027E-13
 0.15707963E-01
 0.31415927E-01
 0.47123890E-01
 0.62831853E-01
 0.78539816E-01
 0.94247780E-01
 0.10995574E+00
 0.12566371E+00
 0.14137167E+00
 0.15707963E+00
 0.17278760E+00
 0.18849556E+00
 0.20420352E+00
 0.21991149E+00
 0.23561945E+00
 0.25132741E+00
 0.26703538E+00
 0.28274334E+00
 0.29845130E+00
 0.31415927E+00
 0.32986723E+00
 0.34557519E+00
 0.36128316E+00
 0.37699112E+00
 0.39269908E+00
 0.40840705E+00
 0.42411501E+00
 0.43982297E+00
 0.45553093E+00
 0.47123890E+00
 0.48694686E+00
 0.50265482E+00
 0.51836279E+00
 0.53407075E+00
 0.54977871E+00
 0.56548668E+00
 0.58119464E+00
 0.59690260E+00
 0.61261057E+00
 0.62831853E+00
 0.64402649E+00
 0.65973446E+00
 0.67544242E+00
 0.69115038E+00
 0.70685835E+00
 0.72256631E+00
 0.73827427E+00
 0.75398224E+00
 0.76969020E+00
 0.78539816E+00
 0.80110613E+00
 0.81681409E+00
 0.83252205E+00
 0.84823002E+00
 0.86393798E+00
 0.87964594E+00
 0.89535391E+00
 0.91106187E+00
 0.92676983E+00
 0.94247780E+00
 0.95818576E+00
 0.97389372E+00
 0.98960169E+00
 0.10053096E+01
 0.10210176E+01
 0.10367256E+01
 0.10524335E+01
 0.10681415E+01
 0.10838495E+01
 0.10995574E+01
 0.11152654E+01
 0.11309734E+01
 0.11466813E+01
 0.11623893E+01
 0.11780972E+01
 0.11938052E+01
 0.12095132E+01
 0.12252211E+01
 0.12409291E+01
 0.12566371E+01
 0.12723450E+01
 0.12880530E+01
 0.13037610E+01
 0.13194689E+01
 0.13351769E+01
 0.13508848E+01
 0.13665928E+01
 0.13823008E+01
 0.13980087E+01
 0.14137167E+01
 0.14294247E+01
 0.14451326E+01
 0.14608406E+01
 0.14765485E+01
 0.14922565E+01
 0.15079645E+01
 0.15236724E+01
 0.15393804E+01
 0.15550884E+01
 0.15707963E+01
 0.15865043E+01
 0.16022123E+01
 0.16179202E+01
 0.16336282E+01
 0.16493361E+01
 0.16650441E+01
 0.16807521E+01
 0.16964600E+01
 0.17121680E+01
 0.17278760E+01
 0.17435839E+01
 0.17592919E+01
 0.17749998E+01
 0.17907078E+01
 0.18064158E+01
 0.18221237E+01
 0.18378317E+01
 0.18535397E+01
 0.18692476E+01
 0.18849556E+01
 0.19006636E+01
 0.19163715E+01
 0.19320795E+01
 0.19477874E+01
 0.19634954E+01
 0.19792034E+01
 0.19949113E+01
 0.20106193E+01
 0.20263273E+01
 0.20420352E+01
 0.20577432E+01
 0.20734512E+01
 0.20891591E+01
 0.21048671E+01
 0.21205750E+01
 0.21362830E+01
 0.21519910E+01
 0.21676989E+01
 0.21834069E+01
 0.21991149E+01
 0.22148228E+01
 0.22305308E+01
 0.22462387E+01
 0.22619467E+01
 0.22776547E+01
 0.22933626E+01
 0.23090706E+01
 0.23247786E+01
 0.23404865E+01
 0.23561945E+01
 0.23719025E+01
 0.23876104E+01
 0.24033184E+01
 0.24190263E+01
 0.24347343E+01
 0.24504423E+01
 0.24661502E+01
 0.24818582E+01
 0.24975662E+01
 0.25132741E+01
 0.25289821E+01
 0.25446900E+01
 0.25603980E+01
 0.25761060E+01
 0.25918139E+01
 0.26075219E+01
 0.26232299E+01
 0.26389378E+01
 0.26546458E+01
 0.26703538E+01
 0.26860617E+01
 0.27017697E+01
 0.27174776E+01
 0.27331856E+01
 0.27488936E+01
 0.27646015E+01
 0.27803095E+01
 0.27960175E+01
 0.28117254E+01
 0.28274334E+01
 0.28431414E+01
 0.28588493E+01
 0.28745573E+01
 0.28902652E+01
 0.29059732E+01
 0.29216812E+01
 0.29373891E+01
 0.29530971E+01
 0.29688051E+01
 0.29845130E+01
 0.30002210E+01
 0.30159289E+01
 0.30316369E+01
 0.30473449E+01
 0.30630528E+01
 0.30787608E+01
 0.30944688E+01
 0.31101767E+01
 0.31258847E+01
 0.31415927E+01
 0.31573006E+01
 0.31730086E+01
 0.31887165E+01
 0.32044245E+01
 0.32201325E+01
 0.32358404E+01
 0.32515484E+01
 0.32672564E+01
 0.32829643E+01
 0.32986723E+01
 0.33143802E+01
 0.33300882E+01
 0.33457962E+01
 0.33615041E+01
 0.33772121E+01
 0.33929201E+01
 0.34086280E+01
 0.34243360E+01
 0.34400440E+01
 0.34557519E+01
 0.34714599E+01
 0.34871678E+01
 0.35028758E+01
 0.35185838E+01
 0.35342917E+01
 0.35499997E+01
 0.35657077E+01
 0.35814156E+01
 0.35971236E+01
 0.36128316E+01
 0.36285395E+01
 0.36442475E+01
 0.36599554E+01
 0.36756634E+01
 0.36913714E+01
 0.37070793E+01
 0.37227873E+01
 0.37384953E+01
 0.37542032E+01
 0.37699112E+01
 0.37856191E+01
 0.38013271E+01
 0.38170351E+01
 0.38327430E+01
 0.38484510E+01
 0.38641590E+01
 0.38798669E+01
 0.38955749E+01
 0.39112829E+01
 0.39269908E+01
 0.39426988E+01
 0.39584067E+01
 0.39741147E+01
 0.39898227E+01
 0.40055306E+01
 0.40212386E+01
 0.40369466E+01
 0.40526545E+01
 0.40683625E+01
 0.40840704E+01
 0.40997784E+01
 0.41154864E+01
 0.41311943E+01
 0.41469023E+01
 0.41626103E+01
 0.41783182E+01
 0.41940262E+01
 0.42097342E+01
 0.42254421E+01
 0.42411501E+01
 0.42568580E+01
 0.42725660E+01
 0.42882740E+01
 0.43039819E+01
 0.43196899E+01
 0.43353979E+01
 0.43511058E+01
 0.43668138E+01
 0.43825218E+01
 0.43982297E+01
 0.44139377E+01
 0.44296456E+01
 0.44453536E+01
 0.44610616E+01
 0.44767695E+01
 0.44924775E+01
 0.45081855E+01
 0.45238934E+01
 0.45396014E+01
 0.45553093E+01
 0.45710173E+01
 0.45867253E+01
 0.46024332E+01
 0.46181412E+01
 0.46338492E+01
 0.46495571E+01
 0.46652651E+01
 0.46809731E+01
 0.46966810E+01
 0.47123890E+01
 0.47280969E+01
 0.47438049E+01
 0.47595129E+01
 0.47752208E+01
 0.47909288E+01
 0.48066368E+01
 0.48223447E+01
 0.48380527E+01
 0.48537607E+01
 0.48694686E+01
 0.48851766E+01
 0.49008845E+01
 0.49165925E+01
 0.49323005E+01
 0.49480084E+01
 0.49637164E+01
 0.49794244E+01
 0.49951323E+01
 0.50108403E+01
 0.50265482E+01
 0.50422562E+01
 0.50579642E+01
 0.50736721E+01
 0.50893801E+01
 0.51050881E+01
 0.51207960E+01
 0.51365040E+01
 0.51522120E+01
 0.51679199E+01
 0.51836279E+01
 0.51993358E+01
 0.52150438E+01
 0.52307518E+01
 0.52464597E+01
 0.52621677E+01
 0.52778757E+01
 0.52935836E+01
 0.53092916E+01
 0.53249995E+01
 0.53407075E+01
 0.53564155E+01
 0.53721234E+01
 0.53878314E+01
 0.54035394E+01
 0.54192473E+01
 0.54349553E+01
 0.54506633E+01
 0.54663712E+01
 0.54820792E+01
 0.54977871E+01
 0.55134951E+01
 0.55292031E+01
 0.55449110E+01
 0.55606190E+01
 0.55763270E+01
 0.55920349E+01
 0.56077429E+01
 0.56234508E+01
 0.56391588E+01
 0.56548668E+01
 0.56705747E+01
 0.56862827E+01
 0.57019907E+01
 0.57176986E+01
 0.57334066E+01
 0.57491146E+01
 0.57648225E+01
 0.57805305E+01
 0.57962384E+01
 0.58119464E+01
 0.58276544E+01
 0.58433623E+01
 0.58590703E+01
 0.58747783E+01
 0.58904862E+01
 0.59061942E+01
 0.59219022E+01
 0.59376101E+01
 0.59533181E+01
 0.59690260E+01
 0.59847340E+01
 0.60004420E+01
 0.60161499E+01
 0.60318579E+01
 0.60475659E+01
 0.60632738E+01
 0.60789818E+01
 0.60946897E+01
 0.61103977E+01
 0.61261057E+01
 0.61418136E+01
 0.61575216E+01
 0.61732296E+01
 0.61889375E+01
 0.62046455E+01
 0.62203535E+01
 0.62360614E+01
 0.62517694E+01
 0.62674773E+01
 0.62831853E+01
-0.23634295E-13
 0.15707963E-01
 0.31415927E-01
 0.47123890E-01
 0.62831853E-01
 0.78539816E-01
 0.94247780E-01
 0.10995574E+00
 0.12566371E+00
 0.14137167E+00
 0.15707963E+00
 0.17278760E+00
 0.18849556E+00
 0.20420352E+00
 0.21991149E+00
 0.23561945E+00
 0.25132741E+00
 0.26703538E+00
 0.28274334E+00
 0.29845130E+00
 0.31415927E+00
 0.32986723E+00
 0.34557519E+00
 0.36128316E+00
 0.37699112E+00
 0.39269908E+00
 0.40840705E+00
 0.42411501E+00
 0.43982297E+00
 0.45553093E+00
 0.47123890E+00
 0.48694686E+00
 0.50265482E+00
 0.51836279E+00
 0.53407075E+00
 0.54977871E+00
 0.56548668E+00
 0.58119464E+00
 0.59690260E+00
 0.61261057E+00
 0.62831853E+00
 0.64402649E+00
 0.65973446E+00
 0.67544242E+00
 0.69115038E+00
 0.70685835E+00
 0.72256631E+00
 0.73827427E+00
 0.75398224E+00
 0.76969020E+00
 0.78539816E+00
 0.80110613E+00
 0.81681409E+00
 0.83252205E+00
 0.84823002E+00
 0.86393798E+00
 0.87964594E+00
 0.89535391E+00
 0.91106187E+00
 0.92676983E+00
 0.94247780E+00
 0.95818576E+00
 0.97389372E+00
 0.98960169E+00
 0.10053096E+01
 0.10210176E+01
 0.10367256E+01
 0.10524335E+01
 0.10681415E+01
 0.10838495E+01
 0.10995574E+01
 0.11152654E+01
 0.11309734E+01
 0.11466813E+01
 0.11623893E+01
 0.11780972E+01
 0.11938052E+01
 0.12095132E+01
 0.12252211E+01
 0.12409291E+01
 0.12566371E+01
 0.12723450E+01
 0.12880530E+01
 0.13037610E+01
 0.13194689E+01
 0.13351769E+01
 0.13508848E+01
 0.13665928E+01
 0.13823008E+01
 0.13980087E+01
 0.14137167E+01
 0.14294247E+01
 0.14451326E+01
 0.14608406E+01
 0.14765485E+01
 0.14922565E+01
 0.15079645E+01
 0.15236724E+01
 0.15393804E+01
 0.15550884E+01
 0.15707963E+01
 0.15865043E+01
 0.16022123E+01
 0.16179202E+01
 0.16336282E+01
 0.16493361E+01
 0.16650441E+01
 0.16807521E+01
 0.16964600E+01
 0.17121680E+01
 0.17278760E+01
 0.17435839E+01
 0.17592919E+01
 0.17749998E+01
 0.17907078E+01
 0.18064158E+01
 0.18221237E+01
 0.18378317E+01
 0.18535397E+01
 0.18692476E+01
 0.18849556E+01
 0.19006636E+01
 0.19163715E+01
 0.19320795E+01
 0.19477874E+01
 0.19634954E+01
 0.19792034E+01
 0.19949113E+01
 0.20106193E+01
 0.20263273E+01
 0.20420352E+01
 0.20577432E+01
 0.20734512E+01
 0.20891591E+01
 0.21048671E+01
 0.21205750E+01
 0.21362830E+01
 0.21519910E+01
 0.21676989E+01
 0.21834069E+01
 0.21991149E+01
 0.22148228E+01
 0.22305308E+01
 0.22462387E+01
 0.22619467E+01
 0.22776547E+01
 0.22933626E+01
 0.23090706E+01
 0.23247786E+01
 0.23404865E+01
 0.23561945E+01
 0.23719025E+01
 0.23876104E+01
 0.24033184E+01
 0.24190263E+01
 0.24347343E+01
 0.24504423E+01
 0.24661502E+01
 0.24818582E+01
 0.24975662E+01
 0.25132741E+01
 0.25289821E+01
 0.25446900E+01
 0.25603980E+01
 0.25761060E+01
 0.25918139E+01
 0.26075219E+01
 0.26232299E+01
 0.26389378E+01
 0.26546458E+01
 0.26703538E+01
 0.26860617E+01
 0.27017697E+01
 0.27174776E+01
 0.27331856E+01
 0.27488936E+01
 0.27646015E+01
 0.27803095E+01
 0.27960175E+01
 0.28117254E+01
 0.28274334E+01
 0.28431414E+01
 0.28588493E+01
 0.28745573E+01
 0.28902652E+01
 0.29059732E+01
 0.29216812E+01
 0.29373891E+01
 0.29530971E+01
 0.29688051E+01
 0.29845130E+01
 0.30002210E+01
 0.30159289E+01
 0.30316369E+01
 0.30473449E+01
 0.30630528E+01
 0.30787608E+01
 0.30944688E+01
 0.31101767E+01
 0.31258847E+01
 0.31415927E+01
 0.31573006E+01
 0.31730086E+01
 0.31887165E+01
 0.32044245E+01
 0.32201325E+01
 0.32358404E+01
 0.32515484E+01
 0.32672564E+01
 0.32829643E+01
 0.32986723E+01
 0.33143802E+01
 0.33300882E+01
 0.33457962E+01
 0.33615041E+01
 0.33772121E+01
 0.33929201E+01
 0.34086280E+01
 0.34243360E+01
 0.34400440E+01
 0.34557519E+01
 0.34714599E+01
 0.34871678E+01
 0.35028758E+01
 0.35185838E+01
 0.35342917E+01
 0.35499997E+01
 0.35657077E+01
 0.35814156E+01
 0.35971236E+01
 0.36128316E+01
 0.36285395E+01
 0.36442475E+01
 0.36599554E+01
 0.36756634E+01
 0.36913714E+01
 0.37070793E+01
 0.37227873E+01
 0.37384953E+01
 0.37542032E+01
 0.37699112E+01
 0.37856191E+01
 0.38013271E+01
 0.38170351E+01
 0.38327430E+01
 0.38484510E+01
 0.38641590E+01
 0.38798669E+01
 0.38955749E+01
 0.39112829E+01
 0.39269908E+01
 0.39426988E+01
 0.39584067E+01
 0.39741147E+01
 0.39898227E+01
 0.40055306E+01
 0.40212386E+01
 0.40369466E+01
 0.40526545E+01
 0.40683625E+01
 0.40840704E+01
 0.40997784E+01
 0.41154864E+01
 0.41311943E+01
 0.41469023E+01
 0.41626103E+01
 0.41783182E+01
 0.41940262E+01
 0.42097342E+01
 0.42254421E+01
 0.42411501E+01
 0.42568580E+01
 0.42725660E+01
 0.42882740E+01
 0.43039819E+01
 0.43196899E+01
 0.43353979E+01
 0.43511058E+01
 0.43668138E+01
 0.43825218E+01
 0.43982297E+01
 0.44139377E+01
 0.44296456E+01
 0.44453536E+01
 0.44610616E+01
 0.44767695E+01
 0.44924775E+01
 0.45081855E+01
 0.45238934E+01
 0.45396014E+01
 0.45553093E+01
 0.45710173E+01
 0.45867253E+01
 0.46024332E+01
 0.46181412E+01
 0.46338492E+01
 0.46495571E+01
 0.46652651E+01
 0.46809731E+01
 0.46966810E+01
 0.47123890E+01
 0.47280969E+01
 0.47438049E+01
 0.47595129E+01
 0.47752208E+01
 0.47909288E+01
 0.48066368E+01
 0.48223447E+01
 0.48380527E+01
 0.48537607E+01
 0.48694686E+01
 0.48851766E+01
 0.49008845E+01
 0.49165925E+01
 0.49323005E+01
 0.49480084E+01
 0.49637164E+01
 0.49794244E+01
 0.49951323E+01
 0.50108403E+01
 0.50265482E+01
 0.50422562E+01
 0.50579642E+01
 0.50736721E+01
 0.50893801E+01
 0.51050881E+01
 0.51207960E+01
 0.51365040E+01
 0.51522120E+01
 0.51679199E+01
 0.51836279E+01
 0.51993358E+01
 0.52150438E+01
 0.52307518E+01
 0.52464597E+01
 0.52621677E+01
 0.52778757E+01
 0.52935836E+01
 0.53092916E+01
 0.53249995E+01
 0.53407075E+01
 0.53564155E+01
 0.53721234E+01
 0.53878314E+01
 0.54035394E+01
 0.54192473E+01
 0.54349553E+01
 0.54506633E+01
 0.54663712E+01
 0.54820792E+01
 0.54977871E+01
 0.55134951E+01
 0.55292031E+01
 0.55449110E+01
 0.55606190E+01
 0.55763270E+01
 0.55920349E+01
 0.56077429E+01
 0.56234508E+01
 0.56391588E+01
 0.56548668E+01
 0.56705747E+01
 0.56862827E+01
 0.57019907E+01
 0.57176986E+01
 0.57334066E+01
 0.57491146E+01
 0.57648225E+01
 0.57805305E+01
 0.57962384E+01
 0.58119464E+01
 0.58276544E+01
 0.58433623E+01
 0.58590703E+01
 0.58747783E+01
 0.58904862E+01
 0.59061942E+01
 0.59219022E+01
 0.59376101E+01
 0.59533181E+01
 0.59690260E+01
 0.59847340E+01
 0.60004420E+01
 0.60161499E+01
 0.60318579E+01
 0.60475659E+01
 0.60632738E+01
 0.60789818E+01
 0.60946897E+01
 0.61103977E+01
 0.61261057E+01
 0.61418136E+01
 0.61575216E+01
 0.61732296E+01
 0.61889375E+01
 0.62046455E+01
 0.62203535E+01
 0.62360614E+01
 0.62517694E+01
 0.62674773E+01
 0.62831853E+01
