           5
         401
-0.40311791E-08
 0.77747899E-02
 0.15551290E-01
 0.23331203E-01
 0.31116235E-01
 0.38908095E-01
 0.46708485E-01
 0.54519117E-01
 0.62341761E-01
 0.70178205E-01
 0.78030260E-01
 0.85899737E-01
 0.93788427E-01
 0.10169812E+00
 0.10963063E+00
 0.11758777E+00
 0.12557134E+00
 0.13358313E+00
 0.14162492E+00
 0.14969854E+00
 0.15780590E+00
 0.16594899E+00
 0.17412989E+00
 0.18235073E+00
 0.19061360E+00
 0.19892057E+00
 0.20727374E+00
 0.21567519E+00
 0.22412705E+00
 0.23263139E+00
 0.24119025E+00
 0.24980577E+00
 0.25848020E+00
 0.26721599E+00
 0.27601567E+00
 0.28488187E+00
 0.29381719E+00
 0.30282414E+00
 0.31190528E+00
 0.32106327E+00
 0.33030065E+00
 0.33961993E+00
 0.34902371E+00
 0.35851475E+00
 0.36809603E+00
 0.37777076E+00
 0.38754221E+00
 0.39741359E+00
 0.40738809E+00
 0.41746897E+00
 0.42765946E+00
 0.43796276E+00
 0.44838204E+00
 0.45892070E+00
 0.46958236E+00
 0.48037092E+00
 0.49129039E+00
 0.50234475E+00
 0.51353787E+00
 0.52487377E+00
 0.53635642E+00
 0.54798969E+00
 0.55977764E+00
 0.57172452E+00
 0.58383485E+00
 0.59611328E+00
 0.60856438E+00
 0.62119272E+00
 0.63400294E+00
 0.64699961E+00
 0.66018733E+00
 0.67357079E+00
 0.68715479E+00
 0.70094424E+00
 0.71494395E+00
 0.72915879E+00
 0.74359364E+00
 0.75825336E+00
 0.77314274E+00
 0.78826635E+00
 0.80362860E+00
 0.81923389E+00
 0.83508663E+00
 0.85119129E+00
 0.86755227E+00
 0.88417353E+00
 0.90105825E+00
 0.91820938E+00
 0.93562990E+00
 0.95332285E+00
 0.97129123E+00
 0.98953716E+00
 0.10080614E+01
 0.10268644E+01
 0.10459467E+01
 0.10653088E+01
 0.10849507E+01
 0.11048707E+01
 0.11250657E+01
 0.11455328E+01
 0.11662694E+01
 0.11872718E+01
 0.12085345E+01
 0.12300506E+01
 0.12518135E+01
 0.12738165E+01
 0.12960516E+01
 0.13185085E+01
 0.13411770E+01
 0.13640467E+01
 0.13871067E+01
 0.14103440E+01
 0.14337454E+01
 0.14572975E+01
 0.14809866E+01
 0.15047978E+01
 0.15287159E+01
 0.15527256E+01
 0.15768114E+01
 0.16009577E+01
 0.16251484E+01
 0.16493676E+01
 0.16735995E+01
 0.16978289E+01
 0.17220404E+01
 0.17462186E+01
 0.17703490E+01
 0.17944180E+01
 0.18184119E+01
 0.18423171E+01
 0.18661214E+01
 0.18898137E+01
 0.19133829E+01
 0.19368181E+01
 0.19601098E+01
 0.19832499E+01
 0.20062305E+01
 0.20290435E+01
 0.20516823E+01
 0.20741419E+01
 0.20964176E+01
 0.21185044E+01
 0.21403980E+01
 0.21620959E+01
 0.21835964E+01
 0.22048977E+01
 0.22259980E+01
 0.22468961E+01
 0.22675923E+01
 0.22880875E+01
 0.23083824E+01
 0.23284778E+01
 0.23483747E+01
 0.23680751E+01
 0.23875816E+01
 0.24068970E+01
 0.24260239E+01
 0.24449650E+01
 0.24637232E+01
 0.24823019E+01
 0.25007051E+01
 0.25189365E+01
 0.25370000E+01
 0.25548996E+01
 0.25726390E+01
 0.25902224E+01
 0.26076541E+01
 0.26249384E+01
 0.26420798E+01
 0.26590827E+01
 0.26759514E+01
 0.26926905E+01
 0.27093042E+01
 0.27257972E+01
 0.27421738E+01
 0.27584386E+01
 0.27745960E+01
 0.27906506E+01
 0.28066068E+01
 0.28224692E+01
 0.28382421E+01
 0.28539301E+01
 0.28695373E+01
 0.28850682E+01
 0.29005272E+01
 0.29159186E+01
 0.29312468E+01
 0.29465162E+01
 0.29617311E+01
 0.29768957E+01
 0.29920142E+01
 0.30070909E+01
 0.30221300E+01
 0.30371357E+01
 0.30521121E+01
 0.30670636E+01
 0.30819943E+01
 0.30969084E+01
 0.31118101E+01
 0.31267034E+01
 0.31415926E+01
 0.31564819E+01
 0.31713752E+01
 0.31862769E+01
 0.32011910E+01
 0.32161217E+01
 0.32310732E+01
 0.32460496E+01
 0.32610553E+01
 0.32760944E+01
 0.32911711E+01
 0.33062896E+01
 0.33214542E+01
 0.33366691E+01
 0.33519385E+01
 0.33672667E+01
 0.33826581E+01
 0.33981171E+01
 0.34136480E+01
 0.34292552E+01
 0.34449431E+01
 0.34607161E+01
 0.34765785E+01
 0.34925347E+01
 0.35085893E+01
 0.35247467E+01
 0.35410115E+01
 0.35573881E+01
 0.35738811E+01
 0.35904948E+01
 0.36072339E+01
 0.36241026E+01
 0.36411055E+01
 0.36582469E+01
 0.36755312E+01
 0.36929629E+01
 0.37105463E+01
 0.37282857E+01
 0.37461853E+01
 0.37642488E+01
 0.37824802E+01
 0.38008834E+01
 0.38194621E+01
 0.38382203E+01
 0.38571614E+01
 0.38762883E+01
 0.38956037E+01
 0.39151102E+01
 0.39348106E+01
 0.39547075E+01
 0.39748029E+01
 0.39950978E+01
 0.40155930E+01
 0.40362892E+01
 0.40571873E+01
 0.40782876E+01
 0.40995889E+01
 0.41210894E+01
 0.41427873E+01
 0.41646809E+01
 0.41867677E+01
 0.42090434E+01
 0.42315030E+01
 0.42541418E+01
 0.42769548E+01
 0.42999354E+01
 0.43230755E+01
 0.43463672E+01
 0.43698024E+01
 0.43933716E+01
 0.44170639E+01
 0.44408682E+01
 0.44647734E+01
 0.44887673E+01
 0.45128363E+01
 0.45369667E+01
 0.45611449E+01
 0.45853564E+01
 0.46095858E+01
 0.46338177E+01
 0.46580369E+01
 0.46822276E+01
 0.47063739E+01
 0.47304597E+01
 0.47544694E+01
 0.47783875E+01
 0.48021987E+01
 0.48258878E+01
 0.48494399E+01
 0.48728413E+01
 0.48960786E+01
 0.49191386E+01
 0.49420083E+01
 0.49646768E+01
 0.49871337E+01
 0.50093688E+01
 0.50313718E+01
 0.50531347E+01
 0.50746508E+01
 0.50959135E+01
 0.51169159E+01
 0.51376525E+01
 0.51581196E+01
 0.51783146E+01
 0.51982346E+01
 0.52178765E+01
 0.52372386E+01
 0.52563209E+01
 0.52751239E+01
 0.52936481E+01
 0.53118941E+01
 0.53298624E+01
 0.53475554E+01
 0.53649759E+01
 0.53821270E+01
 0.53990118E+01
 0.54156330E+01
 0.54319940E+01
 0.54480987E+01
 0.54639514E+01
 0.54795567E+01
 0.54949189E+01
 0.55100426E+01
 0.55249319E+01
 0.55395917E+01
 0.55540265E+01
 0.55682413E+01
 0.55822411E+01
 0.55960305E+01
 0.56096145E+01
 0.56229980E+01
 0.56361857E+01
 0.56491824E+01
 0.56619926E+01
 0.56746209E+01
 0.56870720E+01
 0.56993505E+01
 0.57114608E+01
 0.57234077E+01
 0.57351956E+01
 0.57468289E+01
 0.57583115E+01
 0.57696474E+01
 0.57808405E+01
 0.57918949E+01
 0.58028144E+01
 0.58136029E+01
 0.58242646E+01
 0.58348033E+01
 0.58452225E+01
 0.58555258E+01
 0.58657163E+01
 0.58757972E+01
 0.58857717E+01
 0.58956431E+01
 0.59054145E+01
 0.59150893E+01
 0.59246705E+01
 0.59341616E+01
 0.59435654E+01
 0.59528847E+01
 0.59621220E+01
 0.59712800E+01
 0.59803612E+01
 0.59893681E+01
 0.59983034E+01
 0.60071696E+01
 0.60159693E+01
 0.60247051E+01
 0.60333795E+01
 0.60419951E+01
 0.60505539E+01
 0.60590582E+01
 0.60675101E+01
 0.60759116E+01
 0.60842647E+01
 0.60925717E+01
 0.61008346E+01
 0.61090554E+01
 0.61172363E+01
 0.61253794E+01
 0.61334868E+01
 0.61415604E+01
 0.61496022E+01
 0.61576140E+01
 0.61655975E+01
 0.61735547E+01
 0.61814872E+01
 0.61893969E+01
 0.61972856E+01
 0.62051550E+01
 0.62130071E+01
 0.62208435E+01
 0.62286662E+01
 0.62364768E+01
 0.62442772E+01
 0.62520691E+01
 0.62598541E+01
 0.62676340E+01
 0.62754105E+01
 0.62831853E+01
-0.20853582E-08
 0.57032530E-02
 0.11407770E-01
 0.17114812E-01
 0.22825637E-01
 0.28541495E-01
 0.34263638E-01
 0.39993357E-01
 0.45731979E-01
 0.51480836E-01
 0.57241282E-01
 0.63014681E-01
 0.68802397E-01
 0.74605793E-01
 0.80426227E-01
 0.86265055E-01
 0.92123623E-01
 0.98003280E-01
 0.10390539E+00
 0.10983134E+00
 0.11578256E+00
 0.12176066E+00
 0.12776730E+00
 0.13380415E+00
 0.13987287E+00
 0.14597513E+00
 0.15211262E+00
 0.15828702E+00
 0.16450001E+00
 0.17075321E+00
 0.17704823E+00
 0.18338686E+00
 0.18977096E+00
 0.19620253E+00
 0.20268383E+00
 0.20921718E+00
 0.21580480E+00
 0.22244890E+00
 0.22915172E+00
 0.23591553E+00
 0.24274261E+00
 0.24963512E+00
 0.25659525E+00
 0.26362561E+00
 0.27072899E+00
 0.27790843E+00
 0.28516717E+00
 0.29250841E+00
 0.29993526E+00
 0.30745081E+00
 0.31505824E+00
 0.32276070E+00
 0.33056129E+00
 0.33846333E+00
 0.34647084E+00
 0.35458804E+00
 0.36281945E+00
 0.37116960E+00
 0.37964289E+00
 0.38824372E+00
 0.39697653E+00
 0.40584577E+00
 0.41485595E+00
 0.42401242E+00
 0.43332105E+00
 0.44278805E+00
 0.45241964E+00
 0.46222187E+00
 0.47220086E+00
 0.48236277E+00
 0.49271371E+00
 0.50326055E+00
 0.51401095E+00
 0.52497316E+00
 0.53615522E+00
 0.54756513E+00
 0.55921106E+00
 0.57110100E+00
 0.58324334E+00
 0.59564735E+00
 0.60832301E+00
 0.62128013E+00
 0.63452863E+00
 0.64807843E+00
 0.66193937E+00
 0.67612171E+00
 0.69063617E+00
 0.70549371E+00
 0.72070515E+00
 0.73628144E+00
 0.75223347E+00
 0.76857187E+00
 0.78530693E+00
 0.80244881E+00
 0.82000768E+00
 0.83799384E+00
 0.85641703E+00
 0.87528516E+00
 0.89460517E+00
 0.91438403E+00
 0.93462883E+00
 0.95534569E+00
 0.97653706E+00
 0.99820386E+00
 0.10203471E+01
 0.10429678E+01
 0.10660637E+01
 0.10896282E+01
 0.11136539E+01
 0.11381337E+01
 0.11630586E+01
 0.11884135E+01
 0.12141823E+01
 0.12403485E+01
 0.12668947E+01
 0.12937977E+01
 0.13210331E+01
 0.13485765E+01
 0.13764023E+01
 0.14044810E+01
 0.14327828E+01
 0.14612773E+01
 0.14899340E+01
 0.15187206E+01
 0.15476048E+01
 0.15765544E+01
 0.16055377E+01
 0.16345238E+01
 0.16634819E+01
 0.16923813E+01
 0.17211936E+01
 0.17498926E+01
 0.17784521E+01
 0.18068459E+01
 0.18350517E+01
 0.18630500E+01
 0.18908214E+01
 0.19183465E+01
 0.19456091E+01
 0.19725973E+01
 0.19992993E+01
 0.20257035E+01
 0.20517992E+01
 0.20775804E+01
 0.21030427E+01
 0.21281820E+01
 0.21529940E+01
 0.21774755E+01
 0.22016270E+01
 0.22254503E+01
 0.22489470E+01
 0.22721187E+01
 0.22949675E+01
 0.23174971E+01
 0.23397132E+01
 0.23616213E+01
 0.23832268E+01
 0.24045353E+01
 0.24255525E+01
 0.24462851E+01
 0.24667405E+01
 0.24869261E+01
 0.25068492E+01
 0.25265172E+01
 0.25459375E+01
 0.25651175E+01
 0.25840648E+01
 0.26027873E+01
 0.26212927E+01
 0.26395885E+01
 0.26576826E+01
 0.26755827E+01
 0.26932962E+01
 0.27108306E+01
 0.27281931E+01
 0.27453908E+01
 0.27624311E+01
 0.27793211E+01
 0.27960682E+01
 0.28126794E+01
 0.28291617E+01
 0.28455218E+01
 0.28617661E+01
 0.28779011E+01
 0.28939335E+01
 0.29098696E+01
 0.29257160E+01
 0.29414793E+01
 0.29571658E+01
 0.29727816E+01
 0.29883327E+01
 0.30038250E+01
 0.30192645E+01
 0.30346572E+01
 0.30500089E+01
 0.30653258E+01
 0.30806138E+01
 0.30958787E+01
 0.31111263E+01
 0.31263623E+01
 0.31415927E+01
 0.31568230E+01
 0.31720590E+01
 0.31873066E+01
 0.32025715E+01
 0.32178595E+01
 0.32331764E+01
 0.32485281E+01
 0.32639208E+01
 0.32793603E+01
 0.32948526E+01
 0.33104037E+01
 0.33260195E+01
 0.33417060E+01
 0.33574693E+01
 0.33733157E+01
 0.33892519E+01
 0.34052842E+01
 0.34214192E+01
 0.34376635E+01
 0.34540236E+01
 0.34705059E+01
 0.34871171E+01
 0.35038642E+01
 0.35207542E+01
 0.35377945E+01
 0.35549922E+01
 0.35723547E+01
 0.35898891E+01
 0.36076027E+01
 0.36255027E+01
 0.36435968E+01
 0.36618926E+01
 0.36803980E+01
 0.36991205E+01
 0.37180678E+01
 0.37372478E+01
 0.37566681E+01
 0.37763361E+01
 0.37962592E+01
 0.38164448E+01
 0.38369002E+01
 0.38576328E+01
 0.38786500E+01
 0.38999585E+01
 0.39215640E+01
 0.39434721E+01
 0.39656882E+01
 0.39882178E+01
 0.40110666E+01
 0.40342383E+01
 0.40577350E+01
 0.40815583E+01
 0.41057098E+01
 0.41301913E+01
 0.41550033E+01
 0.41801426E+01
 0.42056049E+01
 0.42313861E+01
 0.42574818E+01
 0.42838860E+01
 0.43105881E+01
 0.43375762E+01
 0.43648388E+01
 0.43923639E+01
 0.44201353E+01
 0.44481336E+01
 0.44763394E+01
 0.45047332E+01
 0.45332927E+01
 0.45619917E+01
 0.45908040E+01
 0.46197034E+01
 0.46486615E+01
 0.46776476E+01
 0.47066309E+01
 0.47355805E+01
 0.47644647E+01
 0.47932513E+01
 0.48219080E+01
 0.48504025E+01
 0.48787043E+01
 0.49067830E+01
 0.49346088E+01
 0.49621522E+01
 0.49893876E+01
 0.50162907E+01
 0.50428368E+01
 0.50690030E+01
 0.50947718E+01
 0.51201267E+01
 0.51450516E+01
 0.51695314E+01
 0.51935571E+01
 0.52171216E+01
 0.52402176E+01
 0.52628382E+01
 0.52849814E+01
 0.53066482E+01
 0.53278396E+01
 0.53485565E+01
 0.53688013E+01
 0.53885801E+01
 0.54079001E+01
 0.54267683E+01
 0.54451915E+01
 0.54631776E+01
 0.54807365E+01
 0.54978784E+01
 0.55146134E+01
 0.55309518E+01
 0.55469039E+01
 0.55624802E+01
 0.55776916E+01
 0.55925491E+01
 0.56070636E+01
 0.56212459E+01
 0.56351069E+01
 0.56486567E+01
 0.56619052E+01
 0.56748623E+01
 0.56875380E+01
 0.56999420E+01
 0.57120843E+01
 0.57239742E+01
 0.57356202E+01
 0.57470301E+01
 0.57582121E+01
 0.57691743E+01
 0.57799248E+01
 0.57904716E+01
 0.58008225E+01
 0.58109844E+01
 0.58209634E+01
 0.58307657E+01
 0.58403973E+01
 0.58498643E+01
 0.58591729E+01
 0.58683294E+01
 0.58773395E+01
 0.58862088E+01
 0.58949416E+01
 0.59035424E+01
 0.59120157E+01
 0.59203658E+01
 0.59285973E+01
 0.59367145E+01
 0.59447220E+01
 0.59526240E+01
 0.59604246E+01
 0.59681271E+01
 0.59757345E+01
 0.59832500E+01
 0.59906769E+01
 0.59980181E+01
 0.60052769E+01
 0.60124563E+01
 0.60195597E+01
 0.60265901E+01
 0.60335502E+01
 0.60404427E+01
 0.60472698E+01
 0.60540336E+01
 0.60607364E+01
 0.60673805E+01
 0.60739681E+01
 0.60805015E+01
 0.60869828E+01
 0.60934143E+01
 0.60997984E+01
 0.61061371E+01
 0.61124321E+01
 0.61186853E+01
 0.61248983E+01
 0.61310727E+01
 0.61372102E+01
 0.61433124E+01
 0.61493811E+01
 0.61554180E+01
 0.61614246E+01
 0.61674027E+01
 0.61733540E+01
 0.61792799E+01
 0.61851820E+01
 0.61910617E+01
 0.61969202E+01
 0.62027591E+01
 0.62085795E+01
 0.62143829E+01
 0.62201706E+01
 0.62259440E+01
 0.62317045E+01
 0.62374533E+01
 0.62431919E+01
 0.62489217E+01
 0.62546438E+01
 0.62603597E+01
 0.62660705E+01
 0.62717775E+01
 0.62774821E+01
 0.62831853E+01
-0.14882822E-08
 0.45726657E-02
 0.91463418E-02
 0.13722036E-01
 0.18300758E-01
 0.22883523E-01
 0.27471353E-01
 0.32065269E-01
 0.36666314E-01
 0.41275586E-01
 0.45894193E-01
 0.50523241E-01
 0.55163839E-01
 0.59817093E-01
 0.64484113E-01
 0.69165993E-01
 0.73863811E-01
 0.78578643E-01
 0.83311588E-01
 0.88063847E-01
 0.92836640E-01
 0.97631202E-01
 0.10244889E+00
 0.10729112E+00
 0.11215932E+00
 0.11705492E+00
 0.12197930E+00
 0.12693389E+00
 0.13192005E+00
 0.13693915E+00
 0.14199251E+00
 0.14708159E+00
 0.15220812E+00
 0.15737387E+00
 0.16258066E+00
 0.16783047E+00
 0.17312529E+00
 0.17846711E+00
 0.18385789E+00
 0.18929961E+00
 0.19479420E+00
 0.20034358E+00
 0.20594966E+00
 0.21161467E+00
 0.21734133E+00
 0.22313240E+00
 0.22899074E+00
 0.23491928E+00
 0.24092093E+00
 0.24699859E+00
 0.25315514E+00
 0.25939347E+00
 0.26571647E+00
 0.27212715E+00
 0.27862938E+00
 0.28522742E+00
 0.29192558E+00
 0.29872823E+00
 0.30563971E+00
 0.31266438E+00
 0.31980659E+00
 0.32707066E+00
 0.33446099E+00
 0.34198307E+00
 0.34964321E+00
 0.35744780E+00
 0.36540333E+00
 0.37351632E+00
 0.38179330E+00
 0.39024065E+00
 0.39886474E+00
 0.40767333E+00
 0.41667511E+00
 0.42587946E+00
 0.43529589E+00
 0.44493379E+00
 0.45480237E+00
 0.46491088E+00
 0.47526946E+00
 0.48588970E+00
 0.49678475E+00
 0.50796745E+00
 0.51945074E+00
 0.53124768E+00
 0.54337107E+00
 0.55583521E+00
 0.56865620E+00
 0.58185096E+00
 0.59543598E+00
 0.60942811E+00
 0.62384396E+00
 0.63870109E+00
 0.65401844E+00
 0.66981516E+00
 0.68611043E+00
 0.70292342E+00
 0.72027328E+00
 0.73817905E+00
 0.75665980E+00
 0.77573450E+00
 0.79542231E+00
 0.81574140E+00
 0.83670650E+00
 0.85833086E+00
 0.88062778E+00
 0.90361062E+00
 0.92728832E+00
 0.95166329E+00
 0.97673733E+00
 0.10025123E+01
 0.10289866E+01
 0.10561478E+01
 0.10839806E+01
 0.11124701E+01
 0.11415979E+01
 0.11713344E+01
 0.12016464E+01
 0.12325007E+01
 0.12638611E+01
 0.12956818E+01
 0.13279151E+01
 0.13605133E+01
 0.13934262E+01
 0.14265990E+01
 0.14599768E+01
 0.14935042E+01
 0.15271265E+01
 0.15607893E+01
 0.15944385E+01
 0.16280199E+01
 0.16614841E+01
 0.16947853E+01
 0.17278777E+01
 0.17607159E+01
 0.17932619E+01
 0.18254835E+01
 0.18573487E+01
 0.18888254E+01
 0.19198878E+01
 0.19505182E+01
 0.19806997E+01
 0.20104151E+01
 0.20396493E+01
 0.20683954E+01
 0.20966505E+01
 0.21244114E+01
 0.21516746E+01
 0.21784390E+01
 0.22047089E+01
 0.22304909E+01
 0.22557915E+01
 0.22806170E+01
 0.23049741E+01
 0.23288721E+01
 0.23523226E+01
 0.23753367E+01
 0.23979260E+01
 0.24201018E+01
 0.24418756E+01
 0.24632597E+01
 0.24842666E+01
 0.25049091E+01
 0.25251998E+01
 0.25451514E+01
 0.25647765E+01
 0.25840874E+01
 0.26030958E+01
 0.26218131E+01
 0.26402510E+01
 0.26584210E+01
 0.26763345E+01
 0.26940034E+01
 0.27114384E+01
 0.27286499E+01
 0.27456475E+01
 0.27624411E+01
 0.27790406E+01
 0.27954555E+01
 0.28116960E+01
 0.28277717E+01
 0.28436917E+01
 0.28594645E+01
 0.28750980E+01
 0.28906004E+01
 0.29059801E+01
 0.29212450E+01
 0.29364033E+01
 0.29514633E+01
 0.29664327E+01
 0.29813190E+01
 0.29961292E+01
 0.30108702E+01
 0.30255492E+01
 0.30401734E+01
 0.30547496E+01
 0.30692851E+01
 0.30837868E+01
 0.30982617E+01
 0.31127165E+01
 0.31271579E+01
 0.31415927E+01
 0.31560274E+01
 0.31704688E+01
 0.31849236E+01
 0.31993985E+01
 0.32139002E+01
 0.32284357E+01
 0.32430119E+01
 0.32576361E+01
 0.32723151E+01
 0.32870561E+01
 0.33018663E+01
 0.33167526E+01
 0.33317220E+01
 0.33467820E+01
 0.33619403E+01
 0.33772052E+01
 0.33925849E+01
 0.34080873E+01
 0.34237208E+01
 0.34394936E+01
 0.34554136E+01
 0.34714893E+01
 0.34877298E+01
 0.35041447E+01
 0.35207442E+01
 0.35375378E+01
 0.35545354E+01
 0.35717469E+01
 0.35891819E+01
 0.36068508E+01
 0.36247643E+01
 0.36429343E+01
 0.36613722E+01
 0.36800895E+01
 0.36990979E+01
 0.37184088E+01
 0.37380339E+01
 0.37579855E+01
 0.37782762E+01
 0.37989187E+01
 0.38199256E+01
 0.38413097E+01
 0.38630835E+01
 0.38852593E+01
 0.39078486E+01
 0.39308628E+01
 0.39543132E+01
 0.39782112E+01
 0.40025683E+01
 0.40273938E+01
 0.40526944E+01
 0.40784764E+01
 0.41047463E+01
 0.41315107E+01
 0.41587739E+01
 0.41865348E+01
 0.42147899E+01
 0.42435360E+01
 0.42727702E+01
 0.43024856E+01
 0.43326671E+01
 0.43632975E+01
 0.43943599E+01
 0.44258366E+01
 0.44577018E+01
 0.44899234E+01
 0.45224694E+01
 0.45553076E+01
 0.45884000E+01
 0.46217012E+01
 0.46551654E+01
 0.46887468E+01
 0.47223960E+01
 0.47560589E+01
 0.47896811E+01
 0.48232085E+01
 0.48565863E+01
 0.48897591E+01
 0.49226720E+01
 0.49552702E+01
 0.49875035E+01
 0.50193243E+01
 0.50506846E+01
 0.50815389E+01
 0.51118509E+01
 0.51415874E+01
 0.51707152E+01
 0.51992047E+01
 0.52270375E+01
 0.52541987E+01
 0.52806730E+01
 0.53064480E+01
 0.53315220E+01
 0.53558970E+01
 0.53795747E+01
 0.54025575E+01
 0.54248544E+01
 0.54464788E+01
 0.54674439E+01
 0.54877630E+01
 0.55074508E+01
 0.55265255E+01
 0.55450063E+01
 0.55629120E+01
 0.55802619E+01
 0.55970749E+01
 0.56133701E+01
 0.56291669E+01
 0.56444842E+01
 0.56593413E+01
 0.56737572E+01
 0.56877493E+01
 0.57013343E+01
 0.57145291E+01
 0.57273501E+01
 0.57398142E+01
 0.57519376E+01
 0.57637346E+01
 0.57752179E+01
 0.57864006E+01
 0.57972956E+01
 0.58079158E+01
 0.58182744E+01
 0.58283829E+01
 0.58382515E+01
 0.58478894E+01
 0.58573058E+01
 0.58665102E+01
 0.58755120E+01
 0.58843206E+01
 0.58929447E+01
 0.59013920E+01
 0.59096690E+01
 0.59177820E+01
 0.59257375E+01
 0.59335421E+01
 0.59412022E+01
 0.59487243E+01
 0.59561146E+01
 0.59633787E+01
 0.59705209E+01
 0.59775456E+01
 0.59844571E+01
 0.59912597E+01
 0.59979579E+01
 0.60045559E+01
 0.60110582E+01
 0.60174688E+01
 0.60237918E+01
 0.60300302E+01
 0.60361867E+01
 0.60422644E+01
 0.60482660E+01
 0.60541946E+01
 0.60600529E+01
 0.60658440E+01
 0.60715706E+01
 0.60772356E+01
 0.60828417E+01
 0.60883911E+01
 0.60938857E+01
 0.60993274E+01
 0.61047182E+01
 0.61100600E+01
 0.61153548E+01
 0.61206046E+01
 0.61258114E+01
 0.61309772E+01
 0.61361037E+01
 0.61411928E+01
 0.61462462E+01
 0.61512653E+01
 0.61562514E+01
 0.61612060E+01
 0.61661304E+01
 0.61710260E+01
 0.61758942E+01
 0.61807364E+01
 0.61855541E+01
 0.61903487E+01
 0.61951215E+01
 0.61998737E+01
 0.62046067E+01
 0.62093215E+01
 0.62140193E+01
 0.62187012E+01
 0.62233682E+01
 0.62280215E+01
 0.62326621E+01
 0.62372911E+01
 0.62419097E+01
 0.62465190E+01
 0.62511200E+01
 0.62557140E+01
 0.62603018E+01
 0.62648845E+01
 0.62694633E+01
 0.62740390E+01
 0.62786126E+01
 0.62831853E+01
-0.11578303E-08
 0.37560894E-02
 0.75130056E-02
 0.11271573E-01
 0.15032618E-01
 0.18796970E-01
 0.22565485E-01
 0.26339029E-01
 0.30118469E-01
 0.33904676E-01
 0.37698553E-01
 0.41501025E-01
 0.45313020E-01
 0.49135461E-01
 0.52969257E-01
 0.56815295E-01
 0.60674463E-01
 0.64547650E-01
 0.68435803E-01
 0.72339932E-01
 0.76261051E-01
 0.80200178E-01
 0.84158413E-01
 0.88136964E-01
 0.92137043E-01
 0.96159860E-01
 0.10020659E+00
 0.10427837E+00
 0.10837633E+00
 0.11250161E+00
 0.11665546E+00
 0.12083920E+00
 0.12505416E+00
 0.12930170E+00
 0.13358348E+00
 0.13790123E+00
 0.14225670E+00
 0.14665162E+00
 0.15108761E+00
 0.15556632E+00
 0.16008938E+00
 0.16465855E+00
 0.16927566E+00
 0.17394253E+00
 0.17866124E+00
 0.18343437E+00
 0.18826453E+00
 0.19315433E+00
 0.19810633E+00
 0.20312306E+00
 0.20820705E+00
 0.21336085E+00
 0.21858702E+00
 0.22388821E+00
 0.22926790E+00
 0.23473001E+00
 0.24027845E+00
 0.24591724E+00
 0.25165038E+00
 0.25748185E+00
 0.26341543E+00
 0.26945490E+00
 0.27560469E+00
 0.28187013E+00
 0.28825670E+00
 0.29477052E+00
 0.30141794E+00
 0.30820516E+00
 0.31513819E+00
 0.32222318E+00
 0.32946657E+00
 0.33687530E+00
 0.34445833E+00
 0.35222523E+00
 0.36018545E+00
 0.36834837E+00
 0.37672316E+00
 0.38531917E+00
 0.39414703E+00
 0.40321864E+00
 0.41254811E+00
 0.42214964E+00
 0.43203708E+00
 0.44222408E+00
 0.45272487E+00
 0.46355524E+00
 0.47473407E+00
 0.48628140E+00
 0.49821675E+00
 0.51055989E+00
 0.52333060E+00
 0.53655081E+00
 0.55024584E+00
 0.56444197E+00
 0.57916524E+00
 0.59444164E+00
 0.61029797E+00
 0.62676394E+00
 0.64387091E+00
 0.66165002E+00
 0.68013257E+00
 0.69934978E+00
 0.71933303E+00
 0.74011379E+00
 0.76172346E+00
 0.78419352E+00
 0.80755206E+00
 0.83182223E+00
 0.85702670E+00
 0.88318827E+00
 0.91032528E+00
 0.93844262E+00
 0.96754184E+00
 0.99762461E+00
 0.10286869E+01
 0.10607041E+01
 0.10936452E+01
 0.11274795E+01
 0.11621687E+01
 0.11976518E+01
 0.12338633E+01
 0.12707373E+01
 0.13082000E+01
 0.13461621E+01
 0.13845329E+01
 0.14232212E+01
 0.14621337E+01
 0.15011743E+01
 0.15402467E+01
 0.15792551E+01
 0.16181121E+01
 0.16567369E+01
 0.16950492E+01
 0.17329691E+01
 0.17704327E+01
 0.18073880E+01
 0.18437836E+01
 0.18795681E+01
 0.19147029E+01
 0.19491665E+01
 0.19829384E+01
 0.20159980E+01
 0.20483282E+01
 0.20799263E+01
 0.21107960E+01
 0.21409406E+01
 0.21703632E+01
 0.21990699E+01
 0.22270747E+01
 0.22543947E+01
 0.22810465E+01
 0.23070469E+01
 0.23324129E+01
 0.23571637E+01
 0.23813202E+01
 0.24049033E+01
 0.24279338E+01
 0.24504328E+01
 0.24724207E+01
 0.24939176E+01
 0.25149427E+01
 0.25355153E+01
 0.25556547E+01
 0.25753802E+01
 0.25947111E+01
 0.26136655E+01
 0.26322593E+01
 0.26505080E+01
 0.26684275E+01
 0.26860332E+01
 0.27033407E+01
 0.27203659E+01
 0.27371231E+01
 0.27536252E+01
 0.27698840E+01
 0.27859116E+01
 0.28017200E+01
 0.28173211E+01
 0.28327271E+01
 0.28479499E+01
 0.28630004E+01
 0.28778881E+01
 0.28926224E+01
 0.29072124E+01
 0.29216676E+01
 0.29359971E+01
 0.29502104E+01
 0.29643167E+01
 0.29783249E+01
 0.29922431E+01
 0.30060789E+01
 0.30198401E+01
 0.30335342E+01
 0.30471691E+01
 0.30607524E+01
 0.30742919E+01
 0.30877951E+01
 0.31012696E+01
 0.31147226E+01
 0.31281612E+01
 0.31415927E+01
 0.31550241E+01
 0.31684628E+01
 0.31819157E+01
 0.31953902E+01
 0.32088935E+01
 0.32224329E+01
 0.32360162E+01
 0.32496511E+01
 0.32633452E+01
 0.32771064E+01
 0.32909422E+01
 0.33048604E+01
 0.33188686E+01
 0.33329750E+01
 0.33471882E+01
 0.33615177E+01
 0.33759729E+01
 0.33905629E+01
 0.34052972E+01
 0.34201850E+01
 0.34352354E+01
 0.34504582E+01
 0.34658642E+01
 0.34814653E+01
 0.34972737E+01
 0.35133013E+01
 0.35295601E+01
 0.35460622E+01
 0.35628194E+01
 0.35798446E+01
 0.35971521E+01
 0.36147578E+01
 0.36326773E+01
 0.36509260E+01
 0.36695199E+01
 0.36884742E+01
 0.37078051E+01
 0.37275306E+01
 0.37476700E+01
 0.37682426E+01
 0.37892677E+01
 0.38107646E+01
 0.38327525E+01
 0.38552515E+01
 0.38782820E+01
 0.39018651E+01
 0.39260216E+01
 0.39507724E+01
 0.39761384E+01
 0.40021388E+01
 0.40287906E+01
 0.40561106E+01
 0.40841154E+01
 0.41128221E+01
 0.41422447E+01
 0.41723893E+01
 0.42032590E+01
 0.42348571E+01
 0.42671873E+01
 0.43002470E+01
 0.43340188E+01
 0.43684824E+01
 0.44036172E+01
 0.44394017E+01
 0.44757973E+01
 0.45127526E+01
 0.45502162E+01
 0.45881362E+01
 0.46264484E+01
 0.46650732E+01
 0.47039302E+01
 0.47429386E+01
 0.47820110E+01
 0.48210516E+01
 0.48599641E+01
 0.48986524E+01
 0.49370232E+01
 0.49749853E+01
 0.50124480E+01
 0.50493220E+01
 0.50855335E+01
 0.51210166E+01
 0.51557058E+01
 0.51895401E+01
 0.52224812E+01
 0.52544984E+01
 0.52855607E+01
 0.53156435E+01
 0.53447427E+01
 0.53728600E+01
 0.53999970E+01
 0.54261586E+01
 0.54513631E+01
 0.54756332E+01
 0.54989918E+01
 0.55214618E+01
 0.55430715E+01
 0.55638523E+01
 0.55838355E+01
 0.56030527E+01
 0.56215353E+01
 0.56393144E+01
 0.56564214E+01
 0.56728873E+01
 0.56887437E+01
 0.57040201E+01
 0.57187433E+01
 0.57329395E+01
 0.57466345E+01
 0.57598547E+01
 0.57726254E+01
 0.57849686E+01
 0.57969039E+01
 0.58084512E+01
 0.58196301E+01
 0.58304604E+01
 0.58409612E+01
 0.58511482E+01
 0.58610357E+01
 0.58706372E+01
 0.58799667E+01
 0.58890383E+01
 0.58978661E+01
 0.59064621E+01
 0.59148369E+01
 0.59229999E+01
 0.59309601E+01
 0.59387270E+01
 0.59463100E+01
 0.59537187E+01
 0.59609621E+01
 0.59680471E+01
 0.59749801E+01
 0.59817674E+01
 0.59884148E+01
 0.59949286E+01
 0.60013152E+01
 0.60075806E+01
 0.60137304E+01
 0.60197699E+01
 0.60257035E+01
 0.60315349E+01
 0.60372681E+01
 0.60429069E+01
 0.60484553E+01
 0.60539174E+01
 0.60592971E+01
 0.60645983E+01
 0.60698245E+01
 0.60749783E+01
 0.60800622E+01
 0.60850790E+01
 0.60900310E+01
 0.60949208E+01
 0.60997509E+01
 0.61045241E+01
 0.61092428E+01
 0.61139096E+01
 0.61185268E+01
 0.61230959E+01
 0.61276190E+01
 0.61320977E+01
 0.61365337E+01
 0.61409286E+01
 0.61452841E+01
 0.61496018E+01
 0.61538836E+01
 0.61581311E+01
 0.61623461E+01
 0.61665298E+01
 0.61706837E+01
 0.61748090E+01
 0.61789069E+01
 0.61829787E+01
 0.61870254E+01
 0.61910483E+01
 0.61950483E+01
 0.61990269E+01
 0.62029851E+01
 0.62069243E+01
 0.62108454E+01
 0.62147495E+01
 0.62186377E+01
 0.62225108E+01
 0.62263700E+01
 0.62302160E+01
 0.62340498E+01
 0.62378723E+01
 0.62416843E+01
 0.62454868E+01
 0.62492806E+01
 0.62530668E+01
 0.62568463E+01
 0.62606198E+01
 0.62643883E+01
 0.62681527E+01
 0.62719137E+01
 0.62756723E+01
 0.62794292E+01
 0.62831853E+01
-0.94636407E-09
 0.31598556E-02
 0.63204061E-02
 0.94823447E-02
 0.12646365E-01
 0.15813162E-01
 0.18983440E-01
 0.22157943E-01
 0.25337426E-01
 0.28522641E-01
 0.31714342E-01
 0.34913286E-01
 0.38120241E-01
 0.41335975E-01
 0.44561258E-01
 0.47796860E-01
 0.51043555E-01
 0.54302134E-01
 0.57573389E-01
 0.60858111E-01
 0.64157094E-01
 0.67471231E-01
 0.70801543E-01
 0.74149057E-01
 0.77514803E-01
 0.80899805E-01
 0.84305043E-01
 0.87731469E-01
 0.91180038E-01
 0.94651702E-01
 0.98147482E-01
 0.10166859E+00
 0.10521627E+00
 0.10879177E+00
 0.11239635E+00
 0.11603141E+00
 0.11969846E+00
 0.12339901E+00
 0.12713457E+00
 0.13090658E+00
 0.13471646E+00
 0.13856561E+00
 0.14245543E+00
 0.14638760E+00
 0.15036425E+00
 0.15438756E+00
 0.15845973E+00
 0.16258295E+00
 0.16675942E+00
 0.17099134E+00
 0.17528092E+00
 0.17963049E+00
 0.18404246E+00
 0.18851925E+00
 0.19306349E+00
 0.19767866E+00
 0.20236843E+00
 0.20713646E+00
 0.21198624E+00
 0.21692112E+00
 0.22194446E+00
 0.22705998E+00
 0.23227187E+00
 0.23758436E+00
 0.24300235E+00
 0.24853167E+00
 0.25417820E+00
 0.25994755E+00
 0.26584503E+00
 0.27187606E+00
 0.27804698E+00
 0.28436455E+00
 0.29083632E+00
 0.29747138E+00
 0.30427889E+00
 0.31126760E+00
 0.31844609E+00
 0.32582350E+00
 0.33340945E+00
 0.34121562E+00
 0.34925592E+00
 0.35754422E+00
 0.36609424E+00
 0.37491933E+00
 0.38403301E+00
 0.39345203E+00
 0.40319535E+00
 0.41328369E+00
 0.42373787E+00
 0.43457837E+00
 0.44582550E+00
 0.45750335E+00
 0.46964021E+00
 0.48226592E+00
 0.49541027E+00
 0.50910242E+00
 0.52337366E+00
 0.53826082E+00
 0.55380431E+00
 0.57004401E+00
 0.58702001E+00
 0.60477366E+00
 0.62335181E+00
 0.64280370E+00
 0.66317841E+00
 0.68452506E+00
 0.70689317E+00
 0.73033289E+00
 0.75489448E+00
 0.78062831E+00
 0.80758110E+00
 0.83578898E+00
 0.86528542E+00
 0.89610394E+00
 0.92827066E+00
 0.96178426E+00
 0.99663546E+00
 0.10328151E+01
 0.10702999E+01
 0.11090258E+01
 0.11489197E+01
 0.11899084E+01
 0.12318990E+01
 0.12747617E+01
 0.13183625E+01
 0.13625668E+01
 0.14072282E+01
 0.14521868E+01
 0.14972819E+01
 0.15423536E+01
 0.15872541E+01
 0.16318459E+01
 0.16759917E+01
 0.17195557E+01
 0.17624332E+01
 0.18045440E+01
 0.18458087E+01
 0.18861476E+01
 0.19255062E+01
 0.19638625E+01
 0.20011965E+01
 0.20374883E+01
 0.20727233E+01
 0.21069107E+01
 0.21400702E+01
 0.21722206E+01
 0.22033808E+01
 0.22335728E+01
 0.22628274E+01
 0.22911786E+01
 0.23186601E+01
 0.23453056E+01
 0.23711487E+01
 0.23962227E+01
 0.24205606E+01
 0.24441955E+01
 0.24671602E+01
 0.24894880E+01
 0.25112111E+01
 0.25323580E+01
 0.25529550E+01
 0.25730285E+01
 0.25926047E+01
 0.26117101E+01
 0.26303710E+01
 0.26486110E+01
 0.26664502E+01
 0.26839075E+01
 0.27010024E+01
 0.27177536E+01
 0.27341806E+01
 0.27503026E+01
 0.27661370E+01
 0.27816987E+01
 0.27970008E+01
 0.28120570E+01
 0.28268810E+01
 0.28414862E+01
 0.28558864E+01
 0.28700951E+01
 0.28841243E+01
 0.28979843E+01
 0.29116849E+01
 0.29252359E+01
 0.29386476E+01
 0.29519295E+01
 0.29650917E+01
 0.29781443E+01
 0.29910964E+01
 0.30039565E+01
 0.30167324E+01
 0.30294321E+01
 0.30420634E+01
 0.30546343E+01
 0.30671526E+01
 0.30796263E+01
 0.30920632E+01
 0.31044710E+01
 0.31168570E+01
 0.31292285E+01
 0.31415927E+01
 0.31539568E+01
 0.31663283E+01
 0.31787143E+01
 0.31911221E+01
 0.32035590E+01
 0.32160327E+01
 0.32285510E+01
 0.32411219E+01
 0.32537532E+01
 0.32664529E+01
 0.32792288E+01
 0.32920889E+01
 0.33050410E+01
 0.33180936E+01
 0.33312558E+01
 0.33445377E+01
 0.33579494E+01
 0.33715004E+01
 0.33852010E+01
 0.33990610E+01
 0.34130902E+01
 0.34272989E+01
 0.34416991E+01
 0.34563043E+01
 0.34711284E+01
 0.34861845E+01
 0.35014867E+01
 0.35170483E+01
 0.35328827E+01
 0.35490047E+01
 0.35654317E+01
 0.35821829E+01
 0.35992778E+01
 0.36167351E+01
 0.36345744E+01
 0.36528144E+01
 0.36714752E+01
 0.36905806E+01
 0.37101568E+01
 0.37302303E+01
 0.37508273E+01
 0.37719742E+01
 0.37936973E+01
 0.38160251E+01
 0.38389898E+01
 0.38626247E+01
 0.38869626E+01
 0.39120366E+01
 0.39378797E+01
 0.39645252E+01
 0.39920067E+01
 0.40203579E+01
 0.40496125E+01
 0.40798046E+01
 0.41109647E+01
 0.41431152E+01
 0.41762746E+01
 0.42104620E+01
 0.42456970E+01
 0.42819888E+01
 0.43193228E+01
 0.43576791E+01
 0.43970377E+01
 0.44373766E+01
 0.44786413E+01
 0.45207521E+01
 0.45636296E+01
 0.46071936E+01
 0.46513394E+01
 0.46959312E+01
 0.47408317E+01
 0.47859034E+01
 0.48309985E+01
 0.48759571E+01
 0.49206185E+01
 0.49648228E+01
 0.50084236E+01
 0.50512863E+01
 0.50932769E+01
 0.51342656E+01
 0.51741595E+01
 0.52128854E+01
 0.52503703E+01
 0.52865498E+01
 0.53214010E+01
 0.53549146E+01
 0.53870814E+01
 0.54178999E+01
 0.54473963E+01
 0.54756042E+01
 0.55025570E+01
 0.55282908E+01
 0.55528524E+01
 0.55762921E+01
 0.55986602E+01
 0.56200069E+01
 0.56403816E+01
 0.56598335E+01
 0.56784116E+01
 0.56961653E+01
 0.57131413E+01
 0.57293810E+01
 0.57449245E+01
 0.57598116E+01
 0.57740829E+01
 0.57877750E+01
 0.58009194E+01
 0.58135451E+01
 0.58256820E+01
 0.58373598E+01
 0.58486069E+01
 0.58594474E+01
 0.58699016E+01
 0.58799900E+01
 0.58897333E+01
 0.58991523E+01
 0.59082660E+01
 0.59170911E+01
 0.59256411E+01
 0.59339294E+01
 0.59419697E+01
 0.59497759E+01
 0.59573618E+01
 0.59647392E+01
 0.59719177E+01
 0.59789064E+01
 0.59857139E+01
 0.59923490E+01
 0.59988208E+01
 0.60051383E+01
 0.60113092E+01
 0.60173403E+01
 0.60232378E+01
 0.60290071E+01
 0.60346536E+01
 0.60401830E+01
 0.60456009E+01
 0.60509134E+01
 0.60561253E+01
 0.60612408E+01
 0.60662642E+01
 0.60711991E+01
 0.60760488E+01
 0.60808169E+01
 0.60855066E+01
 0.60901218E+01
 0.60946661E+01
 0.60991428E+01
 0.61035548E+01
 0.61079044E+01
 0.61121940E+01
 0.61164259E+01
 0.61206024E+01
 0.61247256E+01
 0.61287977E+01
 0.61328211E+01
 0.61367977E+01
 0.61407299E+01
 0.61446197E+01
 0.61484688E+01
 0.61522787E+01
 0.61560507E+01
 0.61597863E+01
 0.61634868E+01
 0.61671539E+01
 0.61707890E+01
 0.61743935E+01
 0.61779690E+01
 0.61815167E+01
 0.61850378E+01
 0.61885336E+01
 0.61920053E+01
 0.61954538E+01
 0.61988803E+01
 0.62022855E+01
 0.62056705E+01
 0.62090362E+01
 0.62123838E+01
 0.62157141E+01
 0.62190282E+01
 0.62223272E+01
 0.62256119E+01
 0.62288832E+01
 0.62321418E+01
 0.62353884E+01
 0.62386240E+01
 0.62418493E+01
 0.62450651E+01
 0.62482720E+01
 0.62514710E+01
 0.62546627E+01
 0.62578479E+01
 0.62610274E+01
 0.62642019E+01
 0.62673721E+01
 0.62705389E+01
 0.62737030E+01
 0.62768649E+01
 0.62800254E+01
 0.62831853E+01
