 201    1
   0.0000000000000000e+00   1.0000000000000000e+00
   5.0000000000000001e-03   9.9995250000000002e-01
   1.0000000000000000e-02   9.9981047619047614e-01
   1.4999999999999999e-02   9.9957464285714293e-01
   2.0000000000000000e-02   9.9924571428571418e-01
   2.5000000000000001e-02   9.9882440476190459e-01
   2.9999999999999999e-02   9.9831142857142852e-01
   3.5000000000000003e-02   9.9770750000000008e-01
   4.0000000000000001e-02   9.9701333333333331e-01
   4.4999999999999998e-02   9.9622964285714277e-01
   5.0000000000000003e-02   9.9535714285714294e-01
   5.5000000000000000e-02   9.9439654761904761e-01
   5.9999999999999998e-02   9.9334857142857136e-01
   6.5000000000000002e-02   9.9221392857142854e-01
   7.0000000000000007e-02   9.9099333333333328e-01
   7.4999999999999997e-02   9.8968750000000005e-01
   8.0000000000000002e-02   9.8829714285714276e-01
   8.5000000000000006e-02   9.8682297619047610e-01
   8.9999999999999997e-02   9.8526571428571430e-01
   9.5000000000000001e-02   9.8362607142857139e-01
   1.0000000000000001e-01   9.8190476190476184e-01
   1.0500000000000000e-01   9.8010249999999988e-01
   1.1000000000000000e-01   9.7821999999999998e-01
   1.1500000000000000e-01   9.7625797619047605e-01
   1.2000000000000000e-01   9.7421714285714267e-01
   1.2500000000000000e-01   9.7209821428571430e-01
   1.3000000000000000e-01   9.6990190476190474e-01
   1.3500000000000001e-01   9.6762892857142857e-01
   1.4000000000000001e-01   9.6527999999999992e-01
   1.4499999999999999e-01   9.6285583333333336e-01
   1.4999999999999999e-01   9.6035714285714280e-01
   1.5500000000000000e-01   9.5778464285714282e-01
   1.6000000000000000e-01   9.5513904761904755e-01
   1.6500000000000001e-01   9.5242107142857135e-01
   1.7000000000000001e-01   9.4963142857142868e-01
   1.7499999999999999e-01   9.4677083333333323e-01
   1.7999999999999999e-01   9.4384000000000001e-01
   1.8500000000000000e-01   9.4083964285714283e-01
   1.9000000000000000e-01   9.3777047619047615e-01
   1.9500000000000001e-01   9.3463321428571433e-01
   2.0000000000000001e-01   9.3142857142857138e-01
   2.0499999999999999e-01   9.2815726190476189e-01
   2.0999999999999999e-01   9.2481999999999998e-01
   2.1500000000000000e-01   9.2141750000000000e-01
   2.2000000000000000e-01   9.1795047619047621e-01
   2.2500000000000001e-01   9.1441964285714283e-01
   2.3000000000000001e-01   9.1082571428571435e-01
   2.3499999999999999e-01   9.0716940476190489e-01
   2.3999999999999999e-01   9.0345142857142857e-01
   2.4500000000000000e-01   8.9967249999999999e-01
   2.5000000000000000e-01   8.9583333333333337e-01
   2.5500000000000000e-01   8.9193464285714286e-01
   2.6000000000000001e-01   8.8797714285714291e-01
   2.6500000000000001e-01   8.8396154761904766e-01
   2.7000000000000002e-01   8.7988857142857135e-01
   2.7500000000000002e-01   8.7575892857142867e-01
   2.8000000000000003e-01   8.7157333333333331e-01
   2.8499999999999998e-01   8.6733250000000006e-01
   2.8999999999999998e-01   8.6303714285714284e-01
   2.9499999999999998e-01   8.5868797619047610e-01
   2.9999999999999999e-01   8.5428571428571443e-01
   3.0499999999999999e-01   8.4983107142857139e-01
   3.1000000000000000e-01   8.4532476190476191e-01
   3.1500000000000000e-01   8.4076750000000000e-01
   3.2000000000000001e-01   8.3616000000000001e-01
   3.2500000000000001e-01   8.3150297619047620e-01
   3.3000000000000002e-01   8.2679714285714290e-01
   3.3500000000000002e-01   8.2204321428571425e-01
   3.4000000000000002e-01   8.1724190476190472e-01
   3.4499999999999997e-01   8.1239392857142856e-01
   3.4999999999999998e-01   8.0750000000000000e-01
   3.5499999999999998e-01   8.0256083333333328e-01
   3.5999999999999999e-01   7.9757714285714287e-01
   3.6499999999999999e-01   7.9254964285714291e-01
   3.7000000000000000e-01   7.8747904761904752e-01
   3.7500000000000000e-01   7.8236607142857140e-01
   3.8000000000000000e-01   7.7721142857142866e-01
   3.8500000000000001e-01   7.7201583333333335e-01
   3.9000000000000001e-01   7.6678000000000002e-01
   3.9500000000000002e-01   7.6150464285714292e-01
   4.0000000000000002e-01   7.5619047619047619e-01
   4.0500000000000003e-01   7.5083821428571429e-01
   4.0999999999999998e-01   7.4544857142857146e-01
   4.1499999999999998e-01   7.4002226190476195e-01
   4.1999999999999998e-01   7.3455999999999999e-01
   4.2499999999999999e-01   7.2906249999999995e-01
   4.2999999999999999e-01   7.2353047619047628e-01
   4.3500000000000000e-01   7.1796464285714290e-01
   4.4000000000000000e-01   7.1236571428571438e-01
   4.4500000000000001e-01   7.0673440476190474e-01
   4.5000000000000001e-01   7.0107142857142857e-01
   4.5500000000000002e-01   6.9537749999999998e-01
   4.6000000000000002e-01   6.8965333333333334e-01
   4.6500000000000002e-01   6.8389964285714289e-01
   4.6999999999999997e-01   6.7811714285714286e-01
   4.7499999999999998e-01   6.7230654761904773e-01
   4.7999999999999998e-01   6.6646857142857152e-01
   4.8499999999999999e-01   6.6060392857142858e-01
   4.8999999999999999e-01   6.5471333333333337e-01
   4.9500000000000000e-01   6.4879750000000003e-01
   5.0000000000000000e-01   6.4285714285714290e-01
   5.0500000000000000e-01   6.3689297619047625e-01
   5.1000000000000001e-01   6.3090571428571440e-01
   5.1500000000000001e-01   6.2489607142857151e-01
   5.2000000000000002e-01   6.1886476190476181e-01
   5.2500000000000002e-01   6.1281250000000009e-01
   5.3000000000000003e-01   6.0673999999999995e-01
   5.3500000000000003e-01   6.0064797619047627e-01
   5.4000000000000004e-01   5.9453714285714288e-01
   5.4500000000000004e-01   5.8840821428571433e-01
   5.5000000000000004e-01   5.8226190476190476e-01
   5.5500000000000005e-01   5.7609892857142853e-01
   5.6000000000000005e-01   5.6991999999999998e-01
   5.6499999999999995e-01   5.6372583333333337e-01
   5.6999999999999995e-01   5.5751714285714293e-01
   5.7499999999999996e-01   5.5129464285714302e-01
   5.7999999999999996e-01   5.4505904761904767e-01
   5.8499999999999996e-01   5.3881107142857154e-01
   5.8999999999999997e-01   5.3255142857142868e-01
   5.9499999999999997e-01   5.2628083333333331e-01
   5.9999999999999998e-01   5.2000000000000002e-01
   6.0499999999999998e-01   5.1370964285714282e-01
   6.0999999999999999e-01   5.0741047619047619e-01
   6.1499999999999999e-01   5.0110321428571436e-01
   6.2000000000000000e-01   4.9478857142857141e-01
   6.2500000000000000e-01   4.8846726190476192e-01
   6.3000000000000000e-01   4.8213999999999996e-01
   6.3500000000000001e-01   4.7580749999999999e-01
   6.4000000000000001e-01   4.6947047619047616e-01
   6.4500000000000002e-01   4.6312964285714281e-01
   6.5000000000000002e-01   4.5678571428571418e-01
   6.5500000000000003e-01   4.5043940476190469e-01
   6.6000000000000003e-01   4.4409142857142847e-01
   6.6500000000000004e-01   4.3774249999999998e-01
   6.7000000000000004e-01   4.3139333333333324e-01
   6.7500000000000004e-01   4.2504464285714277e-01
   6.8000000000000005e-01   4.1869714285714271e-01
   6.8500000000000005e-01   4.1235154761904758e-01
   6.8999999999999995e-01   4.0600857142857150e-01
   6.9499999999999995e-01   3.9966892857142861e-01
   6.9999999999999996e-01   3.9333333333333337e-01
   7.0499999999999996e-01   3.8700250000000008e-01
   7.0999999999999996e-01   3.8067714285714283e-01
   7.1499999999999997e-01   3.7435797619047623e-01
   7.1999999999999997e-01   3.6804571428571431e-01
   7.2499999999999998e-01   3.6174107142857131e-01
   7.2999999999999998e-01   3.5544476190476199e-01
   7.3499999999999999e-01   3.4915750000000001e-01
   7.3999999999999999e-01   3.4288000000000002e-01
   7.4500000000000000e-01   3.3661297619047614e-01
   7.5000000000000000e-01   3.3035714285714285e-01
   7.5500000000000000e-01   3.2411321428571421e-01
   7.6000000000000001e-01   3.1788190476190475e-01
   7.6500000000000001e-01   3.1166392857142861e-01
   7.7000000000000002e-01   3.0546000000000001e-01
   7.7500000000000002e-01   2.9927083333333321e-01
   7.8000000000000003e-01   2.9309714285714278e-01
   7.8500000000000003e-01   2.8693964285714280e-01
   7.9000000000000004e-01   2.8079904761904745e-01
   7.9500000000000004e-01   2.7467607142857142e-01
   8.0000000000000004e-01   2.6857142857142841e-01
   8.0500000000000005e-01   2.6248583333333331e-01
   8.1000000000000005e-01   2.5641999999999976e-01
   8.1499999999999995e-01   2.5037464285714278e-01
   8.1999999999999995e-01   2.4435047619047626e-01
   8.2499999999999996e-01   2.3834821428571437e-01
   8.2999999999999996e-01   2.3236857142857142e-01
   8.3499999999999996e-01   2.2641226190476191e-01
   8.3999999999999997e-01   2.2048000000000009e-01
   8.4499999999999997e-01   2.1457250000000014e-01
   8.4999999999999998e-01   2.0869047619047626e-01
   8.5499999999999998e-01   2.0283464285714300e-01
   8.5999999999999999e-01   1.9700571428571437e-01
   8.6499999999999999e-01   1.9120440476190462e-01
   8.7000000000000000e-01   1.8543142857142847e-01
   8.7500000000000000e-01   1.7968749999999997e-01
   8.8000000000000000e-01   1.7397333333333342e-01
   8.8500000000000001e-01   1.6828964285714268e-01
   8.9000000000000001e-01   1.6263714285714284e-01
   8.9500000000000002e-01   1.5701654761904760e-01
   9.0000000000000002e-01   1.5142857142857138e-01
   9.0500000000000003e-01   1.4587392857142853e-01
   9.1000000000000003e-01   1.4035333333333330e-01
   9.1500000000000004e-01   1.3486749999999986e-01
   9.2000000000000004e-01   1.2941714285714281e-01
   9.2500000000000004e-01   1.2400297619047611e-01
   9.3000000000000005e-01   1.1862571428571417e-01
   9.3500000000000005e-01   1.1328607142857133e-01
   9.3999999999999995e-01   1.0798476190476190e-01
   9.4499999999999995e-01   1.0272249999999994e-01
   9.4999999999999996e-01   9.7499999999999948e-02
   9.5499999999999996e-01   9.2317976190476103e-02
   9.5999999999999996e-01   8.7177142857142773e-02
   9.6499999999999997e-01   8.2078214285714240e-02
   9.6999999999999997e-01   7.7021904761904805e-02
   9.7499999999999998e-01   7.2008928571428613e-02
   9.7999999999999998e-01   6.7040000000000072e-02
   9.8499999999999999e-01   6.2115833333333245e-02
   9.8999999999999999e-01   5.7237142857142931e-02
   9.9500000000000000e-01   5.2404642857142789e-02
   1.0000000000000000e+00   4.7619047619047616e-02
