 201    1
   0.0000000000000000e+00   1.0000000000000000e+00
   5.0000000000000001e-03   9.9998628671731438e-01
   1.0000000000000000e-02   9.9994514686925740e-01
   1.4999999999999999e-02   9.9987658045582950e-01
   2.0000000000000000e-02   9.9978058747703025e-01
   2.5000000000000001e-02   9.9965716793285964e-01
   2.9999999999999999e-02   9.9950632182331811e-01
   3.5000000000000003e-02   9.9932804914840501e-01
   4.0000000000000001e-02   9.9912234990812088e-01
   4.4999999999999998e-02   9.9888922410246572e-01
   5.0000000000000003e-02   9.9862867173143899e-01
   5.5000000000000000e-02   9.9834069279504123e-01
   5.9999999999999998e-02   9.9802528729327222e-01
   6.5000000000000002e-02   9.9768245522613186e-01
   7.0000000000000007e-02   9.9731219659362047e-01
   7.4999999999999997e-02   9.9691451139573783e-01
   8.0000000000000002e-02   9.9648939963248395e-01
   8.5000000000000006e-02   9.9603686130385893e-01
   8.9999999999999997e-02   9.9555689640986245e-01
   9.5000000000000001e-02   9.9504950495049493e-01
   1.0000000000000001e-01   9.9451468692575629e-01
   1.0500000000000000e-01   9.9395244233564628e-01
   1.1000000000000000e-01   9.9336277118016514e-01
   1.1500000000000000e-01   9.9274567345931264e-01
   1.2000000000000000e-01   9.9210114917308900e-01
   1.2500000000000000e-01   9.9142919832149423e-01
   1.3000000000000000e-01   9.9072982090452810e-01
   1.3500000000000001e-01   9.9000301692219084e-01
   1.4000000000000001e-01   9.8924878637448233e-01
   1.4499999999999999e-01   9.8846712926140257e-01
   1.4999999999999999e-01   9.8765804558295167e-01
   1.5500000000000000e-01   9.8682153533912942e-01
   1.6000000000000000e-01   9.8595759852993603e-01
   1.6500000000000001e-01   9.8506623515537151e-01
   1.7000000000000001e-01   9.8414744521543573e-01
   1.7499999999999999e-01   9.8320122871012861e-01
   1.7999999999999999e-01   9.8222758563945034e-01
   1.8500000000000000e-01   9.8122651600340094e-01
   1.9000000000000000e-01   9.8019801980198018e-01
   1.9500000000000001e-01   9.7914209703518829e-01
   2.0000000000000001e-01   9.7805874770302514e-01
   2.0499999999999999e-01   9.7694797180549087e-01
   2.0999999999999999e-01   9.7580976934258523e-01
   2.1500000000000000e-01   9.7464414031430846e-01
   2.2000000000000000e-01   9.7345108472066033e-01
   2.2500000000000001e-01   9.7223060256164118e-01
   2.3000000000000001e-01   9.7098269383725078e-01
   2.3499999999999999e-01   9.6970735854748913e-01
   2.3999999999999999e-01   9.6840459669235623e-01
   2.4500000000000000e-01   9.6707440827185209e-01
   2.5000000000000000e-01   9.6571679328597682e-01
   2.5500000000000000e-01   9.6433175173473029e-01
   2.6000000000000001e-01   9.6291928361811252e-01
   2.6500000000000001e-01   9.6147938893612350e-01
   2.7000000000000002e-01   9.6001206768876335e-01
   2.7500000000000002e-01   9.5851731987603195e-01
   2.8000000000000003e-01   9.5699514549792930e-01
   2.8499999999999998e-01   9.5544554455445541e-01
   2.8999999999999998e-01   9.5386851704561038e-01
   2.9499999999999998e-01   9.5226406297139410e-01
   2.9999999999999999e-01   9.5063218233180657e-01
   3.0499999999999999e-01   9.4897287512684780e-01
   3.1000000000000000e-01   9.4728614135651790e-01
   3.1500000000000000e-01   9.4557198102081674e-01
   3.2000000000000001e-01   9.4383039411974434e-01
   3.2500000000000001e-01   9.4206138065330081e-01
   3.3000000000000002e-01   9.4026494062148602e-01
   3.3500000000000002e-01   9.3844107402429999e-01
   3.4000000000000002e-01   9.3658978086174272e-01
   3.4499999999999997e-01   9.3471106113381419e-01
   3.4999999999999998e-01   9.3280491484051453e-01
   3.5499999999999998e-01   9.3087134198184363e-01
   3.5999999999999999e-01   9.2891034255780158e-01
   3.6499999999999999e-01   9.2692191656838807e-01
   3.7000000000000000e-01   9.2490606401360353e-01
   3.7500000000000000e-01   9.2286278489344775e-01
   3.8000000000000000e-01   9.2079207920792072e-01
   3.8500000000000001e-01   9.1869394695702256e-01
   3.9000000000000001e-01   9.1656838814075303e-01
   3.9500000000000002e-01   9.1441540275911248e-01
   4.0000000000000002e-01   9.1223499081210058e-01
   4.0500000000000003e-01   9.1002715229971753e-01
   4.0999999999999998e-01   9.0779188722196313e-01
   4.1499999999999998e-01   9.0552919557883771e-01
   4.1999999999999998e-01   9.0323907737034093e-01
   4.2499999999999999e-01   9.0092153259647290e-01
   4.2999999999999999e-01   8.9857656125723373e-01
   4.3500000000000000e-01   8.9620416335262332e-01
   4.4000000000000000e-01   8.9380433888264177e-01
   4.4500000000000001e-01   8.9137708784728886e-01
   4.5000000000000001e-01   8.8892241024656482e-01
   4.5500000000000002e-01   8.8644030608046953e-01
   4.6000000000000002e-01   8.8393077534900300e-01
   4.6500000000000002e-01   8.8139381805216532e-01
   4.6999999999999997e-01   8.7882943418995640e-01
   4.7499999999999998e-01   8.7623762376237624e-01
   4.7999999999999998e-01   8.7361838676942483e-01
   4.8499999999999999e-01   8.7097172321110228e-01
   4.8999999999999999e-01   8.6829763308740848e-01
   4.9500000000000000e-01   8.6559611639834333e-01
   5.0000000000000000e-01   8.6286717314390715e-01
   5.0500000000000000e-01   8.6011080332409973e-01
   5.1000000000000001e-01   8.5732700693892105e-01
   5.1500000000000001e-01   8.5451578398837114e-01
   5.2000000000000002e-01   8.5167713447244997e-01
   5.2500000000000002e-01   8.4881105839115756e-01
   5.3000000000000003e-01   8.4591755574449412e-01
   5.3500000000000003e-01   8.4299662653245933e-01
   5.4000000000000004e-01   8.4004827075505328e-01
   5.4500000000000004e-01   8.3707248841227611e-01
   5.5000000000000004e-01   8.3406927950412768e-01
   5.5500000000000005e-01   8.3103864403060801e-01
   5.6000000000000005e-01   8.2798058199171720e-01
   5.6499999999999995e-01   8.2489509338745515e-01
   5.6999999999999995e-01   8.2178217821782185e-01
   5.7499999999999996e-01   8.1864183648281730e-01
   5.7999999999999996e-01   8.1547406818244150e-01
   5.8499999999999996e-01   8.1227887331669457e-01
   5.8999999999999997e-01   8.0905625188557639e-01
   5.9499999999999997e-01   8.0580620388908697e-01
   5.9999999999999998e-01   8.0252872932722641e-01
   6.0499999999999998e-01   7.9922382819999460e-01
   6.0999999999999999e-01   7.9589150050739144e-01
   6.1499999999999999e-01   7.9253174624941725e-01
   6.2000000000000000e-01   7.8914456542607170e-01
   6.2500000000000000e-01   7.8572995803735501e-01
   6.3000000000000000e-01   7.8228792408326697e-01
   6.3500000000000001e-01   7.7881846356380779e-01
   6.4000000000000001e-01   7.7532157647897748e-01
   6.4500000000000002e-01   7.7179726282877592e-01
   6.5000000000000002e-01   7.6824552261320311e-01
   6.5500000000000003e-01   7.6466635583225917e-01
   6.6000000000000003e-01   7.6105976248594387e-01
   6.6500000000000004e-01   7.5742574257425732e-01
   6.7000000000000004e-01   7.5376429609719964e-01
   6.7500000000000004e-01   7.5007542305477071e-01
   6.8000000000000005e-01   7.4635912344697064e-01
   6.8500000000000005e-01   7.4261539727379922e-01
   6.8999999999999995e-01   7.3884424453525699e-01
   6.9499999999999995e-01   7.3504566523134307e-01
   6.9999999999999996e-01   7.3121965936205813e-01
   7.0499999999999996e-01   7.2736622692740183e-01
   7.0999999999999996e-01   7.2348536792737439e-01
   7.1499999999999997e-01   7.1957708236197582e-01
   7.1999999999999997e-01   7.1564137023120600e-01
   7.2499999999999998e-01   7.1167823153506493e-01
   7.2999999999999998e-01   7.0768766627355262e-01
   7.3499999999999999e-01   7.0366967444666895e-01
   7.3999999999999999e-01   6.9962425605441436e-01
   7.4500000000000000e-01   6.9555141109678842e-01
   7.5000000000000000e-01   6.9145113957379112e-01
   7.5500000000000000e-01   6.8732344148542279e-01
   7.6000000000000001e-01   6.8316831683168311e-01
   7.6500000000000001e-01   6.7898576561257229e-01
   7.7000000000000002e-01   6.7477578782809022e-01
   7.7500000000000002e-01   6.7053838347823702e-01
   7.8000000000000003e-01   6.6627355256301246e-01
   7.8500000000000003e-01   6.6198129508241677e-01
   7.9000000000000004e-01   6.5766161103644982e-01
   7.9500000000000004e-01   6.5331450042511174e-01
   8.0000000000000004e-01   6.4893996324840231e-01
   8.0500000000000005e-01   6.4453799950632173e-01
   8.1000000000000005e-01   6.4010860919886992e-01
   8.1499999999999995e-01   6.3565179232604696e-01
   8.1999999999999995e-01   6.3116754888785276e-01
   8.2499999999999996e-01   6.2665587888428731e-01
   8.2999999999999996e-01   6.2211678231535061e-01
   8.3499999999999996e-01   6.1755025918104278e-01
   8.3999999999999997e-01   6.1295630948136370e-01
   8.4499999999999997e-01   6.0833493321631338e-01
   8.4999999999999998e-01   6.0368613038589169e-01
   8.5499999999999998e-01   5.9900990099009899e-01
   8.5999999999999999e-01   5.9430624502893503e-01
   8.6499999999999999e-01   5.8957516250239972e-01
   8.7000000000000000e-01   5.8481665341049338e-01
   8.7500000000000000e-01   5.8003071775321569e-01
   8.8000000000000000e-01   5.7521735553056685e-01
   8.8500000000000001e-01   5.7037656674254689e-01
   8.9000000000000001e-01   5.6550835138915545e-01
   8.9500000000000002e-01   5.6061270947039288e-01
   9.0000000000000002e-01   5.5568964098625928e-01
   9.0500000000000003e-01   5.5073914593675433e-01
   9.1000000000000003e-01   5.4576122432187801e-01
   9.1500000000000004e-01   5.4075587614163068e-01
   9.2000000000000004e-01   5.3572310139601209e-01
   9.2500000000000004e-01   5.3066290008502226e-01
   9.3000000000000005e-01   5.2557527220866129e-01
   9.3500000000000005e-01   5.2046021776692908e-01
   9.3999999999999995e-01   5.1531773675982562e-01
   9.4499999999999995e-01   5.1014782918735091e-01
   9.4999999999999996e-01   5.0495049504950495e-01
   9.5499999999999996e-01   4.9482748690381501e-01
   9.5999999999999996e-01   4.7509064479855179e-01
   9.6499999999999997e-01   4.4605756836071414e-01
   9.6999999999999997e-01   4.0804914840514517e-01
   9.7499999999999998e-01   3.6138956693453272e-01
   9.7999999999999998e-01   3.0640629713940920e-01
   9.8499999999999999e-01   2.4343010339815141e-01
   9.8999999999999999e-01   1.7279504127698084e-01
   9.9500000000000000e-01   9.4838457529963463e-02
   1.0000000000000000e+00   9.9009900990099011e-03
